Id,casualty_severity
134951, 3
412163, 3
416093, 3
181732, 3
437085, 3
512989, 3
355374, 3
251819, 3
145353, 3
430575, 3
501786, 3
476900, 3
120128, 3
217961, 3
437136, 3
251504, 3
24627, 3
611730, 3
514231, 3
88456, 3
141914, 3
467737, 3
65876, 3
615834, 3
648115, 3
537339, 3
309737, 3
398941, 3
553190, 3
283372, 3
244101, 3
651479, 3
192056, 2
117605, 3
626845, 3
516786, 3
243751, 3
231376, 3
349930, 1
484293, 3
371118, 3
268309, 2
585053, 3
422128, 3
556378, 3
138325, 3
364296, 3
176802, 3
641144, 3
56482, 3
178920, 3
209729, 3
136436, 3
388970, 3
655667, 3
472539, 3
57289, 3
115460, 3
373658, 3
38475, 3
512877, 2
280932, 3
197200, 3
157426, 3
120950, 3
585529, 3
316504, 3
440939, 3
298141, 2
9606, 3
592042, 1
158726, 3
549766, 3
200807, 3
179583, 3
288752, 3
602344, 3
81301, 3
109897, 2
651208, 3
312200, 3
62826, 3
528726, 3
610231, 3
327088, 3
290052, 3
193064, 3
119729, 3
401157, 3
562921, 3
491835, 3
535053, 3
458317, 3
147585, 3
556261, 3
269368, 3
115111, 3
349990, 3
562482, 3
505685, 3
432380, 3
19350, 3
553884, 3
130056, 3
441611, 2
557118, 3
290025, 3
98533, 3
396558, 3
453465, 3
89734, 3
419772, 3
163494, 3
5877, 3
379454, 3
212802, 1
252053, 3
219644, 3
45925, 3
502003, 3
65168, 3
119586, 3
115755, 3
501085, 3
404341, 3
252329, 3
662376, 3
652042, 3
226849, 3
231904, 3
312524, 1
113966, 3
595775, 3
240032, 3
656721, 3
126269, 3
641159, 3
586878, 3
318413, 3
80074, 3
207027, 3
239946, 3
418977, 3
636620, 3
86393, 3
449872, 3
265592, 3
106952, 3
38751, 3
36372, 3
615939, 3
265559, 3
145050, 3
635445, 3
84632, 3
104010, 3
487329, 3
253789, 3
207035, 3
21699, 3
113254, 3
604739, 3
396766, 3
33936, 3
429950, 3
633037, 3
146995, 3
263548, 3
636711, 3
100975, 3
629145, 3
216774, 3
156144, 3
567817, 3
610480, 3
651603, 3
417345, 3
454689, 3
539166, 3
177011, 3
16878, 3
8665, 3
281654, 3
635616, 3
108510, 3
422174, 3
448418, 2
473839, 3
569005, 3
609866, 3
174243, 3
255491, 3
223467, 2
194571, 3
587215, 3
451489, 3
620689, 3
304117, 3
340302, 1
396730, 3
218094, 3
152440, 3
342688, 3
64681, 3
288307, 3
313201, 3
226429, 3
317334, 3
139480, 3
71583, 3
97953, 3
16828, 3
460653, 3
12596, 3
253661, 3
209894, 3
350156, 3
53872, 3
375490, 3
48275, 3
257652, 3
262564, 3
493913, 3
293022, 3
636852, 3
199500, 3
222715, 3
93027, 3
431496, 3
488734, 3
379876, 3
655360, 3
505422, 3
128220, 3
336492, 3
117053, 3
241496, 3
198386, 3
370046, 3
484956, 3
229862, 3
650828, 1
255122, 2
568814, 3
370008, 3
527316, 3
384297, 3
265255, 3
603852, 3
432520, 3
586670, 3
411618, 3
628044, 3
247294, 3
663407, 3
183156, 3
158971, 3
381505, 3
140831, 2
454868, 3
115210, 3
555237, 3
367465, 3
517145, 3
347127, 1
35795, 3
341845, 3
107541, 3
418561, 3
45533, 3
15658, 3
134674, 3
65777, 3
271902, 3
409015, 3
656256, 3
656103, 3
156397, 3
381018, 3
212918, 3
245857, 3
277584, 3
370317, 3
468006, 3
517836, 3
242082, 3
352695, 3
447256, 3
657659, 3
77251, 3
484052, 3
447891, 3
4914, 3
272465, 3
432404, 3
17490, 3
62444, 3
122797, 3
426682, 3
359813, 3
433047, 3
486199, 3
309862, 1
400748, 3
558635, 3
567678, 3
491799, 3
60030, 3
659282, 3
365930, 3
357904, 3
505621, 2
607727, 3
248268, 3
151124, 3
255111, 3
605924, 3
162113, 3
126140, 3
344995, 3
87664, 3
419985, 3
230136, 3
647189, 3
434251, 3
215618, 3
388352, 3
404755, 3
10616, 3
268872, 3
288236, 2
238736, 3
511688, 3
264361, 2
89025, 3
509555, 3
329058, 3
130122, 3
632216, 3
262632, 3
285823, 3
612705, 3
287423, 3
579267, 2
113216, 3
448342, 3
348416, 3
501526, 3
332612, 1
553475, 3
100746, 3
472403, 3
184539, 3
493623, 3
643432, 3
343894, 3
507093, 3
479320, 3
91943, 3
399219, 3
348682, 3
546886, 3
302145, 3
507290, 3
75057, 3
80566, 3
346181, 3
107346, 3
314030, 3
60139, 3
563715, 1
146558, 3
506985, 3
226177, 3
118506, 3
342233, 3
315205, 3
334433, 3
408250, 3
595551, 1
7741, 2
274447, 3
217802, 3
52418, 3
242640, 3
225678, 3
98210, 3
517260, 3
626361, 3
375836, 3
79165, 3
230253, 3
66075, 3
521878, 3
235656, 3
48328, 3
608768, 3
279893, 3
40238, 3
390034, 2
552869, 3
253307, 3
568685, 3
335542, 3
191993, 3
46562, 3
84094, 3
296927, 3
208677, 3
259610, 3
395513, 3
578784, 3
491055, 3
402823, 3
117508, 3
119284, 3
616226, 3
484844, 3
388565, 3
381331, 1
313110, 3
404705, 3
474375, 3
131281, 3
150000, 3
233758, 3
550589, 3
89985, 3
419131, 3
647169, 3
442404, 3
540553, 3
632368, 3
93319, 3
148728, 2
113374, 3
68212, 3
614226, 3
254834, 1
580264, 3
72216, 3
460114, 3
295851, 3
67418, 3
234396, 3
498007, 3
265020, 3
16424, 3
94733, 3
99543, 3
241859, 3
408959, 3
444743, 3
619445, 3
44429, 3
415185, 3
421257, 3
96825, 3
544478, 3
503908, 3
260280, 3
175982, 3
213417, 3
303963, 3
198750, 3
447971, 3
382588, 3
546148, 3
545484, 3
613065, 3
424655, 3
617938, 3
432282, 3
132512, 3
424785, 3
199039, 3
29762, 3
634583, 3
601565, 3
162145, 3
391363, 3
198773, 3
150360, 3
465781, 3
33220, 3
368030, 3
50637, 3
222537, 3
156518, 3
275218, 3
478256, 3
561894, 3
113938, 3
130241, 3
516946, 3
444302, 3
603750, 3
575539, 2
655687, 3
304763, 3
269747, 3
502106, 3
268498, 3
655523, 3
34920, 3
177834, 3
282606, 3
254224, 3
418825, 3
429379, 3
10857, 3
423975, 3
459076, 3
124315, 3
453226, 3
229835, 3
161493, 3
200627, 3
649163, 3
182200, 3
93855, 3
110926, 3
565249, 2
650194, 3
281914, 3
289254, 3
533467, 3
253530, 3
452176, 3
428158, 3
222147, 3
192098, 3
539394, 3
92527, 3
655838, 3
402615, 3
326281, 3
19114, 3
665236, 3
20461, 3
444889, 3
572158, 3
194752, 3
159705, 3
607290, 3
66085, 3
271837, 3
639371, 3
191708, 3
9343, 3
287564, 3
346962, 3
657397, 3
27438, 3
152659, 3
187447, 2
608928, 3
434075, 3
144566, 3
316733, 3
647279, 3
438619, 3
365132, 3
486187, 3
369507, 3
134734, 3
614667, 3
558320, 3
198615, 3
475303, 3
402209, 3
451795, 3
597001, 1
68060, 3
466189, 3
262424, 3
596419, 1
140343, 3
397664, 3
461136, 3
442513, 3
27004, 3
209028, 3
53132, 3
108087, 3
432013, 3
622735, 3
218623, 3
233359, 3
320329, 2
194209, 3
58588, 3
195989, 3
178402, 3
262393, 1
645047, 3
108947, 3
123309, 3
497376, 3
614349, 3
283461, 3
355714, 3
646672, 3
9784, 3
602543, 3
465239, 3
15773, 3
516923, 3
656772, 3
243407, 3
647998, 2
613481, 3
246753, 3
504278, 3
584612, 3
568222, 3
340961, 3
71103, 3
582204, 3
118518, 3
277644, 3
583941, 3
404420, 3
180838, 3
517833, 3
280320, 3
126523, 3
492711, 3
661423, 3
99805, 3
612931, 3
648990, 3
589404, 3
184043, 3
514946, 3
141225, 3
498853, 3
172969, 3
195905, 3
170718, 3
558361, 3
8951, 3
372409, 3
52519, 3
355176, 3
315571, 3
557499, 3
303489, 3
3457, 3
38390, 3
325634, 3
540131, 3
636690, 3
361425, 3
262140, 3
81276, 3
205752, 3
645438, 2
297489, 3
269235, 3
519866, 3
414362, 3
368574, 2
460428, 3
616248, 3
324061, 3
24803, 3
413366, 3
285467, 3
476481, 3
28368, 3
423606, 3
95855, 3
178934, 3
512549, 3
449414, 3
233918, 3
356465, 3
639071, 3
478447, 3
601596, 3
246318, 2
573159, 3
353767, 3
132009, 3
110077, 3
526030, 3
17294, 3
179592, 3
48008, 3
587600, 3
34288, 3
151281, 3
349470, 3
227843, 3
161710, 3
346791, 3
158333, 3
202501, 3
237460, 3
197859, 3
658105, 2
613427, 3
405977, 3
545863, 3
248996, 3
263868, 2
259145, 3
415755, 3
510141, 3
612493, 3
624468, 3
560140, 3
276004, 3
231065, 3
238633, 3
77555, 3
301699, 3
402150, 3
26048, 3
507572, 3
414467, 3
518174, 3
408844, 3
574046, 2
544615, 3
4672, 3
489801, 3
137010, 3
60190, 3
86705, 3
112380, 3
278994, 3
238254, 3
637211, 3
594034, 3
427654, 3
440035, 3
514556, 3
88775, 3
398171, 3
618361, 3
172315, 3
158406, 3
251828, 3
488331, 3
304140, 3
162931, 3
515059, 3
423371, 3
144169, 3
435400, 3
351690, 2
323233, 3
378321, 3
89124, 3
440837, 3
219520, 3
158978, 3
404854, 3
305082, 3
28929, 3
370849, 3
158256, 3
123460, 2
642776, 3
582458, 3
576643, 3
5506, 3
91710, 3
203646, 3
1934, 3
246223, 3
123446, 2
172101, 3
136829, 3
536280, 3
393098, 3
233897, 3
333285, 3
130260, 3
162449, 3
552381, 3
201822, 3
93547, 3
554089, 3
639586, 3
146345, 3
661021, 3
403576, 3
593729, 3
379981, 3
648004, 3
32529, 3
417792, 3
102761, 3
609478, 3
459130, 3
619313, 3
370365, 3
615648, 3
104141, 3
345135, 3
106052, 3
521146, 2
1780, 3
164590, 3
513293, 3
71465, 3
537925, 3
564516, 3
590344, 3
9430, 3
623069, 3
336769, 3
139033, 3
19526, 3
145163, 3
465275, 1
414372, 3
610464, 3
562361, 3
549270, 3
515625, 3
83862, 1
633441, 3
572827, 3
410208, 3
212009, 3
586954, 3
19786, 3
436873, 3
269062, 3
381647, 3
388380, 3
76947, 3
433409, 2
207101, 3
100329, 3
161040, 3
351568, 1
354795, 3
637041, 3
346788, 3
644703, 3
342941, 3
342010, 3
90172, 3
498775, 3
521189, 3
98877, 2
630569, 3
362228, 2
492925, 3
613799, 3
436112, 3
361643, 3
565658, 3
237617, 3
473329, 3
306045, 3
299157, 3
452756, 3
558626, 3
561928, 3
109093, 3
623723, 3
517571, 3
526419, 3
638563, 3
9153, 3
295400, 3
476405, 3
517418, 2
634641, 3
222885, 3
424364, 3
287188, 3
58098, 3
93485, 3
267708, 3
340472, 3
396268, 2
328766, 3
179337, 3
634055, 3
411186, 3
196652, 3
139206, 3
357947, 3
76579, 2
613508, 3
46113, 3
68513, 3
117040, 3
126317, 3
144988, 3
469607, 3
92949, 3
249140, 3
614763, 3
296758, 2
523498, 3
174274, 3
503898, 3
305037, 3
523249, 3
55885, 3
567132, 3
363024, 3
248797, 3
620358, 3
573521, 3
376667, 3
297267, 3
469454, 3
12425, 3
287728, 3
398747, 3
543923, 3
382209, 3
363777, 3
386764, 3
620570, 3
595074, 3
392272, 3
26468, 3
480377, 3
192316, 2
477414, 2
196882, 3
316557, 3
263469, 3
24959, 3
307343, 3
505547, 3
530601, 3
222340, 3
485225, 3
401554, 3
449282, 3
572691, 3
377, 3
459663, 3
367746, 3
479440, 3
369139, 3
536645, 3
104786, 3
385774, 3
31329, 3
132384, 3
359724, 2
112697, 3
4175, 3
197459, 3
665256, 3
233038, 3
252407, 3
583025, 3
230635, 3
638808, 3
392367, 3
297798, 3
285336, 3
544118, 3
518040, 3
481966, 3
103106, 3
4752, 3
605378, 3
388987, 3
311711, 3
639385, 3
401991, 3
522064, 3
88287, 3
76267, 3
622314, 3
229191, 3
383181, 3
172437, 3
363257, 3
192441, 3
457498, 3
544529, 3
497584, 3
53854, 3
103243, 3
349461, 3
611374, 3
563014, 3
449866, 3
629806, 3
621680, 3
463230, 3
637557, 3
35197, 3
599230, 3
186200, 3
610686, 3
99939, 3
625152, 1
483802, 3
583094, 3
326438, 3
197952, 3
209635, 3
225184, 3
160513, 3
97598, 3
631132, 3
424399, 3
48433, 3
33297, 3
181794, 3
364536, 3
86864, 3
308668, 3
44785, 3
500607, 3
162068, 3
289045, 3
497016, 3
182241, 3
190417, 3
290092, 3
505676, 3
457449, 3
376374, 3
538362, 3
299909, 3
275426, 3
388146, 3
450001, 3
424299, 3
48201, 3
392579, 1
149478, 3
99073, 3
493858, 3
502250, 3
8203, 3
275573, 3
304217, 3
170806, 3
24165, 3
581356, 3
603877, 3
106387, 3
100199, 3
150872, 3
312186, 3
530028, 3
291057, 3
223935, 3
2852, 3
659603, 3
30771, 3
21456, 3
298594, 3
404602, 3
288168, 3
427351, 3
572604, 3
284952, 3
390039, 3
228865, 3
392300, 3
540341, 3
15101, 3
505214, 3
282417, 3
637690, 3
124702, 3
316932, 3
1442, 3
473098, 2
6839, 3
250443, 3
574031, 3
111661, 3
611113, 3
261832, 3
60909, 3
513406, 3
276127, 3
269102, 3
62020, 3
207654, 3
48054, 3
475871, 3
116736, 2
577201, 3
45986, 3
543580, 3
592929, 3
96366, 3
247469, 3
222704, 3
271537, 3
489390, 3
576575, 3
77628, 3
368213, 3
605966, 3
145431, 3
188407, 3
319204, 3
46579, 3
217078, 3
636140, 3
334621, 3
551008, 3
369104, 3
287638, 3
526671, 1
260485, 3
637371, 3
484567, 3
160261, 3
491644, 3
142597, 3
124773, 3
494046, 3
366013, 3
464275, 3
542128, 3
408592, 3
151868, 3
474897, 3
430400, 3
184636, 3
90103, 3
596385, 3
542565, 3
621943, 3
163583, 3
396332, 3
639233, 3
320513, 3
601689, 3
158557, 3
93322, 3
515559, 3
304497, 3
12465, 2
511706, 3
301451, 2
196069, 3
606528, 2
511489, 3
302906, 3
301389, 3
289501, 3
164954, 3
104852, 3
447409, 3
161025, 3
653880, 3
271413, 3
650309, 3
388162, 2
262661, 3
200308, 3
354696, 3
264190, 3
439610, 3
119296, 3
639696, 3
304171, 3
157527, 3
115382, 3
399368, 3
532816, 3
626179, 3
455645, 3
34088, 3
161154, 3
107342, 3
415025, 3
274994, 3
406015, 3
182956, 3
178757, 3
60412, 3
83880, 3
454577, 3
348213, 3
32246, 3
286068, 3
310068, 3
521447, 3
43858, 3
613063, 3
168472, 3
47820, 3
304693, 3
470784, 3
23093, 3
168152, 3
313054, 3
406347, 3
201512, 3
159190, 3
399329, 3
590786, 3
165736, 3
591263, 3
424559, 3
279646, 3
202239, 3
276567, 3
634623, 3
612275, 3
389789, 3
641647, 3
238044, 3
237945, 3
241485, 3
526371, 3
189841, 3
13493, 3
343435, 2
405752, 3
539372, 1
213917, 3
148420, 3
446460, 3
500903, 3
230787, 3
183814, 2
387919, 3
409661, 3
4911, 3
525256, 3
158961, 2
98403, 3
300219, 3
623450, 3
633, 3
411322, 3
17157, 3
499355, 3
467950, 3
551744, 3
213555, 3
220592, 3
478151, 3
392163, 2
21093, 3
531731, 3
60805, 3
432374, 3
232205, 3
152053, 3
176533, 3
619334, 3
654933, 3
135530, 3
399708, 3
409356, 3
619036, 3
104641, 3
237786, 3
79538, 3
483608, 3
481377, 3
592708, 3
182550, 3
195879, 3
196675, 3
33529, 3
2713, 3
626074, 3
588953, 3
103582, 3
447407, 3
484820, 3
368672, 3
316898, 3
4049, 3
522355, 3
8582, 3
116160, 3
107039, 3
535232, 3
656154, 3
570286, 3
56055, 3
507370, 3
337217, 3
278997, 3
554554, 3
548242, 3
496623, 3
534925, 3
653707, 3
566538, 3
377503, 3
78334, 3
301039, 3
420285, 3
183295, 3
317480, 3
197236, 2
545907, 3
536653, 3
561106, 1
343579, 3
1731, 3
594229, 1
423334, 3
163059, 3
115233, 3
13947, 3
201697, 3
77044, 3
270630, 3
609195, 3
85421, 3
113443, 3
358407, 3
81011, 3
263065, 3
318649, 2
9550, 3
157173, 3
321828, 3
631876, 3
311886, 3
447230, 3
375791, 3
154718, 3
664375, 3
243441, 3
545803, 3
27054, 3
537792, 3
515618, 3
403417, 3
297246, 3
636992, 3
169147, 3
99627, 3
429701, 3
44765, 3
190243, 3
618814, 3
308086, 3
619340, 3
607213, 3
416140, 3
102345, 3
491297, 2
135491, 3
426784, 3
114694, 3
566142, 3
352745, 3
242290, 3
583086, 3
166943, 3
165829, 3
282284, 3
598694, 3
151123, 3
186713, 3
112096, 3
505670, 3
550374, 3
490347, 3
350170, 3
41185, 3
161485, 3
5035, 3
138371, 3
204374, 3
486210, 3
16860, 3
150910, 2
20683, 3
370624, 3
175807, 3
631363, 3
45543, 3
502677, 3
85159, 3
392472, 3
108371, 3
422312, 3
626049, 3
321889, 3
77446, 3
70964, 3
641229, 3
354742, 3
252972, 3
226644, 3
533060, 3
363500, 3
288122, 3
134683, 3
147715, 1
217149, 3
365365, 3
155961, 3
408876, 3
179629, 3
449609, 3
370315, 3
356888, 3
163248, 3
424215, 3
450378, 3
489616, 3
424745, 3
181615, 3
328288, 3
459875, 3
164187, 2
244695, 3
36408, 3
634066, 3
48266, 3
564139, 3
487493, 3
253976, 3
145178, 3
50215, 3
358007, 3
583972, 3
273978, 3
314266, 3
387468, 3
422197, 3
632962, 3
330261, 3
462017, 3
358142, 3
117817, 3
390834, 3
608374, 3
416942, 3
20710, 3
375225, 3
140202, 3
79093, 3
350341, 3
127389, 3
377264, 3
377796, 3
144439, 1
344106, 3
119915, 3
556341, 3
222184, 3
429138, 3
235741, 3
196126, 3
254529, 3
520805, 3
207598, 3
79075, 3
624087, 3
479062, 3
158319, 3
607081, 3
583067, 3
104839, 3
449273, 3
277218, 3
516947, 3
441384, 3
128691, 3
497423, 3
151592, 2
244658, 3
639852, 3
129639, 3
278826, 3
151046, 3
503496, 2
201660, 3
26313, 3
369509, 3
532827, 3
212164, 3
451707, 3
272226, 3
466435, 3
605172, 3
250303, 3
36656, 3
458611, 3
263159, 3
90222, 3
342395, 3
158213, 3
604369, 3
338845, 3
390346, 3
505151, 1
611956, 3
492706, 3
433727, 3
343302, 3
137412, 3
240639, 3
248198, 2
523184, 3
584638, 3
303856, 3
91228, 3
124425, 3
602746, 3
573564, 3
412721, 3
48810, 3
613568, 3
608453, 3
567108, 3
519543, 3
39905, 3
193954, 3
232105, 3
204515, 3
127801, 3
22537, 3
41978, 3
496158, 3
52513, 3
662452, 3
335228, 3
241743, 3
104743, 3
445128, 3
309000, 1
104814, 3
250238, 3
260707, 3
438181, 3
338456, 3
346688, 3
461734, 3
397531, 3
494793, 3
258859, 3
652497, 3
124154, 3
331769, 2
418766, 3
265178, 3
348743, 3
501017, 3
70536, 3
566130, 3
338849, 3
524536, 3
338581, 3
157864, 3
150433, 3
206893, 3
567296, 3
416420, 3
52401, 3
571263, 3
317719, 3
646704, 3
420975, 3
168735, 3
431573, 3
19399, 3
377953, 3
284044, 3
528321, 1
28300, 3
498566, 3
639575, 3
651519, 3
565830, 3
342026, 3
46993, 3
16769, 3
71986, 3
267794, 3
344466, 3
186394, 3
170561, 3
525210, 2
467244, 3
437915, 3
3537, 3
118286, 3
502781, 3
500434, 3
291124, 3
80276, 3
134173, 3
246308, 3
257173, 3
437883, 3
218578, 3
333517, 3
430902, 3
418920, 3
344365, 3
385128, 3
643001, 3
447706, 3
348104, 3
376125, 3
324254, 3
34849, 3
3928, 3
520267, 1
34879, 3
544498, 3
125593, 3
514742, 3
622566, 3
7225, 3
383057, 3
44843, 3
241632, 3
96821, 3
145530, 3
162623, 3
304074, 3
658899, 3
272184, 3
194915, 3
263206, 3
39902, 3
357564, 3
580023, 3
29146, 3
222053, 3
37695, 3
291003, 3
500575, 3
486004, 3
148505, 3
48075, 3
588561, 3
71643, 3
354099, 3
408461, 3
229154, 3
600986, 3
590464, 3
188995, 3
108738, 3
582955, 3
547192, 3
152652, 3
323848, 3
19893, 3
341639, 3
576493, 3
134502, 3
448125, 3
16170, 3
363091, 3
561979, 3
479122, 3
578269, 3
142127, 3
556323, 3
388535, 3
200593, 3
222912, 3
529382, 3
430439, 3
30607, 3
321347, 3
251859, 3
293659, 3
460801, 3
74316, 3
472221, 3
445930, 3
198519, 3
218445, 2
608997, 3
38204, 3
339181, 3
335026, 3
601096, 3
303720, 3
518186, 3
606836, 1
247472, 3
485468, 3
224394, 3
392011, 3
452052, 3
663832, 1
175233, 3
250820, 3
579676, 3
661414, 3
342052, 3
206887, 3
230306, 3
567411, 3
359907, 3
573306, 3
469173, 3
499519, 3
286948, 3
78592, 3
523767, 3
427852, 3
12371, 3
325207, 3
443608, 3
309952, 3
654345, 3
409943, 3
614335, 3
183243, 3
564987, 3
558769, 3
317475, 3
110242, 3
166163, 3
109135, 3
491987, 3
319785, 3
224493, 2
368137, 3
525644, 2
142114, 3
630017, 3
118055, 3
604399, 3
520296, 3
330756, 3
206219, 3
398479, 3
651032, 3
199696, 3
532867, 3
318160, 3
420900, 3
190461, 3
108795, 3
270531, 3
351368, 3
484643, 3
594878, 3
176852, 3
533404, 3
301044, 3
522084, 3
138319, 3
65948, 3
414525, 3
344915, 3
550021, 3
131946, 3
551930, 3
129761, 3
608961, 3
389942, 3
22034, 3
236352, 3
444681, 3
126850, 3
248049, 3
5114, 3
368717, 3
615481, 3
30220, 3
392524, 3
591014, 3
131103, 3
345747, 3
113182, 3
306386, 3
349571, 3
57999, 3
443194, 3
96750, 3
61619, 3
204405, 3
133872, 3
462303, 3
310666, 3
636597, 3
484449, 3
105643, 3
204728, 3
196950, 3
258109, 3
349831, 3
316916, 3
236412, 3
138954, 3
157787, 3
93021, 2
36648, 3
502970, 3
206093, 3
333778, 3
178915, 3
151262, 3
518961, 3
302991, 3
108328, 3
271924, 3
217589, 1
587657, 3
344843, 3
120366, 3
493412, 3
290061, 3
656153, 3
126757, 3
650577, 3
217711, 3
164822, 3
210218, 3
238346, 3
531924, 3
475060, 3
278233, 3
370611, 3
608411, 3
276985, 3
85206, 3
307109, 3
581095, 3
520190, 3
425588, 3
601132, 3
103204, 3
362206, 3
371640, 3
477827, 2
358172, 3
591340, 3
120133, 3
67351, 3
47529, 3
49003, 3
289887, 3
205669, 3
146832, 3
266232, 3
624554, 3
128680, 3
34036, 3
501577, 3
612036, 3
41528, 3
546919, 3
93291, 3
230986, 3
90650, 3
290450, 3
31999, 3
614351, 3
643097, 3
192573, 3
58298, 3
187655, 3
69400, 3
441420, 3
633645, 3
664059, 3
493356, 3
438607, 3
82118, 1
565939, 3
541429, 3
498280, 3
328389, 3
543464, 3
453241, 3
499284, 3
194889, 3
616943, 3
118196, 3
29320, 3
523514, 3
503583, 3
212570, 3
457919, 3
293643, 3
264506, 3
450684, 2
328263, 3
478530, 3
612230, 3
618228, 3
578347, 3
390620, 3
537731, 3
603040, 3
603529, 3
155096, 3
611609, 3
371829, 3
166729, 3
37504, 3
94774, 3
113913, 3
557171, 3
422185, 3
375884, 3
229781, 3
567538, 3
456305, 3
417909, 3
587694, 3
262931, 3
23623, 3
622627, 3
102372, 3
164691, 3
338188, 3
101867, 3
4480, 3
372918, 3
212942, 3
192732, 3
376579, 3
270580, 3
514584, 3
56432, 3
87317, 3
604348, 3
32798, 3
66698, 3
242384, 3
655748, 3
118773, 3
435709, 3
14442, 3
500433, 3
305586, 3
153563, 3
143247, 3
285600, 3
285020, 3
633563, 3
67942, 3
128541, 3
655992, 3
373429, 3
601861, 3
305178, 3
4710, 3
276597, 3
536620, 3
55294, 3
491027, 3
467279, 3
457816, 3
602572, 3
659695, 3
166598, 3
118491, 3
492857, 3
604201, 3
110408, 3
499521, 3
221751, 3
533959, 3
64261, 3
13386, 3
545397, 3
404139, 3
410859, 3
453115, 3
417786, 3
26955, 3
380953, 3
609340, 3
217970, 3
102124, 3
604979, 1
142771, 3
204016, 1
98498, 3
118428, 3
471111, 3
637700, 3
446945, 3
258035, 3
628698, 3
51398, 3
585992, 3
238472, 3
507009, 3
177695, 3
269442, 3
340010, 3
144280, 3
609603, 3
374593, 3
310049, 3
324338, 3
232773, 3
389849, 3
665240, 2
581662, 3
362457, 3
157538, 3
286785, 3
583834, 3
130101, 3
123539, 3
123110, 3
264942, 3
128360, 3
9019, 3
568456, 3
19749, 3
417804, 3
643321, 3
190892, 3
258710, 3
377788, 3
320249, 3
456554, 3
582215, 3
65913, 3
563265, 3
430696, 2
160455, 3
474265, 3
317310, 3
111737, 3
16543, 3
83204, 3
252826, 3
735, 3
568304, 3
211094, 3
101282, 3
152716, 3
221962, 3
115421, 3
488405, 3
644033, 3
317187, 3
202104, 3
121896, 2
417205, 3
398916, 3
413476, 3
369637, 3
554581, 3
68758, 3
382430, 3
610239, 3
459122, 3
174757, 3
654655, 2
210563, 3
151918, 3
507361, 3
375619, 3
283470, 3
561316, 3
14904, 3
150765, 2
288861, 3
318269, 3
517478, 3
500496, 3
629429, 3
381356, 3
321874, 2
469686, 3
522868, 3
500164, 3
505183, 3
500595, 3
637428, 3
533056, 3
239557, 3
636231, 3
239189, 3
177761, 3
358421, 2
227116, 3
91304, 3
660243, 2
438966, 3
430107, 3
35455, 3
189218, 3
88565, 3
224308, 3
167106, 3
225722, 3
409205, 3
548389, 3
455920, 3
322995, 3
395552, 3
127200, 3
575769, 3
513485, 3
613895, 3
47073, 3
654840, 3
395985, 3
220083, 3
548666, 3
497486, 3
96803, 3
615044, 3
552615, 3
153080, 1
616214, 3
113199, 3
612842, 3
351815, 3
641431, 3
564858, 2
436886, 3
216793, 3
86885, 3
101006, 3
2753, 3
427231, 3
96487, 3
46465, 3
171245, 3
353401, 3
512292, 3
559060, 3
289926, 3
624100, 3
653745, 3
4859, 3
576821, 3
137688, 3
15841, 3
332122, 3
542776, 3
36792, 3
13047, 3
98946, 3
186647, 3
29872, 3
119494, 3
592074, 3
140181, 2
102455, 2
109118, 3
626643, 3
597780, 3
120553, 3
650893, 3
531788, 3
292115, 3
515665, 3
121621, 3
620366, 3
254001, 3
217177, 3
125032, 3
217807, 3
216870, 3
596310, 2
161757, 3
420450, 3
293082, 3
373544, 3
183654, 3
269966, 3
346999, 3
657123, 3
117025, 3
489103, 3
598055, 3
248333, 3
378848, 3
11942, 3
576788, 3
419310, 3
158645, 3
257948, 3
131082, 3
132731, 3
95297, 3
380292, 3
449142, 3
477915, 3
206681, 3
87590, 3
570925, 3
218229, 3
166551, 3
526752, 3
447142, 3
207553, 3
163501, 3
587759, 2
279213, 3
518775, 3
658279, 3
555326, 3
480935, 3
394008, 3
400638, 3
340344, 3
280061, 3
516798, 3
47431, 3
306382, 3
551368, 3
374681, 3
663546, 3
360979, 3
612675, 3
140086, 3
188568, 3
466255, 3
591914, 3
429456, 2
590743, 3
316077, 3
492619, 3
322051, 3
257759, 3
344796, 3
146249, 3
634383, 3
381197, 3
39037, 3
560843, 3
601733, 3
438356, 3
172966, 3
555075, 3
287755, 3
536455, 3
225306, 3
288883, 2
80047, 3
129818, 3
535824, 3
558949, 3
138953, 3
401344, 3
133349, 3
7925, 3
333924, 3
628287, 2
657632, 3
347173, 3
27922, 3
122321, 3
483998, 3
553045, 3
275292, 3
610563, 3
273308, 3
185258, 3
230379, 3
25119, 3
553423, 3
605959, 3
309662, 3
578055, 3
458783, 3
355872, 3
23206, 3
82408, 3
565125, 3
331274, 2
37400, 3
387927, 3
163481, 3
579440, 3
70652, 3
241440, 3
278601, 3
31939, 3
331813, 3
366744, 3
22014, 3
398797, 3
89155, 3
309747, 3
598081, 3
423232, 3
91832, 3
488934, 3
384913, 3
347347, 3
211927, 3
620791, 3
384413, 3
640077, 3
534264, 3
51477, 3
207157, 3
35725, 2
580858, 3
367239, 3
79887, 3
173667, 3
69218, 3
5426, 3
599959, 3
575949, 2
36399, 3
508007, 3
383487, 3
206473, 3
119744, 2
272536, 3
54724, 3
507562, 3
407201, 3
282820, 3
93671, 3
470833, 3
472474, 3
79483, 3
83054, 3
95730, 3
21412, 3
604003, 3
173679, 3
158457, 3
481483, 3
325176, 3
117008, 3
455120, 1
408330, 3
360166, 3
659173, 3
616067, 3
1589, 3
135985, 3
393480, 2
664352, 3
89598, 3
197041, 3
463200, 3
70338, 3
603980, 3
229095, 3
391246, 3
534800, 3
410168, 3
371154, 3
134161, 3
526065, 3
384662, 3
267073, 3
136226, 3
615211, 3
467753, 3
64765, 3
572895, 3
340871, 1
523994, 3
218391, 3
472307, 3
228882, 3
419795, 3
237227, 3
447209, 3
16707, 3
76243, 3
552488, 3
26133, 3
340678, 3
109099, 3
30442, 3
433256, 3
466388, 2
33183, 2
224253, 1
314743, 3
246295, 3
316416, 3
175603, 3
636662, 2
649568, 3
294463, 3
189424, 3
203173, 3
573022, 1
359174, 3
204299, 3
548908, 3
142050, 3
393029, 3
659825, 3
595822, 1
479866, 3
429838, 3
7718, 3
300776, 3
83371, 3
165217, 3
645657, 2
76694, 3
288198, 3
575784, 3
421958, 3
565431, 3
541392, 3
539345, 3
448719, 3
137698, 3
175624, 2
583191, 3
119017, 3
211667, 3
441998, 3
498341, 3
441110, 3
402360, 3
51482, 3
111515, 3
441807, 3
246755, 3
107151, 3
372792, 3
543386, 3
521130, 3
137442, 3
111946, 3
404984, 3
88842, 3
474349, 1
448628, 3
148823, 3
344114, 3
222986, 3
233798, 3
104996, 3
524540, 3
374166, 3
330465, 3
306198, 3
571508, 3
634630, 3
84015, 3
138402, 3
160633, 3
173610, 3
505054, 3
152568, 3
391717, 3
383034, 3
484544, 3
536326, 3
77549, 3
647900, 3
294806, 3
255253, 3
609311, 3
601814, 3
515024, 3
66449, 3
533996, 3
206460, 3
663876, 3
358310, 3
609601, 3
348024, 3
81016, 3
661979, 2
290657, 3
87405, 3
256614, 3
74796, 3
413874, 3
562692, 3
322559, 2
118209, 2
180387, 3
222493, 3
218881, 3
151134, 3
39909, 3
558147, 3
15388, 2
214864, 3
177383, 3
54498, 3
126912, 3
142682, 3
614669, 3
94510, 3
261135, 3
337379, 3
69832, 3
21666, 3
464222, 3
647584, 3
404717, 3
459695, 3
239018, 3
360610, 3
246218, 3
365638, 3
326844, 3
249671, 3
301569, 2
313280, 3
244800, 3
652925, 3
460586, 3
604982, 3
156659, 3
260335, 3
408753, 2
61483, 3
58771, 3
358716, 3
58237, 3
368997, 3
102915, 3
456937, 3
374086, 3
209422, 3
587919, 3
79826, 3
60114, 3
200247, 3
106263, 3
541911, 3
489993, 3
96922, 3
211401, 3
459366, 3
621197, 3
549290, 3
552221, 3
452343, 3
263912, 3
259628, 3
531366, 3
332369, 3
298559, 2
399061, 3
484106, 3
168740, 3
278318, 3
570847, 1
519061, 3
17254, 3
42492, 3
606089, 3
432653, 3
370095, 2
132440, 3
139094, 3
481771, 3
345107, 3
418176, 3
630128, 3
180664, 3
312084, 3
254086, 3
548897, 3
371718, 3
333542, 3
231623, 3
335921, 3
361560, 3
633418, 3
453100, 3
608638, 3
108911, 3
10865, 3
221078, 3
646558, 3
443658, 3
326157, 3
311744, 3
127854, 3
19273, 3
37866, 3
163750, 3
263529, 3
398868, 3
449984, 3
185704, 2
252288, 3
380207, 3
62320, 3
36682, 3
580217, 3
284489, 3
55757, 3
67502, 3
278314, 3
380240, 3
492856, 3
566432, 3
497799, 3
296861, 3
375277, 3
293379, 3
124848, 3
638107, 3
50663, 3
646307, 3
580696, 3
181813, 3
652558, 2
213866, 3
571606, 3
61275, 2
503495, 3
13596, 3
286242, 3
316173, 3
461948, 1
390577, 3
397501, 3
289282, 3
157317, 3
312215, 2
468242, 3
66708, 3
281341, 3
315272, 3
194601, 3
186025, 3
508135, 3
631519, 3
517497, 3
660762, 3
585431, 3
564339, 3
120495, 3
225967, 3
605872, 3
224829, 3
391074, 3
556604, 3
394999, 3
257556, 3
282064, 3
599183, 3
299747, 3
195440, 3
337124, 2
225508, 3
177057, 3
487070, 3
604844, 3
83058, 3
61465, 3
564744, 3
540934, 3
621920, 3
388686, 3
15891, 3
20103, 3
432957, 3
119732, 3
238466, 3
515125, 2
601620, 3
213449, 3
164209, 3
399408, 3
649861, 3
240662, 3
370441, 3
484890, 1
362671, 3
597803, 3
152952, 3
379557, 3
334255, 1
535538, 3
194777, 3
664569, 3
512290, 3
617271, 3
229623, 3
7729, 3
656643, 2
50691, 3
432138, 3
351078, 3
463232, 2
263366, 3
336521, 3
193454, 2
597590, 3
245852, 3
273295, 3
638358, 3
376494, 3
592382, 3
619035, 3
514769, 3
478093, 1
513449, 3
262482, 2
210850, 3
273398, 3
643599, 3
408583, 3
465539, 3
113834, 3
148526, 3
44686, 3
494730, 3
646438, 3
275285, 3
261259, 3
361148, 3
609575, 3
564796, 3
297392, 3
156929, 3
306710, 3
529542, 3
366366, 3
359960, 3
609320, 3
215177, 3
325953, 3
359829, 3
233794, 3
335450, 3
423401, 3
563039, 3
283529, 3
209384, 3
126078, 3
285762, 3
49564, 3
296662, 2
143382, 3
113358, 3
523432, 3
38132, 3
140116, 3
634415, 3
495975, 3
597092, 3
407121, 3
183795, 3
291212, 3
188994, 3
663115, 3
603498, 3
186018, 1
500463, 3
361573, 3
167526, 2
135720, 3
103716, 3
327512, 3
446913, 3
592834, 3
307061, 3
611983, 3
92636, 3
174499, 3
64629, 3
39338, 3
160122, 3
618423, 3
453602, 3
447824, 3
19798, 3
371756, 3
618375, 3
287634, 3
77072, 3
16157, 3
197885, 3
530857, 3
665158, 3
421579, 3
335664, 3
534832, 3
207074, 3
366274, 3
399860, 3
432062, 3
76422, 3
576032, 3
222728, 3
330862, 3
118864, 3
229589, 3
145904, 3
534373, 3
148, 3
544371, 3
615064, 3
232645, 3
481865, 3
96889, 3
223887, 3
383211, 3
231221, 3
486941, 3
159547, 3
16046, 3
567718, 3
113605, 3
301388, 3
196, 3
32448, 1
330713, 3
450821, 3
596701, 3
360839, 3
190727, 3
68475, 3
371934, 3
163434, 3
173252, 3
261149, 3
650027, 3
222586, 3
28025, 3
459941, 2
499087, 3
570246, 3
28656, 3
598270, 3
576214, 3
435336, 3
652462, 3
131313, 3
645179, 3
219275, 3
582652, 3
114292, 3
125614, 3
561600, 3
331237, 3
176631, 3
295254, 3
185068, 3
452787, 3
590836, 3
98765, 3
10925, 2
343841, 3
234435, 3
587028, 3
75116, 3
434046, 3
480003, 3
263841, 3
352876, 3
555110, 3
290679, 3
408037, 3
367540, 3
552363, 3
198484, 3
592718, 3
336600, 3
390359, 3
263969, 3
262935, 3
210307, 3
405175, 3
219233, 3
366916, 3
661519, 3
1721, 3
36591, 3
350190, 3
412252, 3
609483, 3
496703, 3
529101, 3
599652, 3
638984, 3
258530, 3
280369, 3
285752, 3
505384, 3
376069, 3
115348, 3
273402, 3
30469, 3
550398, 3
86710, 3
33195, 3
488144, 3
618190, 3
648516, 3
366315, 3
544900, 3
339494, 3
433725, 2
654213, 3
532864, 3
52143, 3
398891, 3
7156, 3
355057, 3
627327, 3
526858, 3
523251, 3
81341, 3
159807, 3
156997, 3
184625, 3
329519, 3
180264, 3
636311, 3
128528, 3
127846, 3
436600, 3
519968, 3
21271, 3
637860, 2
405549, 3
20406, 3
89372, 3
386027, 3
307564, 3
66830, 3
250379, 3
118426, 3
507935, 3
24542, 3
463762, 3
652269, 3
188112, 2
18266, 3
108824, 3
170481, 3
99788, 3
551601, 2
506251, 3
71124, 3
201076, 3
173991, 3
76616, 3
256498, 3
77921, 3
99068, 3
624046, 3
224275, 1
55471, 3
167573, 3
612453, 2
250247, 3
559199, 3
379507, 3
95465, 3
649425, 3
60477, 3
652111, 3
290479, 3
418132, 3
487476, 3
6879, 3
485593, 3
349332, 3
431701, 3
107492, 3
236050, 3
625274, 3
601368, 3
171707, 3
182119, 3
199617, 3
544346, 3
252799, 3
602512, 3
458955, 3
32781, 3
266056, 3
80933, 3
560384, 3
640892, 3
201569, 2
314040, 3
192911, 3
193094, 3
18881, 3
152162, 3
596852, 3
586806, 3
443082, 3
398781, 3
273397, 3
310434, 3
413063, 3
540916, 3
659242, 3
335979, 3
337900, 3
540179, 3
129119, 3
39621, 3
273824, 3
63711, 3
195577, 3
648933, 3
419286, 3
172219, 3
438973, 3
475922, 3
626437, 3
48102, 3
136678, 3
330121, 3
604207, 3
287253, 3
310664, 3
632826, 3
535124, 3
204857, 3
93807, 3
95804, 2
281780, 3
327146, 3
527576, 3
483182, 3
438921, 3
91148, 3
146364, 3
105589, 3
512100, 3
509157, 3
296165, 3
461201, 3
526594, 3
609427, 1
156202, 3
563664, 3
295165, 3
176722, 3
22482, 3
562151, 3
70315, 3
365531, 3
285334, 3
363367, 3
76, 3
577782, 3
539611, 3
548281, 3
350286, 1
549144, 3
394726, 3
75062, 3
406343, 3
103489, 3
425923, 3
120662, 3
460457, 3
202128, 3
637226, 3
356597, 3
659018, 3
614875, 3
546534, 3
375032, 3
564130, 3
222897, 3
611376, 3
33861, 3
401149, 3
469737, 3
639312, 3
100383, 3
453453, 3
628083, 3
255794, 3
155383, 3
648392, 3
415768, 3
398007, 2
28591, 3
31545, 2
503130, 3
661128, 3
463769, 3
66093, 3
654603, 3
244619, 3
183064, 2
309174, 3
158003, 3
63201, 3
369005, 3
87842, 3
613696, 3
402033, 3
392858, 3
157683, 3
99752, 3
496802, 3
442973, 3
231025, 3
469507, 3
25448, 3
444465, 3
320355, 3
625201, 2
92784, 3
396464, 3
59838, 3
546380, 3
108992, 3
466936, 3
317772, 3
390809, 3
136588, 3
35067, 1
444373, 3
214088, 3
305598, 3
355240, 3
324079, 3
82017, 3
324478, 3
466392, 3
4843, 3
576026, 3
41010, 3
404884, 3
8048, 3
468015, 3
589682, 3
122527, 3
312103, 3
91188, 3
530746, 3
342576, 3
576960, 3
463119, 1
195939, 3
90270, 3
254707, 3
412886, 3
177842, 3
36968, 3
638050, 3
610297, 3
639231, 3
496375, 3
291804, 3
299740, 3
353806, 3
336191, 3
548437, 3
153616, 3
377223, 3
15003, 2
312904, 3
184145, 3
270883, 3
51766, 3
308189, 3
211159, 3
94109, 3
209053, 3
617680, 3
57309, 3
198115, 3
187067, 3
355270, 3
8980, 3
292113, 3
228659, 3
23754, 3
291656, 3
270899, 3
398405, 3
195726, 3
429693, 3
331855, 3
478896, 3
521302, 3
444944, 3
89488, 3
177934, 3
130325, 3
604727, 3
587267, 3
565081, 3
131155, 3
393980, 1
79847, 3
569375, 3
411857, 3
67951, 3
211987, 3
588607, 3
468234, 3
415412, 3
617070, 3
68648, 3
193140, 3
398052, 3
167246, 3
167655, 3
193880, 3
13242, 3
270204, 3
451172, 3
535859, 3
564206, 3
133856, 3
104112, 3
77334, 3
565820, 3
644948, 3
245151, 3
135914, 3
527229, 2
313, 3
523438, 3
243982, 3
486851, 3
569333, 3
602883, 3
498849, 3
390275, 3
576992, 3
72903, 3
537318, 3
409029, 3
314282, 3
499692, 3
372581, 2
145961, 3
245244, 3
313824, 3
149136, 2
191393, 3
359041, 3
58870, 1
60137, 3
596925, 3
130516, 3
486124, 3
346677, 3
133613, 3
559933, 3
616914, 3
80040, 2
30166, 3
367806, 3
549891, 3
480432, 3
553930, 3
207231, 3
649138, 3
410177, 3
48711, 3
270277, 3
590087, 3
611943, 2
264468, 2
19539, 3
192980, 2
105034, 3
652368, 3
367971, 3
359280, 3
179926, 3
553381, 3
645590, 2
606274, 3
182095, 3
272291, 3
299065, 3
372061, 3
84312, 3
439354, 3
552524, 3
622370, 3
397711, 3
222755, 3
158872, 3
445683, 3
344057, 3
431353, 2
57697, 3
519477, 3
542300, 3
241589, 3
58073, 3
371331, 3
270827, 3
331654, 3
342463, 3
629122, 3
462011, 2
408338, 3
559384, 3
415911, 3
10613, 3
348372, 2
401995, 3
579106, 3
257514, 3
651568, 3
605677, 3
641562, 3
85389, 3
532722, 3
393420, 3
246639, 3
511339, 3
266785, 3
69664, 3
90608, 3
105675, 3
246444, 3
351973, 3
88060, 3
638665, 3
200527, 3
445751, 3
527185, 3
220521, 3
515659, 3
324440, 2
14165, 3
500432, 3
631793, 3
534835, 3
449933, 3
366729, 3
522702, 3
544301, 3
385569, 3
316969, 3
621502, 3
34748, 3
615016, 3
331252, 3
338311, 3
561786, 3
185058, 3
231287, 3
621882, 3
582983, 3
636329, 3
418120, 3
111107, 3
395866, 3
475328, 3
438362, 3
483691, 3
416622, 3
353284, 3
384337, 3
92761, 3
356168, 3
456487, 3
646889, 3
133361, 3
535748, 3
463968, 3
167384, 3
441285, 3
350279, 3
96110, 3
419207, 3
78153, 3
269964, 3
469031, 3
135500, 3
48318, 3
279152, 3
211407, 3
602196, 3
300442, 3
382670, 3
34055, 3
448357, 3
609781, 3
46074, 3
513262, 3
602732, 3
266876, 3
334515, 3
346250, 3
360209, 3
85432, 3
446202, 3
233734, 3
246170, 3
547266, 3
129919, 3
581878, 3
184649, 3
539556, 3
638280, 3
489975, 3
197901, 3
339784, 3
415539, 3
183387, 2
601970, 3
389890, 3
139515, 3
539488, 3
182611, 3
560484, 3
294666, 3
431967, 3
217718, 3
388040, 3
569642, 3
471731, 3
523817, 3
625618, 3
560390, 3
502351, 3
338515, 3
262649, 3
539072, 3
1226, 3
621098, 3
481908, 3
310163, 3
407444, 3
284118, 3
303549, 3
237173, 3
241080, 3
239712, 3
148863, 3
117660, 3
394632, 3
188631, 3
612389, 1
649058, 3
95716, 2
469128, 3
16593, 3
442325, 3
607250, 3
374277, 3
13879, 3
123476, 3
579918, 3
581404, 3
509824, 3
449351, 3
533140, 3
464901, 3
65075, 3
608059, 1
403136, 3
336584, 3
150519, 3
480869, 3
412369, 3
598105, 3
637171, 3
584361, 3
52968, 3
344749, 3
172366, 3
444082, 3
92510, 3
201356, 3
639350, 3
485, 3
80757, 3
528583, 3
477222, 3
106513, 3
612905, 3
486886, 3
397138, 3
567110, 3
28643, 3
188819, 3
35146, 3
140379, 3
651173, 3
58447, 3
82737, 3
198193, 3
211127, 3
654897, 3
135950, 3
370011, 3
250997, 3
540295, 3
470014, 3
22124, 3
97290, 3
254721, 3
520131, 3
432448, 3
223586, 3
173126, 3
168491, 3
39619, 3
371200, 3
234143, 3
55002, 3
617250, 3
343413, 3
567077, 3
122098, 3
526837, 2
339351, 3
329631, 3
494174, 3
101549, 3
175698, 3
464815, 3
316248, 3
242652, 3
100756, 3
384182, 3
508380, 3
495549, 3
299682, 3
470011, 3
534425, 3
576219, 3
508554, 3
614589, 3
640765, 3
567742, 3
388407, 3
13914, 3
603919, 3
647465, 3
316091, 3
412538, 3
538354, 3
641315, 3
425843, 3
150513, 3
572696, 3
565298, 3
246225, 3
214934, 3
125156, 3
339517, 3
348888, 3
446326, 3
501584, 3
110023, 3
410006, 3
203932, 3
548992, 3
112013, 2
77894, 3
165032, 3
643825, 3
545026, 3
381838, 3
219698, 3
322966, 3
116912, 3
582682, 2
201841, 3
128461, 3
416353, 3
347657, 3
298092, 2
384642, 3
319739, 3
198582, 3
611218, 3
551880, 3
218833, 3
16075, 3
546087, 3
495544, 3
85685, 3
466984, 3
109251, 3
127865, 3
419910, 3
201539, 3
159207, 3
445753, 3
140602, 3
68015, 3
410842, 3
605811, 3
97253, 3
444145, 3
470091, 3
44523, 2
267882, 3
78659, 3
587741, 3
515514, 3
384776, 3
253366, 3
509339, 3
71008, 3
183040, 3
662708, 3
248291, 3
151554, 3
387008, 3
141030, 3
500005, 3
463988, 3
291827, 3
659774, 3
514034, 3
258567, 3
420579, 3
501729, 3
466259, 3
495788, 3
33725, 3
232874, 3
623028, 3
491146, 3
149252, 3
157933, 3
516574, 3
22044, 3
127566, 3
287826, 3
153237, 3
293095, 3
172955, 3
451573, 2
135790, 3
327734, 3
619544, 3
526347, 3
215033, 3
424435, 3
518991, 3
437213, 3
526544, 3
183432, 3
102848, 1
36782, 3
164657, 3
513276, 3
139742, 2
610954, 3
174658, 3
166053, 3
358110, 3
245119, 3
91441, 3
575153, 3
365659, 3
424519, 3
645404, 2
536640, 3
173911, 3
664675, 3
17988, 3
308399, 3
205015, 3
586802, 3
405679, 3
493143, 3
42158, 3
353697, 3
391875, 3
540154, 3
308481, 3
228947, 3
478006, 3
297916, 3
232187, 1
261078, 3
186556, 2
182393, 3
137272, 3
277374, 3
134354, 3
141011, 3
427006, 3
32390, 3
245407, 3
419771, 3
218352, 3
442768, 3
376249, 3
176151, 3
420746, 3
583550, 3
230164, 3
532097, 3
341894, 3
601299, 3
447743, 3
167241, 3
175975, 3
406335, 3
694, 3
658927, 3
250240, 3
172939, 3
345658, 3
581850, 3
627346, 3
516334, 3
359834, 3
162004, 3
22325, 3
360632, 3
447358, 3
476216, 3
80342, 3
31038, 3
528461, 3
61877, 3
430312, 3
275137, 3
522498, 3
642868, 3
451162, 3
254403, 3
286182, 3
320097, 3
118402, 3
197696, 3
381806, 3
9688, 3
14334, 3
577266, 3
124234, 3
528055, 3
333921, 3
640347, 3
460710, 3
538288, 3
151206, 3
644050, 2
530307, 3
85232, 3
558943, 3
199081, 3
264442, 3
5858, 3
263408, 3
213365, 2
461634, 3
481847, 3
647933, 3
646731, 3
430794, 1
383923, 2
118036, 3
306727, 3
44776, 3
224240, 3
456001, 3
294464, 3
477510, 3
291450, 3
533688, 3
497310, 3
183834, 1
299434, 3
403467, 3
71707, 3
512026, 3
535995, 3
386855, 3
477813, 3
70819, 3
547962, 3
54475, 3
153614, 3
403738, 3
575588, 3
563991, 3
54696, 3
487547, 3
115788, 3
564143, 3
414410, 3
232342, 3
366592, 3
368466, 2
197737, 2
582814, 3
258461, 3
97009, 3
21837, 3
296327, 3
232441, 3
127983, 2
172523, 3
298116, 3
383019, 3
212306, 3
185819, 3
232746, 3
575568, 3
579319, 3
594264, 3
229423, 3
576058, 3
65812, 3
472978, 3
643753, 3
312774, 2
242761, 2
165607, 3
66156, 3
303353, 3
230820, 3
139424, 3
152717, 2
466665, 3
593769, 3
585801, 3
148262, 3
139606, 3
328523, 3
665200, 3
105648, 3
92197, 3
619057, 3
634343, 3
552007, 3
14221, 3
518463, 3
362473, 3
50155, 3
509676, 3
370304, 3
542372, 3
115076, 1
440696, 2
238623, 3
105974, 3
203553, 3
158049, 3
168604, 3
566970, 3
176598, 3
448107, 3
87384, 3
146617, 3
605341, 2
347358, 2
106910, 3
269748, 3
337344, 3
399772, 3
359013, 3
178129, 3
540279, 3
443894, 3
132711, 1
439909, 3
285423, 3
188697, 3
379071, 3
266662, 3
433185, 3
451676, 3
433519, 3
326604, 2
662931, 3
45185, 3
101669, 3
417330, 3
526400, 3
458227, 1
513773, 3
374148, 3
602611, 3
86697, 3
530631, 3
656857, 3
281965, 3
656046, 3
497422, 3
296325, 3
378676, 3
494828, 3
249089, 3
182603, 3
199997, 3
194925, 3
397551, 3
165180, 3
71136, 3
171101, 3
204746, 2
123472, 3
244587, 3
360919, 3
337103, 3
371962, 3
95616, 3
322951, 3
297459, 3
544036, 3
161264, 3
13630, 3
411111, 2
320138, 3
361006, 3
579257, 3
13667, 2
564521, 2
441592, 3
252275, 3
513409, 3
483375, 3
147916, 3
290511, 3
277071, 3
472146, 3
570117, 3
179963, 3
568058, 2
91758, 3
492887, 3
425060, 3
412120, 3
445124, 3
244148, 3
324381, 3
144448, 3
290139, 3
52509, 3
293021, 3
467862, 3
339632, 3
552972, 3
570328, 3
476430, 3
484350, 3
165871, 3
567681, 3
162162, 3
649005, 3
266649, 3
121006, 3
388408, 3
497079, 3
160113, 3
551592, 3
562088, 3
661071, 3
553906, 3
514378, 3
487386, 3
617757, 3
401209, 3
482481, 3
64132, 3
435243, 3
193863, 3
549720, 3
294579, 3
11274, 3
606807, 1
238844, 3
461415, 2
12462, 3
549793, 3
309639, 3
220229, 3
578861, 3
464100, 3
620605, 2
60440, 3
494741, 3
131174, 3
402783, 3
530343, 3
466489, 3
565932, 3
11524, 3
462353, 3
111185, 3
179459, 3
422715, 3
611379, 3
608424, 3
81611, 3
591092, 3
337006, 3
75833, 3
41270, 3
191609, 2
467068, 3
609135, 3
415480, 3
108130, 3
592960, 3
171418, 3
245476, 3
89029, 3
445469, 3
64647, 3
232823, 3
180911, 3
500102, 3
435379, 3
438512, 3
567918, 3
17066, 3
85560, 3
115276, 3
558823, 3
146593, 3
64009, 3
337475, 3
458011, 3
123431, 3
91381, 3
538166, 3
49140, 3
420152, 3
179904, 3
189713, 3
224325, 3
342442, 3
572043, 3
186952, 3
601870, 3
662464, 3
148572, 3
545710, 3
205102, 3
440162, 3
77731, 2
111042, 3
55285, 3
473413, 3
585922, 3
245936, 3
348643, 3
123857, 3
196731, 3
229043, 3
9936, 3
450252, 3
314866, 3
479930, 3
60719, 3
208221, 3
241992, 3
444339, 3
58885, 3
453747, 3
301270, 3
451670, 3
116368, 2
521423, 1
640196, 3
324286, 3
273296, 3
574437, 1
52747, 2
22432, 3
26470, 3
572798, 3
141450, 3
396797, 3
137681, 3
347388, 3
620475, 3
280251, 3
360171, 3
29947, 3
577851, 3
285192, 3
613743, 3
272732, 3
411622, 3
433173, 3
335221, 3
166710, 3
268160, 3
343095, 3
514585, 3
361675, 3
76237, 3
222674, 3
13685, 3
541920, 3
581345, 3
212116, 3
528549, 3
410765, 3
159297, 3
649594, 3
655775, 3
654606, 3
367404, 3
229702, 2
549169, 3
198094, 2
568738, 3
644397, 3
117893, 3
204708, 3
607117, 3
406581, 3
655219, 3
269794, 3
65324, 3
466212, 3
91232, 3
638669, 3
364743, 3
31905, 2
517936, 3
124127, 3
254700, 3
287724, 3
414881, 3
375910, 3
442828, 3
77469, 3
48518, 3
643620, 3
290977, 3
660052, 3
568821, 3
554479, 3
103159, 3
412566, 3
32756, 2
59872, 3
170496, 3
263027, 3
439562, 3
99825, 3
192669, 3
409188, 3
6947, 3
431169, 3
309074, 3
262561, 3
481626, 3
449796, 3
190547, 3
230744, 3
590920, 3
280136, 3
316185, 1
435961, 3
194768, 3
33207, 3
592885, 3
396061, 3
334150, 1
197914, 3
153529, 3
166777, 3
371986, 3
506788, 3
545272, 3
559423, 3
373646, 3
40907, 3
549107, 3
274856, 3
409233, 3
23743, 3
639583, 3
170684, 3
166397, 3
401441, 3
18870, 3
91403, 3
468756, 3
187913, 3
223313, 3
513508, 3
25568, 3
463559, 3
273361, 3
276434, 3
326673, 3
13770, 3
31542, 3
404898, 3
502278, 3
292837, 3
103083, 3
535905, 3
557951, 3
522667, 3
530575, 3
617319, 3
613648, 3
662484, 1
146153, 2
69371, 3
406194, 3
31037, 3
10455, 3
595785, 3
315181, 3
234893, 3
199532, 2
130132, 3
536524, 3
334961, 3
125360, 3
410212, 3
440884, 3
638036, 3
82356, 3
460883, 3
19963, 3
655053, 3
259108, 3
142595, 3
334014, 3
587936, 3
553561, 3
460794, 3
173467, 3
356901, 3
414184, 3
222478, 3
253795, 3
281002, 3
345743, 3
128719, 3
392687, 3
310246, 3
100350, 3
582223, 3
316934, 3
602368, 3
68343, 3
216877, 1
326875, 3
364592, 3
53384, 3
48797, 3
203731, 3
523907, 3
620754, 3
47827, 3
590441, 3
242161, 3
298010, 3
158451, 3
368803, 3
467855, 3
53040, 3
629741, 3
526736, 3
436937, 3
289985, 3
31196, 3
207237, 3
177594, 3
554396, 3
89777, 3
312482, 3
556713, 3
255287, 3
71359, 2
360824, 3
586792, 3
389319, 3
586369, 3
374323, 3
258142, 3
31319, 3
244275, 3
242176, 3
492213, 3
642866, 3
598121, 1
649893, 3
133448, 3
146538, 3
16215, 3
269100, 3
596734, 3
191930, 2
610747, 3
26768, 3
660831, 2
360454, 3
237271, 3
494051, 3
544548, 3
523539, 3
520407, 3
90386, 3
224726, 3
630873, 3
530559, 3
243987, 3
301017, 3
512233, 3
78298, 3
51354, 3
283337, 3
200775, 3
124709, 3
425718, 3
120148, 3
24566, 3
644056, 3
54301, 3
118303, 3
557178, 3
309993, 3
233121, 3
140538, 3
258501, 3
38571, 3
562375, 3
164760, 3
11583, 3
367511, 3
118256, 3
114353, 3
219636, 3
250802, 3
591892, 3
240283, 3
287793, 3
448936, 3
225619, 3
615281, 3
155388, 2
330459, 3
248912, 3
654276, 3
98830, 3
199202, 3
316216, 3
656955, 3
461519, 3
93597, 3
578071, 3
657400, 3
182798, 3
114806, 3
168544, 3
344680, 2
62443, 3
484841, 3
330164, 3
346792, 3
379412, 3
89586, 3
45301, 3
374392, 3
248286, 3
92397, 3
368714, 3
661409, 3
472416, 3
108066, 3
496795, 3
88200, 3
152335, 3
94252, 3
658347, 3
578892, 3
22144, 3
629926, 2
215261, 3
242639, 3
322117, 3
463702, 2
164971, 3
589813, 3
314694, 3
580453, 3
153978, 3
519358, 3
484989, 3
237953, 3
467129, 3
92295, 3
299161, 3
622798, 3
211610, 2
503264, 3
398367, 3
282345, 3
358875, 3
115561, 3
124942, 3
407969, 3
28044, 3
373081, 3
640619, 3
163927, 3
653753, 3
164385, 3
542419, 3
58147, 3
181778, 3
101011, 3
352576, 3
349923, 3
61505, 2
300956, 3
103358, 3
200195, 3
39259, 3
430531, 3
118767, 3
562344, 3
297756, 3
109104, 3
570447, 3
319742, 3
317461, 3
247178, 3
283678, 3
417663, 3
619400, 3
125359, 3
605935, 3
639912, 3
133243, 3
96859, 3
528808, 3
651705, 3
9189, 3
649982, 3
296915, 3
103116, 3
371228, 3
529871, 3
227787, 3
314792, 3
165932, 3
172014, 3
296248, 3
366945, 3
594731, 3
521684, 3
459294, 3
407552, 3
328639, 3
658832, 3
347605, 3
468646, 3
274001, 3
364546, 3
605795, 3
39390, 3
394922, 2
160189, 3
74845, 3
462146, 3
347469, 2
168221, 3
558564, 3
387785, 3
270145, 3
239465, 3
95524, 3
531321, 3
288339, 3
541217, 3
565783, 3
349203, 3
430786, 3
386930, 3
53530, 3
231312, 2
269798, 3
180733, 3
646233, 3
628868, 3
310599, 3
594842, 3
4456, 3
328509, 3
224486, 3
247070, 3
515583, 3
373039, 3
529384, 3
612024, 3
458642, 3
504406, 2
6445, 3
541303, 3
518504, 3
441948, 3
394237, 3
208245, 3
513010, 3
183794, 3
490255, 3
21753, 3
482054, 3
569199, 3
73639, 3
50892, 2
460891, 3
28767, 3
307976, 3
308761, 3
478395, 3
410306, 3
552765, 3
337399, 3
196915, 3
283440, 3
50918, 3
545581, 3
19113, 3
123860, 3
169399, 3
230668, 3
493592, 3
188615, 3
446527, 3
118898, 3
609235, 1
477683, 3
62093, 3
6146, 3
510173, 3
428006, 3
575240, 2
132390, 3
384857, 3
637946, 3
101553, 3
90782, 3
454947, 3
617323, 3
482066, 3
602930, 3
29203, 3
13217, 3
292631, 3
162401, 3
392518, 3
379024, 3
214378, 3
217935, 3
234752, 3
483849, 3
590417, 3
560764, 3
96315, 3
200133, 3
422531, 3
456573, 3
390774, 3
570748, 3
44633, 3
362024, 3
46107, 3
72211, 3
358480, 3
327975, 3
654638, 3
90617, 3
492758, 3
210075, 3
326024, 3
139826, 3
556905, 3
276792, 3
349966, 3
89999, 3
138994, 3
152554, 3
103694, 3
48735, 3
187119, 3
635403, 3
311634, 3
509457, 3
282560, 3
232483, 3
468549, 3
480644, 3
203661, 3
282089, 3
478149, 1
384190, 3
590434, 3
71743, 3
377079, 3
661897, 3
390053, 3
308325, 3
635587, 3
61379, 3
496515, 3
74830, 3
328127, 3
543236, 3
177790, 3
651150, 3
67206, 3
367531, 3
142535, 3
403172, 3
351083, 3
409326, 3
339418, 3
223776, 3
634862, 3
447667, 3
126787, 3
652653, 3
522901, 3
128780, 3
213563, 3
539908, 3
18280, 3
130478, 3
135850, 3
68281, 3
425398, 3
454693, 3
632659, 3
471926, 3
317992, 3
572484, 3
228564, 3
16562, 3
580819, 3
353250, 3
67101, 3
461130, 3
595453, 3
229965, 3
608963, 3
295904, 3
423388, 3
154454, 3
292073, 3
408252, 3
383641, 3
287741, 3
147050, 3
223399, 3
136906, 3
441405, 3
296883, 3
101244, 3
179237, 2
385832, 3
452769, 3
306069, 3
19633, 3
583351, 3
85732, 3
406668, 3
156314, 3
465716, 3
567600, 3
252927, 3
563729, 3
27596, 3
403510, 3
524882, 3
201274, 3
29823, 3
213749, 3
482919, 3
327989, 3
306574, 3
251836, 3
245894, 3
183165, 3
620350, 3
122993, 3
457230, 3
625876, 3
636234, 3
513144, 3
151841, 3
485586, 2
637661, 3
506779, 3
244832, 3
486195, 3
308274, 3
131574, 3
578112, 3
322544, 2
600756, 3
439564, 3
456134, 3
221258, 3
624330, 3
189370, 3
113159, 3
436990, 3
139163, 3
478515, 3
21655, 3
288860, 3
541806, 3
420652, 3
360894, 3
20246, 3
315426, 3
465340, 3
305298, 3
25452, 3
579643, 3
235688, 3
190957, 3
221921, 3
55593, 3
521047, 1
446418, 3
152311, 3
335729, 3
431682, 3
155627, 3
4182, 3
236488, 3
270064, 3
559630, 3
186189, 3
634479, 3
377159, 3
391130, 3
5917, 3
283433, 3
22761, 3
380730, 3
211482, 2
524510, 3
149915, 3
183605, 3
201946, 3
326329, 3
566381, 3
152308, 3
498569, 3
53139, 3
408687, 3
100852, 3
425206, 3
189015, 3
441739, 2
641472, 3
555218, 3
66980, 3
516365, 3
81722, 3
333647, 3
311515, 3
536403, 2
491650, 3
407847, 3
123494, 3
465174, 3
346629, 3
585840, 3
587735, 3
53788, 3
76804, 1
34566, 3
542134, 3
493450, 3
373168, 3
108899, 3
92738, 3
662759, 2
410579, 3
495783, 2
218348, 2
621466, 3
267675, 3
463652, 3
364917, 3
165689, 3
163306, 3
468583, 3
413432, 3
321291, 3
444322, 3
237853, 3
163432, 3
517104, 3
219850, 3
87204, 3
122861, 3
109661, 3
223050, 3
204139, 3
549588, 3
272344, 3
624788, 3
28269, 3
617139, 3
436900, 3
199790, 3
557097, 3
401839, 3
190853, 3
129296, 3
200496, 2
485913, 3
113704, 3
617950, 3
109873, 3
550400, 3
495474, 3
123084, 2
283858, 3
493757, 3
423090, 3
505843, 2
97553, 3
143530, 3
409619, 3
187465, 3
649399, 3
157524, 3
236785, 3
48963, 3
221359, 3
229956, 1
151909, 3
563394, 3
408836, 3
489271, 3
317038, 3
364782, 2
221389, 3
343044, 3
561373, 1
386237, 3
352631, 3
369856, 3
456053, 3
525518, 3
348764, 1
355991, 3
438673, 3
562243, 3
346465, 3
296819, 3
179696, 3
554610, 3
508823, 3
536153, 3
590188, 2
576302, 3
290158, 3
238827, 3
469750, 3
110109, 2
294751, 3
534092, 3
531908, 3
143522, 3
481822, 3
558539, 3
518553, 3
237120, 3
640901, 3
179008, 3
272281, 3
194214, 3
585500, 2
181008, 3
175152, 3
81907, 3
498514, 3
136172, 3
347960, 3
109166, 3
518122, 3
271631, 3
225530, 3
624997, 3
414313, 3
323700, 3
53958, 3
339026, 3
426069, 3
149609, 3
648667, 3
537379, 3
523960, 3
166829, 3
252054, 3
477944, 3
482079, 3
434323, 3
364603, 3
91283, 3
390522, 3
407400, 3
284224, 3
495511, 3
304690, 3
665268, 3
273105, 3
330728, 3
19458, 3
519281, 3
279914, 3
243662, 3
27910, 3
109840, 3
136112, 3
538776, 3
16244, 3
416680, 3
87969, 3
110447, 3
76095, 3
30546, 3
50555, 2
341218, 3
479882, 2
222996, 3
594673, 3
357540, 3
461368, 3
94194, 3
547998, 3
345386, 3
190832, 3
643810, 3
161473, 3
172641, 3
441735, 3
367331, 3
577219, 3
600168, 3
366516, 3
647994, 3
424503, 3
181603, 3
259786, 3
553843, 3
307650, 3
412353, 3
646068, 3
211117, 3
633811, 3
247490, 3
570436, 3
535770, 3
195922, 3
218945, 2
366001, 3
621405, 3
582048, 1
551883, 3
6689, 3
119660, 3
248199, 3
393384, 3
392542, 3
612861, 3
594279, 3
489749, 3
308110, 3
164724, 3
176329, 3
93288, 3
510216, 3
246523, 3
329367, 3
186917, 3
535577, 3
656022, 3
192561, 1
571762, 3
547329, 3
356832, 3
477186, 3
647578, 3
296560, 3
389517, 3
655037, 3
119112, 3
56321, 3
371654, 3
204891, 3
160167, 3
500710, 3
202790, 3
332252, 2
168053, 3
157156, 3
644791, 3
400496, 3
428312, 2
102485, 2
30674, 2
103420, 3
372640, 3
71794, 3
146694, 3
414347, 3
559098, 3
41099, 3
486027, 3
572395, 3
443064, 3
170137, 3
443696, 3
654643, 3
486775, 3
350234, 3
629380, 3
335338, 3
581523, 3
635074, 3
146231, 3
412578, 3
463005, 3
32973, 3
33544, 3
78598, 3
197941, 3
54282, 3
480183, 3
623438, 3
516432, 2
425379, 3
25116, 3
468286, 3
305132, 2
71263, 3
211635, 3
384361, 3
195188, 3
517244, 3
283496, 3
534272, 3
482020, 1
409487, 3
156161, 3
399787, 3
652258, 3
397465, 3
84359, 3
175223, 3
448048, 3
567699, 3
64371, 3
98284, 3
509275, 3
259752, 3
130281, 3
323423, 3
622319, 3
230765, 3
485255, 3
593911, 3
207574, 2
531550, 3
215922, 3
424968, 3
281479, 3
94755, 3
168239, 3
180771, 3
282285, 3
291286, 3
325572, 3
445508, 3
2460, 3
395331, 3
618802, 3
472412, 3
379213, 3
90910, 3
515668, 3
486404, 3
581725, 3
664384, 3
59503, 3
362273, 3
297159, 3
73553, 3
505588, 3
382980, 2
85224, 3
129955, 3
120617, 3
487780, 3
526773, 3
98935, 3
10635, 3
273013, 3
607672, 3
547315, 3
497780, 3
388416, 2
308255, 3
269081, 3
286357, 1
350247, 3
611683, 3
112579, 3
415686, 3
643473, 3
174289, 3
582698, 3
454210, 3
404415, 3
473580, 3
512743, 3
69885, 3
222365, 3
655515, 3
189857, 3
139011, 3
109967, 3
664998, 3
111080, 3
151593, 3
484395, 3
271494, 3
387841, 3
165824, 3
429242, 3
117743, 3
314481, 3
618710, 3
440861, 3
12039, 3
402938, 3
203308, 3
585924, 3
431255, 3
126931, 3
443211, 3
54054, 3
314295, 3
572515, 3
618684, 3
641580, 3
560874, 3
225641, 3
44375, 3
453426, 3
209531, 3
610394, 3
89483, 1
116528, 3
81559, 3
88778, 2
132176, 3
358287, 3
145435, 3
251287, 3
5498, 3
334831, 3
10088, 3
296090, 3
337363, 3
286972, 3
324691, 3
448287, 3
387481, 3
609145, 3
30231, 2
640136, 3
583524, 3
457360, 3
130406, 3
322319, 2
645609, 3
263235, 3
490741, 3
344179, 3
53848, 3
564384, 3
235220, 3
72245, 3
112977, 3
376491, 3
74578, 3
360977, 3
138654, 3
656907, 3
222464, 3
473551, 3
90376, 3
188280, 3
174578, 3
66748, 3
85260, 2
437712, 3
247791, 3
380570, 3
321676, 3
501342, 3
294964, 3
451653, 3
661497, 3
651985, 3
302103, 3
400601, 3
54376, 3
333688, 3
472607, 3
536619, 3
366597, 3
103936, 3
334751, 3
202810, 3
540195, 3
451192, 3
36531, 3
590293, 3
60138, 3
447059, 3
520226, 3
61725, 2
660224, 3
502435, 3
12389, 3
240029, 3
290813, 3
515448, 3
80407, 3
122414, 3
343610, 3
411701, 3
257332, 3
546274, 3
23840, 3
328109, 3
489241, 3
409718, 3
517401, 3
637253, 3
616633, 3
404387, 2
237912, 3
293714, 3
98543, 3
292417, 3
268507, 2
28107, 3
590616, 2
198001, 3
317346, 3
595245, 3
242167, 3
233590, 3
244972, 3
38979, 3
368621, 3
571891, 3
377876, 3
397528, 3
399503, 3
340888, 3
350742, 3
341206, 3
374144, 3
641925, 3
193601, 3
616917, 3
192817, 3
659635, 2
473877, 3
120629, 3
107942, 3
48702, 3
428005, 3
253468, 3
640552, 3
451600, 3
303427, 3
506114, 3
227152, 3
562911, 3
511924, 3
605742, 3
129904, 3
233303, 3
49180, 3
244138, 3
633371, 3
863, 3
581885, 3
338079, 3
206109, 2
529186, 3
424514, 3
97423, 3
404970, 3
584303, 3
321531, 3
512644, 3
18387, 3
253436, 3
54244, 3
532095, 3
20107, 3
227162, 1
207095, 3
142699, 3
133030, 3
504881, 3
10146, 3
18967, 3
199544, 2
398820, 3
203218, 3
19236, 3
419030, 3
8321, 3
198488, 3
79836, 3
500321, 3
29763, 3
187082, 3
275844, 3
357894, 3
592841, 3
96034, 3
444853, 3
470910, 3
376864, 3
638039, 3
597916, 3
84026, 3
588531, 3
474799, 3
522066, 3
103133, 3
227377, 3
366303, 3
578173, 3
33190, 3
541909, 3
132166, 3
542279, 3
493529, 3
110501, 3
84901, 3
324350, 3
284219, 3
495082, 3
24103, 3
235537, 3
284707, 3
448977, 3
641742, 3
520107, 3
600897, 3
230273, 3
239072, 3
525583, 3
574532, 3
294434, 3
228980, 3
361118, 3
246459, 3
252724, 3
236175, 3
661853, 3
98526, 3
524661, 2
231576, 3
534545, 3
385682, 3
119961, 3
134176, 3
114554, 2
648212, 3
267988, 3
53587, 3
323331, 3
298647, 3
141772, 3
274775, 3
305702, 3
606604, 3
169902, 3
54365, 3
98978, 2
558235, 3
264568, 3
596896, 1
14345, 3
47381, 3
12001, 3
448889, 3
307751, 3
597752, 3
135784, 3
623307, 3
527121, 3
36965, 3
385102, 3
610895, 3
406886, 3
7163, 3
292331, 3
487764, 3
193211, 3
115410, 3
554568, 3
535303, 3
451035, 3
212724, 3
89929, 3
474299, 1
488007, 3
632682, 3
13748, 3
348497, 3
497702, 3
58253, 3
544877, 3
392167, 3
110543, 3
343787, 3
620953, 3
25279, 3
556074, 3
487545, 3
609621, 3
276998, 3
329488, 3
500196, 3
569274, 3
421199, 3
442338, 3
645088, 3
360282, 3
358475, 3
271318, 3
204072, 3
636844, 3
20496, 3
657271, 3
160911, 3
24816, 3
351328, 3
316201, 3
431859, 3
554547, 3
413840, 3
65397, 3
510847, 3
477172, 3
477352, 3
539937, 3
629305, 3
501235, 3
411077, 3
131937, 3
451296, 3
31223, 3
57133, 3
230101, 3
12339, 3
245594, 3
584648, 3
373327, 2
656335, 3
56030, 3
373040, 3
208831, 3
463976, 3
276719, 3
321187, 3
118606, 3
458306, 3
148671, 3
250158, 3
26748, 3
637042, 3
533623, 3
372334, 2
140584, 3
431167, 2
351145, 3
421703, 3
283183, 3
137809, 3
137160, 3
271864, 3
347846, 3
246882, 3
130052, 3
377564, 3
315787, 3
368011, 3
278296, 3
104763, 3
609499, 3
143438, 3
585746, 3
236118, 3
623932, 3
163192, 3
68651, 3
213748, 3
492894, 3
441924, 1
181930, 3
202659, 3
515135, 3
378743, 3
192228, 3
4523, 3
571733, 3
447197, 3
85734, 3
147156, 3
483102, 3
67400, 3
95559, 1
69333, 3
21733, 3
44291, 3
602648, 3
419367, 3
407485, 3
415057, 3
348373, 3
471785, 3
350614, 3
85189, 3
459733, 3
24761, 3
162668, 3
301231, 3
242882, 3
172026, 3
594170, 3
452470, 2
392096, 2
188850, 3
637169, 3
519380, 3
582248, 3
510143, 3
460340, 3
641790, 3
500572, 3
278769, 3
436565, 3
372741, 3
456720, 3
613788, 3
7402, 3
628197, 3
563653, 3
24530, 3
82724, 3
300801, 2
228084, 3
342516, 2
355169, 3
321095, 3
415956, 3
660536, 3
110399, 3
186087, 3
542088, 3
398888, 3
630023, 3
628511, 3
334155, 3
176933, 3
130634, 3
228383, 3
240049, 3
237764, 3
69061, 2
606422, 1
454753, 3
112087, 3
399467, 3
370278, 3
246707, 3
341421, 3
118895, 3
78194, 3
304703, 3
129064, 3
447713, 3
132552, 3
361701, 3
200724, 2
349841, 3
270232, 3
156738, 3
3933, 3
81904, 3
638187, 3
141708, 3
277695, 3
373144, 3
551524, 3
148724, 3
262238, 3
631629, 3
216571, 3
247021, 3
486565, 3
130863, 3
290798, 3
119072, 3
494013, 1
496175, 3
488155, 3
318051, 3
464589, 3
124376, 3
389011, 3
64900, 3
662824, 3
488649, 3
307987, 3
571332, 3
164245, 3
458917, 3
36206, 3
606610, 3
558155, 3
458772, 3
52546, 3
525989, 3
485922, 3
613694, 3
179782, 3
457333, 3
150604, 3
367469, 3
425328, 3
300985, 3
395461, 3
614222, 3
553247, 3
345703, 3
226918, 3
563794, 3
609054, 2
530027, 3
484246, 3
276835, 3
657129, 3
523335, 3
429068, 3
94736, 3
294409, 3
137156, 2
32357, 3
117903, 3
231856, 3
163177, 3
12259, 3
563701, 2
392584, 3
324838, 3
618342, 3
165914, 3
204977, 3
578747, 3
465358, 3
147288, 1
371405, 3
29014, 3
381034, 3
657324, 3
392201, 3
288095, 3
53105, 2
396823, 3
23902, 3
44461, 3
213491, 3
90335, 3
429477, 3
219405, 3
323964, 3
311855, 3
346673, 3
404752, 2
181595, 3
239469, 3
236388, 3
357516, 3
473982, 3
539673, 3
331177, 3
311783, 3
502484, 3
225359, 3
115149, 3
600319, 3
246701, 3
299195, 3
100811, 3
575874, 2
22806, 3
120599, 3
370397, 3
656826, 3
28172, 3
388275, 3
41147, 3
191763, 3
32649, 3
479040, 3
151303, 3
263975, 3
188520, 2
422597, 3
182311, 3
345290, 3
59338, 3
108419, 3
322654, 3
236831, 2
394983, 3
633665, 3
588643, 3
14838, 3
428220, 3
84892, 3
67940, 3
399621, 3
402878, 3
259257, 3
564044, 3
363249, 3
10221, 3
380713, 3
276627, 3
435554, 3
296781, 3
408630, 3
161776, 3
565089, 3
225979, 3
295827, 3
93579, 3
147804, 3
459767, 3
58578, 3
528236, 3
405882, 3
334617, 3
389753, 3
278062, 3
145881, 3
333428, 3
429229, 3
652119, 3
614166, 3
456949, 3
143100, 2
395548, 3
612917, 3
149453, 3
372077, 3
467648, 3
519646, 3
21224, 3
424075, 1
140957, 3
207205, 3
617197, 3
108166, 3
170435, 3
242011, 3
66066, 3
542928, 3
524834, 3
391787, 3
9405, 3
336173, 3
192320, 3
457598, 3
393010, 3
662, 3
237738, 3
190203, 3
289787, 3
585312, 2
515969, 3
610770, 3
477268, 2
57217, 3
573115, 3
630065, 3
73120, 3
232838, 3
618571, 3
59866, 3
193498, 3
399392, 3
325910, 3
582737, 3
479115, 3
261971, 3
489113, 3
579857, 3
446990, 3
410155, 3
140141, 3
648955, 3
170722, 3
75718, 3
59139, 3
76900, 3
21171, 3
38001, 3
93993, 3
323140, 3
481418, 3
493824, 3
629167, 3
76741, 3
45067, 3
618405, 3
605960, 3
644910, 3
1496, 3
497692, 3
119536, 3
123889, 3
33914, 3
278723, 3
580286, 3
30520, 3
210026, 3
440591, 3
196994, 3
364078, 3
76932, 3
84386, 3
655770, 3
230773, 3
149590, 3
278117, 3
245271, 3
268597, 2
654422, 3
186679, 3
280819, 3
423118, 3
88728, 3
140829, 3
385837, 3
377401, 3
223366, 1
414482, 3
150020, 3
531874, 1
318920, 3
110654, 3
183087, 3
199832, 3
170172, 3
228448, 3
348885, 3
184117, 3
333830, 3
83960, 3
28802, 3
243345, 3
412175, 3
380553, 3
97311, 3
393165, 3
177073, 3
559304, 3
588656, 3
569222, 2
180617, 3
181701, 3
626758, 3
485855, 3
387999, 2
21458, 3
484881, 3
239805, 3
589820, 3
598680, 3
449364, 3
234177, 3
390462, 3
138079, 3
333226, 3
208652, 3
271397, 3
127750, 3
152887, 3
174940, 3
551772, 3
621365, 3
585991, 3
578082, 3
53511, 3
142679, 3
538528, 3
483411, 3
119585, 3
65352, 3
71357, 3
589770, 3
191734, 3
193521, 3
540810, 3
656798, 3
416100, 3
197167, 3
433179, 3
354115, 3
578312, 3
95455, 3
247753, 3
199858, 3
364505, 3
405636, 3
190711, 3
290192, 3
454002, 3
360986, 3
363632, 3
26118, 3
99367, 3
452085, 2
562499, 3
612823, 3
287767, 3
414, 3
490543, 3
253556, 2
580921, 3
302249, 3
127190, 3
93793, 3
614345, 3
466921, 3
653162, 3
204631, 3
179514, 3
584003, 3
37660, 2
94639, 3
455050, 3
190225, 3
55138, 3
239034, 3
592424, 3
608027, 2
598207, 3
596369, 3
517334, 3
79861, 3
52393, 3
340006, 3
275288, 3
485348, 3
319707, 3
84638, 3
84158, 3
169081, 3
564040, 3
235879, 3
649370, 3
443489, 3
121795, 3
230506, 3
456646, 3
446682, 3
380312, 3
449665, 3
60492, 3
391710, 3
496369, 3
547797, 3
282327, 3
212359, 2
554114, 3
131146, 3
542662, 3
335747, 3
399210, 3
297301, 2
305670, 3
398274, 3
62456, 3
495412, 3
423675, 3
91606, 3
642158, 2
336093, 2
575887, 3
357577, 3
325866, 3
579829, 3
65055, 3
445437, 2
364767, 3
81746, 3
505892, 3
400910, 3
485536, 3
330264, 2
231156, 3
605349, 3
331155, 3
12706, 3
191739, 2
592730, 3
614374, 3
214873, 3
543954, 3
347866, 3
39960, 3
599041, 3
400541, 3
454958, 3
468970, 3
376367, 3
426334, 3
445890, 3
19318, 3
157336, 3
13972, 3
332683, 3
534954, 3
148015, 3
330990, 3
388905, 3
31339, 3
579597, 3
537976, 3
238057, 3
582433, 3
341437, 3
27289, 3
133330, 3
432873, 3
228427, 3
5679, 3
198587, 3
128869, 3
367484, 3
369670, 3
434557, 3
576288, 3
189308, 3
616068, 3
389282, 3
135549, 3
614807, 3
408206, 3
93017, 3
557865, 3
620592, 3
135919, 3
75860, 3
240645, 3
579704, 3
588005, 3
344693, 3
142896, 3
108421, 2
378325, 3
165919, 3
273620, 3
341505, 3
479357, 3
530656, 3
112425, 3
227619, 3
240818, 3
51405, 2
126285, 3
153735, 3
417573, 3
267902, 3
398432, 3
205734, 3
207047, 3
149629, 3
27743, 3
484772, 3
379379, 3
69509, 3
355285, 3
216257, 3
159606, 3
5905, 3
102866, 3
316168, 3
287876, 3
646599, 3
433721, 3
415544, 3
199588, 2
50296, 3
599487, 1
226354, 3
7, 3
500124, 1
212545, 3
522228, 3
133528, 3
189215, 3
365715, 3
475814, 3
262373, 3
41483, 3
251411, 3
430201, 3
662377, 3
186248, 3
536731, 3
121406, 3
590403, 3
649836, 3
314961, 3
415241, 3
273457, 3
428210, 2
654525, 3
535310, 3
418816, 3
137654, 3
236312, 3
495127, 3
207682, 3
325502, 3
308384, 3
482084, 3
456439, 1
468090, 3
512536, 3
410738, 3
648532, 3
132515, 3
522367, 3
468649, 3
340899, 3
580308, 3
547438, 3
384548, 3
393858, 3
602254, 3
127266, 3
426458, 3
427349, 3
292947, 3
17466, 3
630948, 3
648272, 3
408553, 3
363384, 3
530880, 3
466891, 3
279171, 3
158585, 3
253877, 3
147461, 3
5263, 3
652957, 3
112606, 3
280295, 3
404904, 3
275391, 3
639910, 3
45228, 3
331692, 3
344813, 3
417256, 3
155165, 3
614035, 3
373445, 3
448255, 3
200202, 3
507758, 3
385862, 3
216832, 3
136926, 3
216818, 3
406611, 3
237355, 3
249250, 3
401493, 3
224691, 3
135805, 3
79790, 3
36852, 3
163351, 3
571766, 3
80690, 3
252343, 3
556737, 3
442854, 3
151225, 3
432684, 3
362690, 3
247625, 3
478273, 3
469751, 3
54664, 3
498010, 3
314109, 3
244250, 3
54262, 3
586114, 3
347354, 3
20025, 3
449065, 3
369827, 3
485542, 3
120138, 3
202518, 3
340658, 3
67185, 3
465324, 3
474006, 3
281073, 3
583192, 3
542326, 3
662598, 3
73781, 3
483120, 3
29401, 3
388243, 3
556628, 3
147430, 3
325794, 3
27239, 3
61255, 3
57690, 3
161447, 3
291146, 3
401922, 3
387951, 3
563142, 3
526929, 3
124671, 3
22289, 3
610629, 3
656629, 3
299077, 3
427326, 2
389233, 3
510296, 3
510165, 3
209647, 3
284691, 3
343836, 3
115467, 3
275024, 3
592577, 3
34330, 3
500295, 3
97378, 1
453243, 1
202966, 3
9582, 3
271872, 3
536499, 3
550784, 3
171295, 3
275254, 3
542708, 3
496978, 3
654845, 3
54205, 3
389583, 3
528952, 3
558749, 1
495005, 3
597060, 3
163910, 3
65815, 3
320591, 3
198215, 3
348575, 3
262235, 3
64040, 3
187258, 3
284628, 3
498644, 3
180164, 2
659546, 3
345361, 3
390727, 3
124259, 3
137551, 3
128722, 3
74646, 3
352630, 3
238989, 3
240558, 3
396850, 2
596825, 3
221302, 3
311828, 2
486390, 1
179774, 3
547028, 3
114605, 3
310977, 3
465513, 3
617341, 3
611346, 3
108666, 3
622145, 3
661436, 3
582525, 3
356622, 3
74077, 3
546125, 3
206395, 3
251883, 3
223820, 3
180533, 3
611872, 3
73336, 3
648871, 3
187968, 3
464004, 3
19755, 3
393642, 3
267537, 3
222726, 3
575720, 3
605440, 3
644612, 3
346751, 2
403916, 3
134687, 3
233716, 3
660904, 3
381981, 3
322810, 3
657462, 3
399551, 3
393009, 3
75966, 3
135238, 3
106458, 3
83474, 2
126472, 3
93748, 3
535247, 3
105958, 3
384625, 3
398456, 3
263397, 3
645525, 3
212344, 3
21189, 3
262821, 3
526675, 3
237153, 3
97473, 3
237094, 3
642712, 3
384955, 3
417013, 3
583700, 3
12952, 3
652754, 3
394340, 3
511716, 3
265330, 3
260867, 3
114947, 2
448329, 3
223870, 3
315744, 3
493506, 3
125782, 3
528434, 3
507513, 3
238222, 3
525016, 2
111585, 3
242535, 3
303569, 3
660290, 3
410825, 3
332293, 3
384394, 3
635060, 3
464406, 3
243081, 3
558370, 3
561945, 3
419170, 3
631085, 3
141867, 3
30956, 3
142282, 3
463270, 3
231633, 3
126400, 3
502287, 3
108104, 3
266688, 3
372899, 3
466176, 3
517766, 3
490975, 3
283358, 3
613502, 3
343931, 3
333681, 3
565413, 3
60040, 3
663114, 2
507873, 3
634867, 3
432900, 3
208270, 3
189123, 3
387800, 3
55355, 3
125883, 3
453660, 3
247715, 3
609514, 3
318345, 3
296978, 3
606999, 3
577678, 3
234114, 3
161863, 3
389043, 3
561471, 3
305668, 3
255308, 3
196337, 3
539003, 3
655886, 3
549438, 3
50187, 1
353073, 3
182505, 2
515075, 3
293972, 3
333914, 3
54174, 3
576580, 3
202991, 3
632520, 3
291268, 3
622558, 3
529506, 1
381716, 3
353546, 3
199975, 3
160171, 3
132114, 1
30787, 3
607667, 3
3800, 3
554853, 3
572423, 3
492592, 2
86073, 3
556693, 3
417562, 3
158612, 3
650172, 3
616896, 3
351711, 3
56773, 3
540098, 3
441797, 3
134987, 3
225275, 3
341479, 3
128336, 3
627351, 3
572994, 3
411158, 3
558619, 3
628275, 3
192047, 3
422007, 3
188565, 3
352249, 3
212543, 3
300225, 3
500275, 3
280185, 3
298891, 3
112630, 3
254207, 3
650418, 3
282403, 3
420245, 3
602021, 3
43893, 3
498576, 3
643631, 3
602637, 3
447455, 3
203226, 3
449234, 3
606063, 3
540767, 3
313882, 3
59645, 3
15181, 3
333133, 3
231963, 3
317765, 3
258830, 3
142352, 2
340440, 3
18391, 3
595678, 3
76817, 3
90618, 3
519462, 3
573584, 3
643538, 3
160753, 3
568463, 3
465444, 3
36180, 3
272878, 3
190007, 3
539341, 3
233671, 3
284799, 3
275679, 3
359158, 3
277129, 3
402675, 3
140801, 3
551351, 3
448406, 2
43826, 3
339040, 3
303645, 3
175463, 3
427208, 3
455736, 3
325486, 3
316810, 3
80098, 3
293069, 3
513059, 3
172156, 3
555915, 3
399519, 3
21692, 3
203596, 3
417418, 3
604195, 3
144186, 1
235550, 3
382715, 3
614957, 3
124680, 3
148556, 3
342942, 3
613754, 3
414374, 3
174874, 1
157483, 3
4776, 2
562907, 1
289091, 3
465555, 3
638344, 3
321069, 3
532926, 3
278781, 3
432249, 3
633276, 3
147728, 3
74410, 3
418391, 3
217249, 2
556137, 3
180601, 3
372052, 3
200384, 3
616497, 3
322268, 2
58144, 3
155003, 3
412349, 3
199140, 3
365669, 3
561320, 3
41576, 3
147713, 3
590806, 3
631553, 3
505947, 3
343958, 3
618525, 3
196838, 3
415359, 2
522796, 3
48255, 3
189822, 3
108031, 3
227381, 3
562947, 3
586823, 3
27047, 3
594815, 3
338647, 3
123254, 3
492495, 3
282717, 3
497629, 3
527876, 3
17794, 3
197360, 3
379372, 3
182877, 2
459656, 3
47193, 3
409703, 3
206172, 3
475124, 3
663757, 3
390273, 3
112783, 3
468268, 3
8293, 3
98938, 3
122844, 3
395004, 3
564739, 2
305147, 3
144025, 3
54056, 3
220480, 3
510694, 3
125745, 3
609537, 3
195113, 3
304808, 3
534114, 3
161552, 3
76570, 1
301209, 3
348335, 3
509974, 3
635051, 3
460792, 3
347682, 3
72946, 3
600039, 3
95252, 3
222270, 3
531424, 3
378385, 3
232751, 3
73743, 3
656106, 3
217737, 1
617568, 3
16382, 3
403857, 3
170858, 3
602699, 3
440934, 3
44267, 3
349698, 3
612945, 3
312287, 3
454992, 3
30624, 3
384407, 3
605217, 3
50313, 3
77554, 3
464436, 3
202995, 3
465088, 3
286440, 3
240329, 3
100569, 3
270186, 3
637168, 3
493240, 3
469539, 2
513093, 3
78160, 3
181005, 3
536079, 3
618015, 3
64578, 3
587386, 1
565083, 2
121273, 3
181999, 3
615777, 3
36835, 3
368195, 3
171802, 3
137857, 3
198852, 3
471254, 3
418278, 3
112339, 3
102993, 3
557083, 3
406768, 3
149301, 3
460501, 2
151297, 3
550377, 3
11907, 3
259838, 3
621506, 3
405385, 3
231411, 3
202613, 3
242366, 3
500363, 3
612552, 3
396348, 3
604329, 3
265595, 3
406380, 3
585921, 2
564833, 3
174184, 3
246786, 3
271369, 3
240131, 3
419528, 3
389449, 3
358764, 3
559170, 3
10915, 3
191909, 3
475350, 3
308072, 3
516498, 3
158563, 3
361396, 3
625871, 3
368839, 3
277488, 3
625229, 3
256120, 3
519953, 3
476822, 3
424844, 3
316483, 3
618520, 1
223201, 3
349234, 3
367381, 3
313934, 3
441356, 2
136833, 3
228804, 3
111477, 3
187036, 2
629489, 3
7745, 3
113523, 3
360258, 3
42176, 3
247745, 3
606488, 3
183459, 3
116261, 3
132813, 3
214524, 3
591177, 3
388810, 2
245863, 3
576638, 3
159645, 3
51694, 3
213576, 3
175034, 3
572574, 3
178711, 3
511449, 3
153276, 3
242660, 3
239937, 3
536192, 3
574659, 3
329247, 3
4106, 3
512154, 3
284911, 3
181336, 3
439799, 3
167142, 3
266282, 3
622817, 3
87542, 3
540945, 3
455263, 3
220211, 3
257374, 3
563231, 3
450561, 3
35933, 3
180995, 2
97579, 3
175162, 3
570423, 3
303030, 3
590429, 3
138631, 3
255386, 3
468899, 3
600065, 3
328306, 3
474511, 3
566154, 3
263258, 3
239242, 3
467800, 3
616947, 3
162906, 3
593202, 3
175882, 3
229469, 3
586484, 3
344288, 3
611441, 3
349512, 3
32990, 3
97985, 3
584204, 3
635920, 3
114841, 3
86986, 3
169108, 3
68893, 3
582368, 3
24410, 3
36540, 3
557395, 3
82931, 3
442774, 3
420038, 3
145509, 3
400816, 3
502502, 3
219294, 3
96241, 3
646154, 3
227499, 3
157618, 3
266400, 3
343798, 3
251907, 3
122897, 3
467154, 3
502260, 3
463578, 3
180034, 3
253766, 3
516140, 3
174651, 3
360313, 3
28150, 2
257628, 3
422165, 3
199557, 3
409638, 3
69697, 3
478746, 3
17236, 3
602836, 3
553772, 3
344334, 3
150887, 3
475699, 3
485050, 3
13745, 3
478062, 3
43811, 3
222055, 3
339519, 3
455874, 3
163076, 3
121693, 3
371347, 3
581014, 3
587709, 3
325567, 3
221214, 2
653637, 3
363818, 3
512038, 3
170268, 3
458606, 3
459686, 3
401498, 3
565968, 3
219987, 3
279897, 3
445108, 3
100347, 3
83118, 3
298778, 3
461138, 3
465662, 3
244458, 3
407488, 3
226368, 3
358759, 3
231724, 3
87895, 3
161958, 3
655646, 3
16226, 3
198521, 3
162315, 3
352092, 3
568239, 3
229150, 3
612001, 3
113817, 3
375085, 3
213171, 3
606966, 3
392263, 2
513537, 3
446472, 3
295317, 3
588281, 3
603461, 3
122445, 3
514647, 3
333902, 3
429335, 3
421017, 3
620991, 3
109037, 3
488450, 2
301779, 3
222945, 3
407122, 3
389426, 3
53734, 3
613539, 3
604124, 3
141982, 3
146609, 3
373733, 2
144854, 2
58309, 3
384328, 3
213189, 3
337548, 3
320416, 3
335133, 3
73766, 3
17112, 3
112159, 3
210560, 3
132418, 3
308366, 3
225558, 3
13863, 3
548480, 3
28623, 3
190268, 3
296775, 2
590386, 3
119833, 3
481717, 3
652160, 3
642094, 3
289701, 3
345878, 3
2844, 3
380377, 3
438174, 3
432835, 3
194181, 3
484129, 3
504118, 3
52093, 3
549242, 3
579534, 3
29332, 1
68494, 3
567809, 3
162261, 3
100616, 3
158970, 3
606889, 2
207734, 3
441915, 3
45006, 3
626051, 3
111277, 3
190819, 3
306432, 3
296652, 3
657194, 3
118336, 3
448666, 3
254210, 3
282022, 3
187405, 3
121383, 3
187459, 3
24859, 3
483335, 2
225146, 3
639788, 3
242445, 3
51532, 3
40384, 3
124847, 3
158615, 3
359394, 3
644694, 3
462300, 3
117906, 3
210624, 3
122196, 3
517045, 3
536951, 3
398539, 3
622213, 3
522186, 3
154880, 3
79781, 3
412439, 3
227702, 3
476592, 3
35013, 3
353670, 3
65806, 3
192640, 3
307297, 3
280431, 3
256820, 3
340673, 1
429394, 3
174044, 3
480863, 3
147253, 3
407668, 3
35663, 3
397209, 3
589365, 3
323543, 3
156530, 3
284653, 3
567203, 1
513316, 3
410658, 3
344788, 3
56604, 3
561251, 3
100090, 3
267748, 3
216033, 3
270755, 3
531532, 3
656402, 3
562696, 3
291608, 3
486825, 3
236539, 3
367668, 3
148372, 3
175079, 3
141610, 3
38893, 3
352887, 3
221462, 3
630594, 3
407813, 3
240219, 2
330869, 3
270081, 3
284179, 3
354284, 3
184140, 2
251498, 3
577305, 3
327128, 3
324305, 3
547238, 3
449561, 3
415400, 3
374628, 3
613144, 3
237393, 3
134433, 3
485123, 3
555567, 3
205987, 3
425198, 3
216873, 3
363380, 3
650921, 1
198753, 3
420678, 3
426604, 2
113897, 3
438070, 3
304306, 3
289789, 3
405206, 3
141335, 3
555051, 3
199675, 3
233382, 3
92450, 3
98323, 3
377648, 3
343187, 3
377868, 3
648765, 3
171267, 3
512649, 3
633181, 3
76033, 3
232445, 3
646902, 3
131154, 3
579307, 3
389166, 2
14140, 3
577025, 3
122099, 3
442693, 3
168401, 3
28928, 3
633930, 3
105284, 3
20865, 3
610174, 3
395401, 3
422442, 3
570515, 3
545992, 3
374966, 3
212300, 3
379756, 3
17762, 3
218848, 2
352248, 3
342989, 3
530407, 1
414176, 3
660453, 1
15569, 3
184866, 3
229124, 3
559337, 3
607781, 3
608992, 3
23926, 3
640824, 3
198539, 3
558056, 2
418571, 3
44820, 3
68427, 3
249604, 3
350914, 3
91930, 3
80069, 3
594785, 3
111949, 3
647525, 3
146246, 3
134849, 3
214726, 3
62473, 3
40669, 3
274144, 3
425594, 3
445955, 1
409529, 3
281858, 3
227235, 3
442805, 3
459234, 3
80256, 3
428989, 3
113173, 3
138906, 3
190956, 3
537627, 3
392154, 3
215497, 3
281994, 3
188359, 3
538805, 3
595805, 3
496887, 3
192069, 3
209848, 3
433326, 3
506161, 3
531475, 3
220233, 3
390568, 3
161115, 3
140629, 3
469996, 3
322324, 3
317146, 3
133517, 3
98819, 3
177576, 3
248100, 3
90858, 3
446228, 3
40121, 3
575323, 2
230027, 3
455578, 3
408475, 3
565241, 3
49254, 3
243209, 3
17496, 3
43662, 3
166436, 3
542360, 3
87182, 3
135232, 3
377662, 3
312502, 3
281841, 3
339719, 3
433339, 2
257065, 3
141317, 3
349895, 3
502746, 3
216060, 3
649618, 3
491082, 3
79959, 3
170916, 3
95848, 3
315951, 3
33504, 3
496814, 3
171336, 3
649610, 3
370705, 3
270982, 3
300430, 3
180143, 3
393521, 3
224641, 2
544009, 3
287801, 3
372724, 3
227527, 3
36265, 3
186138, 3
252304, 3
411877, 3
600020, 3
216432, 3
30768, 3
237880, 3
180252, 3
275405, 3
196905, 3
218258, 3
491080, 3
11169, 3
401813, 3
14685, 3
519937, 3
32892, 3
55671, 3
300576, 3
662644, 2
453236, 3
368890, 1
416912, 3
631327, 3
209970, 3
23790, 3
109595, 3
393469, 3
664898, 3
36446, 3
266009, 3
239697, 3
478293, 3
495878, 3
434822, 3
458094, 3
390676, 3
464017, 3
181471, 3
572121, 3
460618, 3
71141, 3
268353, 3
518605, 3
636021, 3
276666, 3
3029, 3
215079, 3
308916, 3
163808, 3
266690, 3
572911, 3
241160, 3
403357, 3
445198, 3
113549, 3
104142, 3
250943, 3
128769, 3
647092, 3
21983, 3
558044, 3
8706, 3
14515, 3
389001, 3
424998, 3
583499, 3
71315, 3
256751, 3
28249, 3
91219, 3
187268, 3
623525, 3
372470, 3
202618, 3
195595, 3
391289, 3
175273, 3
137291, 3
192009, 3
468140, 3
256877, 3
72261, 3
326231, 3
315760, 3
471921, 3
575791, 3
606967, 3
156536, 3
617052, 3
482648, 3
534717, 3
366842, 3
41296, 3
250777, 3
387719, 3
471870, 3
505641, 3
373926, 3
489404, 3
541933, 3
328913, 1
485747, 3
81861, 3
431642, 1
32745, 2
105501, 3
44396, 3
148808, 3
293160, 3
570696, 3
10013, 3
313076, 3
309361, 3
306201, 3
111975, 3
581863, 3
354617, 3
80355, 3
623584, 3
442350, 3
88821, 3
394795, 3
191521, 3
12195, 3
390570, 3
192858, 2
392516, 3
597572, 3
434997, 3
74647, 3
70979, 3
236137, 3
214495, 3
348427, 3
540393, 3
360685, 3
283745, 2
464688, 3
440362, 2
455413, 3
568823, 3
76530, 3
71952, 3
472809, 3
95817, 3
184776, 3
431138, 1
356806, 3
642968, 3
514800, 3
408193, 3
372163, 3
353624, 3
449954, 3
531103, 3
365038, 3
100101, 3
199470, 2
628629, 3
53816, 3
231892, 3
611612, 3
27136, 3
468143, 3
325708, 3
534200, 3
562801, 3
265541, 3
444197, 3
117970, 3
581912, 3
196984, 3
558627, 3
463979, 3
376677, 3
362005, 3
110870, 3
138233, 3
665263, 3
341942, 2
664947, 3
645894, 3
490429, 3
480339, 3
85287, 3
273071, 3
623365, 3
288039, 3
435242, 3
263984, 3
571947, 3
449882, 2
342900, 3
211821, 3
602849, 3
175125, 3
475064, 3
215383, 3
203789, 3
459790, 3
135904, 3
278329, 3
69025, 3
540184, 2
421034, 3
501257, 3
281450, 3
230644, 3
443257, 3
74660, 2
443717, 3
287003, 3
436748, 2
419785, 3
198996, 3
465341, 3
121259, 3
503515, 3
59734, 3
330222, 3
184796, 3
271712, 3
435432, 3
268826, 3
293886, 3
252420, 2
39433, 3
411890, 3
183053, 3
55530, 3
407112, 3
409014, 3
314628, 3
270157, 3
318117, 3
661695, 3
267695, 3
185331, 3
19521, 3
93333, 3
440633, 2
116397, 3
97938, 3
90035, 3
92411, 3
317937, 3
350629, 3
562194, 3
189825, 3
508373, 2
298702, 3
116422, 3
559937, 3
613802, 3
607616, 3
1579, 3
606330, 3
320454, 3
2455, 3
542487, 3
134196, 3
257013, 3
23962, 3
364694, 3
629279, 3
660294, 3
578897, 3
223916, 3
274867, 3
416291, 3
219035, 3
225662, 3
592197, 3
513952, 3
34991, 3
161052, 3
102656, 3
461404, 2
255744, 3
449465, 1
220335, 3
472561, 3
362500, 3
265511, 3
324859, 3
590035, 3
402385, 3
416359, 3
636726, 3
209930, 3
214240, 3
526698, 3
508551, 3
67334, 3
612589, 3
139366, 3
324343, 3
211355, 3
223747, 3
247287, 3
647141, 3
302254, 3
46325, 3
395233, 3
102317, 3
304993, 3
177051, 3
181158, 3
24441, 3
518307, 3
590264, 3
425055, 3
192819, 3
232915, 3
217646, 3
588184, 3
407074, 3
140111, 3
472503, 3
328542, 3
639819, 3
305119, 3
421169, 3
173608, 3
148403, 2
75326, 3
104048, 3
588838, 3
140269, 3
253657, 3
143385, 3
174910, 3
17029, 3
241863, 3
610236, 3
203181, 3
321935, 3
225179, 3
249869, 3
430139, 3
179658, 3
328426, 3
522676, 3
123711, 3
493953, 3
527108, 3
356226, 2
256883, 3
481637, 3
272244, 3
151793, 3
603156, 3
222391, 3
648350, 3
367556, 3
402363, 3
552583, 3
403044, 3
221772, 3
565614, 3
136245, 3
229383, 3
320110, 3
650941, 3
463618, 3
103042, 3
524573, 3
204552, 3
361388, 3
602730, 3
476737, 3
406793, 3
119127, 3
373203, 3
400269, 3
208629, 3
282592, 3
537502, 3
255359, 3
237059, 3
316481, 3
606328, 3
323472, 3
117607, 3
277177, 3
155902, 3
291449, 3
161806, 3
525265, 3
145886, 3
289032, 3
608570, 3
76453, 3
461935, 3
11411, 3
80830, 3
581390, 3
353829, 3
64613, 3
1688, 3
378660, 3
494135, 3
636257, 3
631909, 3
367936, 3
422759, 3
631558, 3
5585, 3
636856, 3
432419, 3
528237, 3
558632, 3
146616, 3
293249, 3
511634, 3
226303, 3
284967, 3
75488, 3
573412, 3
62477, 3
66684, 3
151457, 3
358378, 3
273221, 3
402603, 3
79361, 3
574881, 3
334346, 3
285880, 3
275355, 3
511442, 3
91234, 3
663523, 3
308539, 3
50193, 3
617890, 3
70818, 3
503174, 3
139110, 3
103926, 3
189581, 3
388232, 2
524919, 3
614530, 3
402768, 3
547419, 3
17960, 3
258192, 3
345617, 3
504789, 3
100622, 3
20374, 3
85564, 3
41156, 3
641167, 3
317167, 3
436846, 3
512686, 3
549206, 3
271124, 3
471239, 3
166003, 2
33410, 3
152485, 3
126165, 3
16277, 3
161047, 3
71178, 3
521412, 3
283872, 3
542779, 3
18236, 3
609650, 3
344324, 3
111999, 3
412068, 3
653246, 3
506285, 1
150654, 3
545755, 3
269411, 3
208745, 3
81800, 3
568859, 3
400324, 2
145022, 3
99934, 2
256199, 3
35678, 3
488212, 3
268913, 3
97715, 3
604456, 3
345502, 3
187821, 3
274173, 3
471037, 3
577482, 3
122881, 3
71642, 3
324636, 3
450657, 3
645502, 3
558519, 3
389918, 3
487417, 3
396273, 3
578051, 3
336388, 3
561367, 3
225398, 3
579642, 3
308190, 3
71276, 3
6650, 3
547224, 3
67385, 3
336651, 3
186799, 3
362620, 3
104921, 3
328918, 3
76429, 3
328318, 3
205984, 3
469685, 3
427394, 3
365869, 3
356575, 3
466851, 3
180410, 2
425906, 2
76296, 3
236977, 3
273927, 3
195, 3
112704, 1
113765, 3
247514, 3
606417, 3
395218, 3
342770, 3
63139, 3
437981, 3
360883, 3
281067, 3
591344, 3
104974, 3
392448, 3
159159, 3
271791, 3
80292, 3
379408, 3
324364, 3
511262, 3
309029, 3
394624, 2
133072, 3
54936, 3
180436, 3
377197, 3
19259, 3
535056, 3
192186, 2
273922, 3
495934, 3
319933, 3
356429, 3
309507, 3
528990, 3
142886, 3
491863, 3
258592, 3
451255, 1
646959, 3
325247, 3
79375, 3
544552, 3
256185, 3
313528, 3
641293, 3
214394, 3
247410, 3
341411, 3
525777, 3
366188, 3
199031, 3
283070, 3
134378, 3
132410, 3
83405, 3
596296, 3
467796, 3
420783, 3
202616, 3
571411, 3
357554, 3
13497, 3
409479, 3
116476, 3
386471, 3
120135, 3
499442, 3
385448, 3
543327, 3
197849, 3
215241, 3
535463, 3
499333, 3
55320, 3
319666, 3
653295, 3
567398, 2
384689, 3
142914, 3
137189, 3
92459, 3
453627, 3
284121, 3
511862, 3
593011, 3
266529, 3
28959, 3
396322, 3
496331, 3
300959, 3
62121, 3
409111, 3
20076, 3
137190, 3
38616, 3
408392, 3
229392, 3
37412, 3
22405, 3
477494, 3
61769, 2
512482, 3
38258, 3
242534, 3
347944, 3
541030, 3
229706, 3
2310, 3
193757, 3
234720, 3
423674, 3
564007, 3
407138, 3
3259, 3
261705, 3
589637, 3
556209, 3
245825, 3
140815, 3
380759, 3
125094, 3
274838, 3
227395, 3
155272, 3
437425, 3
36396, 3
661664, 3
596415, 3
109932, 3
372444, 3
87077, 3
309318, 3
192282, 3
386375, 3
231032, 3
111888, 3
73937, 3
161539, 3
245636, 3
20925, 2
391153, 3
530973, 3
455009, 3
329850, 3
623509, 3
125904, 3
58883, 3
239535, 3
368954, 3
469263, 3
348976, 3
341557, 3
461199, 3
226618, 3
498861, 3
486563, 3
133257, 3
4808, 3
131128, 3
304007, 3
419682, 3
170885, 3
52498, 3
437343, 3
420923, 3
256380, 3
487128, 3
567147, 3
405888, 3
512459, 3
204872, 3
111358, 3
385354, 3
86395, 3
305374, 3
476975, 3
51900, 3
154814, 3
1220, 3
411737, 3
160232, 3
26198, 3
520591, 3
631845, 3
576044, 3
343591, 3
491409, 3
341761, 3
558502, 3
381170, 3
18519, 3
212332, 3
455681, 3
551257, 3
135010, 3
650632, 3
645370, 3
275957, 3
400101, 3
317384, 3
371271, 3
367500, 3
56184, 3
112887, 3
330975, 3
608198, 3
145740, 3
304793, 3
123882, 3
49799, 2
232291, 3
117106, 3
9892, 3
188286, 3
128434, 3
455395, 3
651566, 3
457264, 3
577766, 3
226454, 3
213458, 3
448702, 3
645072, 3
383791, 3
635868, 3
160540, 3
227812, 3
76820, 1
508960, 3
24622, 3
103765, 3
426351, 3
28823, 3
40456, 3
109396, 3
336700, 3
658532, 3
21328, 3
653903, 3
495705, 3
330912, 3
31388, 3
108525, 3
512654, 3
443970, 3
176574, 3
449932, 3
11794, 3
5021, 3
426803, 3
312046, 3
472345, 3
255983, 3
58646, 3
447799, 3
296117, 1
108606, 3
13331, 3
523234, 3
306254, 3
389225, 3
61501, 3
580747, 3
329596, 3
143671, 3
420522, 3
471787, 3
537009, 3
455864, 3
438440, 3
556454, 3
119652, 3
380958, 3
367572, 2
441322, 3
17256, 3
265349, 3
427493, 3
459880, 3
636974, 3
103208, 3
526280, 3
236992, 3
44832, 3
400847, 3
19109, 3
664117, 3
368194, 3
431727, 3
509686, 3
223016, 3
575810, 2
636763, 3
149718, 3
232083, 3
32753, 3
34397, 3
73057, 3
362018, 3
80320, 3
511914, 3
75431, 3
520553, 3
640312, 3
604210, 3
443852, 3
126922, 3
41923, 3
81836, 3
436132, 3
335812, 3
160734, 3
177396, 3
528109, 3
463199, 3
175766, 3
137187, 3
325453, 3
376568, 3
596807, 3
28946, 3
198952, 3
429560, 3
633877, 3
554014, 3
252467, 3
534011, 3
583578, 3
289976, 3
43730, 2
212861, 1
421380, 3
400478, 3
111471, 3
308900, 3
199404, 3
591480, 3
147959, 3
335606, 3
591488, 3
249562, 3
535313, 3
656052, 3
618144, 3
277531, 3
511016, 3
385176, 3
530438, 1
35047, 3
632951, 3
317093, 3
8517, 3
25842, 3
420786, 3
438397, 3
369177, 3
130901, 3
466332, 3
94743, 3
404778, 3
658386, 3
435291, 3
168620, 3
461473, 3
622582, 3
646019, 3
239550, 3
553239, 3
532252, 3
317955, 3
309744, 3
586389, 3
89579, 3
380973, 3
218193, 3
64230, 3
111544, 3
660412, 3
42470, 3
613730, 3
619868, 3
619691, 3
122510, 3
360573, 3
342210, 3
69540, 3
526101, 3
645372, 3
355384, 3
114165, 3
69407, 3
611824, 3
357733, 3
164197, 3
275046, 3
522107, 3
9603, 3
526490, 3
385783, 3
330480, 3
101914, 3
116056, 3
246122, 3
10460, 3
362878, 3
296733, 3
581767, 3
44652, 3
547687, 3
387115, 3
361419, 3
648755, 3
475617, 3
480397, 3
481681, 3
118211, 3
264543, 3
99717, 3
369219, 3
87906, 3
261724, 3
130061, 3
361806, 3
75312, 3
616572, 3
545256, 3
278790, 3
501812, 3
131961, 3
262693, 3
94554, 3
550329, 3
450621, 3
422906, 3
102233, 3
350200, 3
211763, 3
145296, 3
425389, 3
479028, 3
228449, 3
538767, 3
623648, 3
515436, 3
586275, 3
565329, 3
287271, 3
118396, 3
286074, 3
187266, 3
66970, 3
452542, 3
224830, 3
414810, 3
458327, 3
87848, 3
622016, 3
650142, 3
268720, 3
318441, 3
203072, 3
540873, 3
54763, 3
640791, 3
474742, 3
431015, 3
178328, 3
632178, 3
205894, 2
256555, 3
311916, 3
134743, 3
393139, 3
463630, 3
210088, 3
633083, 3
204114, 3
104667, 3
467451, 3
498092, 3
323972, 3
227979, 3
25442, 3
39716, 3
121889, 3
15368, 3
171258, 3
542395, 3
94074, 3
555597, 3
366108, 3
627447, 3
245486, 3
441649, 3
33986, 3
228183, 3
344664, 3
447347, 3
565285, 3
571282, 3
155684, 3
614270, 3
446299, 3
580805, 3
186552, 3
173534, 3
376930, 3
534813, 3
516210, 3
457931, 3
448786, 2
546533, 3
654927, 2
644786, 3
228198, 3
505979, 3
384262, 3
655527, 1
110810, 3
575777, 3
115299, 3
398878, 3
494597, 3
478186, 3
249648, 3
476515, 1
417926, 3
366151, 3
136981, 3
388516, 3
543467, 3
119890, 3
427674, 3
53594, 3
605116, 3
517162, 1
298899, 3
17258, 3
363861, 3
438581, 3
311029, 2
279857, 3
271395, 3
300680, 3
247334, 3
174955, 3
269011, 3
515814, 3
233933, 3
635399, 3
500904, 3
444397, 3
320826, 2
305186, 3
471112, 1
516738, 3
361674, 3
146435, 3
648751, 3
121187, 3
484627, 3
107961, 3
441798, 3
417361, 3
368888, 3
139596, 3
205686, 3
40273, 3
96658, 3
164035, 3
437928, 3
573431, 3
27203, 3
345485, 3
416471, 3
234144, 3
558594, 3
267467, 3
592509, 3
460702, 3
69842, 3
250373, 3
511068, 1
199889, 3
371951, 3
387427, 3
437684, 3
599188, 3
262540, 3
183250, 2
12602, 3
325183, 3
295720, 3
139015, 3
197438, 3
157290, 3
353704, 3
286692, 3
109992, 3
255950, 3
386698, 3
229724, 3
157918, 3
601771, 2
135991, 3
439074, 3
483528, 3
235042, 3
660506, 3
180603, 3
86154, 3
292626, 3
442480, 3
204229, 3
148923, 3
94219, 3
29374, 3
364964, 3
620488, 3
194649, 3
576196, 3
524515, 3
233272, 3
566746, 3
516562, 3
442897, 3
445668, 3
576865, 3
507392, 1
432847, 3
327136, 3
28487, 3
270352, 3
626709, 3
528893, 3
112431, 3
5519, 3
568119, 3
390429, 3
42397, 3
626917, 3
248236, 3
453108, 3
424408, 3
94304, 3
159390, 3
200282, 3
607406, 2
11434, 3
547227, 3
54775, 3
491572, 3
110624, 3
259128, 3
426942, 3
390773, 3
96354, 3
112216, 3
238724, 3
428840, 3
293296, 3
645533, 3
179462, 2
334289, 3
330571, 3
378689, 3
123572, 3
556505, 3
235215, 3
370308, 3
247233, 3
172825, 3
292629, 3
273845, 3
205281, 3
67779, 3
544452, 3
43947, 2
204472, 3
182396, 2
282347, 3
77339, 3
591943, 3
552223, 3
280953, 3
308168, 3
47347, 3
632605, 3
475298, 3
624758, 2
268209, 3
526285, 3
259186, 3
503527, 3
289758, 3
410560, 3
79833, 3
254982, 3
573036, 3
326886, 3
218390, 3
379679, 2
453545, 3
549826, 3
547464, 3
283411, 3
518619, 3
569613, 3
382030, 3
508267, 3
449578, 3
73401, 3
294015, 3
81525, 3
624128, 3
614029, 3
274075, 3
265372, 3
318414, 3
572866, 3
226397, 3
645296, 3
282097, 3
609053, 2
411475, 3
592915, 3
315246, 3
441042, 3
114451, 3
124013, 3
81987, 3
602874, 3
607283, 3
443905, 3
17000, 3
287860, 3
464605, 3
6970, 3
153209, 3
83029, 3
539037, 3
481538, 3
392813, 3
311574, 3
478609, 3
488139, 3
132286, 3
330231, 3
419510, 3
75678, 3
554208, 3
454254, 2
395706, 3
537864, 3
477089, 3
520021, 3
134329, 3
42805, 3
276072, 3
651055, 3
634818, 3
517669, 3
60920, 3
259175, 3
501874, 3
574973, 3
473646, 3
257632, 3
34614, 3
328197, 3
272907, 3
363320, 3
56417, 3
535877, 3
15975, 3
320005, 3
358809, 3
574599, 3
483967, 3
3912, 3
378434, 3
544363, 3
473080, 3
589162, 3
282023, 3
201827, 3
176063, 3
191353, 3
378094, 3
220814, 3
47480, 3
491044, 3
636067, 3
51460, 3
453632, 3
223265, 3
336998, 3
346684, 3
8844, 3
2130, 3
459676, 3
397143, 3
101641, 3
132654, 3
396786, 3
11123, 3
595466, 3
109893, 3
562222, 3
428719, 3
111698, 3
286503, 3
53658, 3
431694, 3
495248, 3
326147, 3
580979, 3
416002, 3
505607, 3
249202, 3
266953, 3
557687, 3
110896, 3
480936, 3
223615, 3
617821, 3
510322, 2
229938, 3
613742, 3
368178, 2
383726, 3
622855, 3
454778, 3
142765, 3
187415, 2
99808, 3
652142, 3
178162, 3
442684, 3
428894, 3
495485, 3
304201, 3
72403, 3
543993, 3
570484, 3
311492, 3
54530, 3
151838, 3
200966, 3
623104, 3
186360, 3
396941, 3
78630, 3
88507, 3
352003, 3
579473, 3
304771, 3
114830, 3
84525, 3
594014, 3
611860, 3
292056, 3
367811, 3
349983, 3
242769, 3
221486, 3
375585, 3
72244, 3
354876, 3
648563, 3
164227, 3
494959, 3
650363, 3
218893, 3
443720, 3
383081, 3
516108, 3
70216, 3
190657, 3
466164, 3
398837, 3
375500, 3
103490, 3
614108, 3
79889, 3
4208, 3
268844, 3
579500, 3
457201, 3
589046, 3
149295, 3
293519, 3
237578, 3
292270, 3
346072, 3
609046, 3
471293, 3
206863, 3
472556, 3
636044, 3
656024, 3
581349, 3
187131, 3
627437, 3
407204, 3
59928, 3
385588, 3
238556, 3
341252, 3
597286, 3
27382, 3
624979, 3
416255, 3
469060, 3
169621, 3
391164, 3
335776, 3
475564, 3
79313, 3
429203, 3
154622, 3
364085, 3
627410, 3
600676, 1
296370, 3
479627, 3
591, 3
126286, 3
23020, 3
321384, 3
405280, 3
257973, 3
11842, 3
555137, 3
535945, 3
161982, 3
435447, 3
315325, 2
13582, 3
243641, 3
240187, 3
388595, 3
445569, 3
132177, 3
579323, 3
44257, 1
546086, 3
530808, 3
198541, 3
607022, 3
54820, 2
331313, 3
352106, 3
618667, 3
143313, 3
258785, 3
96984, 3
516650, 3
482158, 3
588179, 3
277380, 3
358836, 3
477810, 3
351633, 3
288462, 3
623057, 3
454694, 3
203490, 3
454835, 3
6298, 3
483850, 3
339842, 3
343466, 1
383314, 3
597965, 2
293405, 3
514198, 3
414895, 3
471139, 3
384684, 3
243127, 3
392407, 3
653566, 3
340002, 3
330303, 3
171373, 3
317820, 3
406427, 3
246558, 3
527048, 3
516629, 3
533127, 3
645432, 3
94710, 3
420658, 3
114866, 3
570950, 3
49971, 3
574540, 3
509307, 3
61847, 3
472121, 3
620391, 3
453304, 3
229896, 3
103784, 1
339696, 3
595064, 3
235619, 2
521027, 3
36249, 2
459419, 3
272729, 3
108399, 3
615579, 3
94846, 3
494220, 3
510320, 3
469732, 3
637646, 3
338259, 3
64047, 3
67523, 3
127477, 3
49055, 3
522008, 3
411934, 3
465311, 3
431017, 3
6500, 3
321764, 3
252298, 3
93383, 3
608258, 3
134980, 3
589069, 3
186898, 3
102954, 3
254194, 3
354453, 3
473753, 3
152627, 2
99691, 3
296457, 3
332463, 3
615418, 3
557667, 3
284278, 3
358701, 3
536170, 3
516971, 3
143768, 3
211139, 3
99761, 3
337586, 1
219837, 3
588649, 3
184920, 3
258260, 2
374107, 3
219537, 3
625084, 3
63996, 3
388424, 3
240900, 3
287208, 3
579973, 3
485210, 3
16768, 3
198612, 3
602980, 3
477980, 3
648054, 3
220858, 3
67266, 3
129476, 3
599343, 3
41455, 1
400986, 3
262705, 2
515571, 3
503785, 3
101559, 3
633137, 3
358, 3
231535, 3
475680, 3
537649, 3
552513, 3
266234, 2
82447, 3
306264, 3
395286, 3
206841, 3
200532, 2
529854, 3
647497, 3
157241, 3
213124, 3
519304, 3
361880, 3
315118, 3
51585, 3
318264, 3
175679, 3
210510, 3
120464, 3
329876, 3
388725, 3
61096, 3
54454, 3
569055, 3
629379, 3
496040, 3
631999, 2
435884, 3
59032, 3
644382, 2
213105, 3
436511, 3
59015, 3
603918, 3
103017, 3
69201, 2
616320, 3
288612, 3
563668, 3
401060, 3
664631, 3
398068, 3
637858, 3
386103, 3
522626, 3
314774, 3
76928, 3
191965, 3
86338, 3
251168, 2
122083, 3
418198, 3
497787, 3
42389, 3
586216, 3
52697, 3
360825, 3
10828, 3
220482, 3
160507, 3
616569, 3
607414, 3
624776, 3
601386, 3
249516, 3
102794, 3
309654, 3
319714, 3
208391, 3
388180, 3
656334, 3
377059, 3
599348, 3
332433, 3
45340, 3
591042, 3
419350, 3
70323, 2
490160, 3
41437, 3
54123, 3
367132, 3
482935, 3
47876, 3
218320, 3
22548, 3
561940, 3
117451, 3
348693, 3
15971, 3
146506, 3
365380, 3
189811, 3
586074, 3
648407, 3
11813, 3
334340, 3
346868, 3
119312, 3
194665, 3
605777, 3
503072, 3
467105, 3
238874, 3
13370, 3
536186, 1
420745, 3
388087, 3
119002, 1
625328, 3
121979, 3
416109, 3
340818, 3
217386, 3
205782, 3
438782, 3
610028, 3
664221, 3
667, 3
62033, 3
200612, 2
167163, 3
596008, 3
96625, 3
560123, 3
210001, 3
220139, 2
315562, 3
610328, 3
192751, 3
115160, 3
235645, 3
34481, 3
238858, 3
127536, 3
237638, 3
392250, 3
562875, 3
286037, 3
383290, 3
77695, 2
287605, 3
596691, 3
576405, 3
255326, 3
146175, 3
182704, 3
294407, 3
580244, 3
52375, 3
220639, 3
247622, 3
274099, 2
147618, 3
475020, 3
61027, 3
424886, 3
434047, 3
85147, 3
42862, 3
483697, 3
111799, 3
648538, 3
213452, 3
579494, 3
455414, 3
258683, 3
313877, 3
418008, 3
207301, 3
70540, 3
570960, 2
277185, 3
641543, 3
266758, 3
370534, 3
130485, 3
209552, 3
46439, 3
522353, 3
429617, 3
583416, 3
270922, 3
559196, 3
39039, 3
96960, 2
125481, 3
211570, 3
1420, 3
69530, 3
376979, 3
548631, 3
623092, 3
197098, 3
337385, 3
12910, 3
139647, 3
139922, 3
646610, 2
164034, 3
367275, 3
541473, 3
482482, 3
458192, 3
664425, 3
555692, 3
583647, 3
414218, 3
78411, 3
600107, 3
589253, 3
52797, 3
306751, 3
17598, 3
57844, 3
384677, 3
538672, 3
561011, 3
415095, 3
651262, 3
49901, 3
643711, 3
575569, 3
616959, 3
153885, 3
63493, 3
518446, 3
664847, 3
271923, 3
623632, 3
146925, 2
17904, 3
6567, 3
623128, 3
409695, 3
330024, 3
294143, 3
554867, 3
542309, 3
106273, 3
272346, 3
51830, 3
82649, 3
297812, 3
315083, 3
364164, 3
40728, 3
639522, 3
324121, 3
125098, 2
258674, 2
592196, 3
286469, 3
665123, 3
546764, 3
109378, 3
194123, 3
197058, 3
389567, 2
357795, 3
227113, 3
181384, 3
561332, 3
126695, 3
14394, 3
86826, 3
601986, 3
646383, 3
651458, 3
656580, 3
639564, 3
242333, 3
507360, 3
108825, 3
458190, 3
229772, 3
85531, 3
218063, 3
68218, 3
345312, 3
656010, 3
190918, 3
551898, 3
529204, 3
358855, 3
306636, 3
34905, 3
93723, 3
250321, 3
90711, 3
111902, 3
269124, 3
61098, 3
2449, 3
217996, 3
18485, 3
317099, 2
332709, 3
480667, 3
358584, 3
452320, 3
106509, 3
31307, 3
642391, 2
92079, 2
539436, 3
151912, 3
95331, 3
20512, 3
582796, 3
85088, 3
530870, 3
178745, 3
91133, 3
332632, 3
380756, 3
605975, 2
123500, 3
302289, 1
221599, 3
125554, 3
343724, 3
211617, 3
615225, 3
98513, 3
123337, 3
349507, 3
241450, 3
619293, 3
586559, 3
425528, 3
231945, 3
395103, 1
79940, 3
632587, 3
94842, 3
472615, 3
561778, 1
126125, 3
555087, 3
330155, 3
36320, 3
230600, 3
27170, 3
246505, 3
621557, 3
235901, 3
605504, 3
646990, 2
564840, 3
354397, 3
640453, 3
576076, 2
97844, 3
209265, 3
473549, 3
137255, 3
13527, 3
551598, 3
315504, 3
600763, 3
332756, 3
110584, 3
629623, 3
327930, 3
75138, 1
357842, 3
453052, 3
399151, 3
28058, 3
422026, 3
261983, 3
313761, 3
277446, 3
269396, 3
118725, 3
176419, 3
515242, 3
259539, 3
316143, 3
27421, 3
357998, 3
378972, 3
344178, 3
398286, 3
591495, 3
212989, 3
557823, 3
35888, 3
344158, 3
237178, 3
507150, 3
36775, 2
474021, 3
572779, 3
410186, 3
581482, 3
430028, 2
16418, 3
389101, 2
654094, 3
32093, 3
471521, 3
354270, 3
653497, 3
399913, 3
122665, 3
170225, 3
218771, 3
82107, 3
486450, 3
660703, 3
273493, 3
567888, 3
352079, 2
214542, 3
101190, 3
300805, 3
566701, 3
608534, 3
589712, 3
623748, 3
88525, 3
369459, 3
546902, 3
639164, 3
97120, 2
422984, 3
151187, 3
579101, 3
641637, 3
331042, 2
647954, 3
224082, 3
239442, 3
269066, 3
429990, 3
100257, 3
399615, 3
102849, 3
612005, 3
443690, 3
277594, 3
45215, 3
100380, 3
90603, 3
640908, 3
208987, 3
116239, 3
35650, 2
49097, 3
131894, 3
537979, 3
474255, 3
662348, 3
559768, 3
474660, 3
176268, 3
607706, 3
556660, 3
301244, 3
6580, 3
146656, 3
563461, 3
343335, 2
553853, 3
570670, 3
627385, 2
116493, 3
337437, 3
25289, 3
478488, 3
67045, 3
590742, 3
310147, 3
509164, 3
620609, 3
417730, 3
226832, 3
273205, 3
480423, 3
481555, 3
406126, 3
232489, 3
428853, 2
95963, 3
661052, 3
388222, 3
416686, 3
441622, 3
181335, 3
617816, 3
412934, 3
125392, 3
591680, 3
10775, 3
563327, 3
512400, 3
187929, 3
317789, 3
617496, 3
282125, 3
648589, 3
76944, 3
640740, 3
135465, 3
571528, 3
48872, 3
485460, 3
424754, 3
662805, 3
270919, 3
587632, 3
331925, 3
479222, 3
575190, 3
627258, 3
106710, 3
631963, 2
634782, 3
592932, 3
353957, 2
415117, 3
312187, 3
419529, 3
366180, 3
508648, 3
550576, 3
457153, 3
325, 3
13373, 3
409361, 3
366922, 3
132767, 3
32486, 3
517812, 3
150446, 3
172233, 3
62813, 1
508582, 3
372955, 3
316549, 3
463151, 3
545015, 3
207120, 3
471842, 3
413167, 3
618826, 3
516586, 3
16506, 3
626150, 3
660147, 3
156554, 3
152903, 1
167927, 3
285403, 3
445996, 3
421151, 3
228740, 3
80205, 3
25446, 3
487038, 3
25931, 3
438068, 3
81058, 3
348735, 3
194352, 3
24675, 3
639621, 3
64297, 3
169685, 3
464159, 3
491946, 3
235690, 3
160645, 3
372011, 2
86983, 3
549992, 3
94812, 3
172557, 3
545944, 3
331007, 3
3322, 3
359408, 3
219395, 3
28100, 3
87833, 3
548502, 3
28104, 3
448321, 3
144590, 3
592666, 3
293937, 3
330337, 3
280515, 3
615890, 3
169783, 3
457049, 3
400570, 3
142561, 3
420725, 3
572600, 3
166715, 3
238284, 3
459810, 3
124389, 3
57537, 3
592100, 3
407635, 3
310011, 3
233185, 3
220666, 3
274216, 3
391480, 3
27816, 3
156697, 3
348525, 3
245332, 3
176539, 3
188378, 3
246354, 3
141636, 3
144788, 3
281970, 3
10597, 3
531977, 3
340016, 3
543082, 3
351251, 3
499887, 3
537383, 3
314329, 3
511086, 3
89640, 3
286171, 3
271066, 3
128204, 3
69515, 3
248848, 3
416745, 3
629541, 3
305185, 3
514797, 3
67756, 3
543676, 3
437110, 3
337986, 3
662936, 3
317829, 3
555446, 3
494717, 3
254178, 3
572548, 3
500763, 3
375549, 3
274159, 3
305895, 3
270225, 3
489205, 3
209044, 3
607808, 3
128962, 3
216481, 3
92759, 3
75717, 3
46657, 3
343143, 3
79632, 3
166588, 3
520135, 3
654267, 2
167579, 3
204579, 3
332982, 3
341852, 3
303722, 3
301769, 3
223224, 3
141787, 3
499394, 3
352087, 3
255327, 3
17721, 3
117512, 3
631773, 3
223724, 3
289714, 3
333157, 3
116103, 3
472521, 3
212146, 3
512888, 3
23412, 3
505949, 3
519797, 2
625527, 3
21085, 3
620855, 3
194023, 3
5117, 3
358454, 3
360961, 3
661706, 2
159436, 3
536130, 3
605078, 3
498736, 2
368929, 3
408165, 3
150949, 1
270395, 3
42472, 3
34782, 3
168455, 3
80509, 3
573979, 3
552434, 3
461172, 3
133046, 3
337251, 3
531517, 3
428299, 3
562810, 3
660087, 3
154202, 3
412179, 3
474353, 3
496473, 3
28599, 3
501314, 3
491363, 3
582935, 3
373979, 3
466027, 3
223219, 3
335635, 3
345850, 3
49243, 3
255065, 3
98143, 3
452057, 3
341193, 3
355006, 3
271054, 3
589677, 3
217568, 3
574053, 3
393688, 1
484894, 3
360366, 3
428765, 3
261382, 3
306520, 3
521512, 3
590654, 3
12029, 3
135251, 3
469894, 3
136452, 3
663128, 3
109770, 3
159299, 3
324154, 3
206729, 3
266654, 3
557723, 3
472212, 3
629828, 3
664823, 1
188992, 3
375234, 3
580566, 3
89864, 3
323954, 3
555212, 3
423738, 3
249435, 3
537615, 3
35442, 3
585951, 2
142231, 3
431025, 3
66166, 3
503503, 3
9334, 3
284072, 3
108901, 3
423268, 3
148090, 3
613456, 3
120791, 3
408520, 3
628593, 3
429060, 3
620562, 3
74653, 1
141315, 3
182657, 2
222162, 3
317389, 3
529462, 3
644921, 3
503961, 3
626371, 3
580388, 3
11362, 3
441742, 2
108821, 3
437689, 3
644974, 2
352645, 3
323739, 3
206040, 3
482779, 3
369400, 3
135056, 3
161230, 3
156715, 3
158507, 3
64966, 3
546279, 3
256854, 1
533587, 3
68996, 3
229421, 3
279469, 3
437619, 3
386689, 3
265573, 3
578587, 3
511704, 3
481565, 3
36765, 3
376661, 3
74752, 3
3265, 3
112855, 3
302739, 3
178497, 3
52880, 3
407381, 3
96170, 3
516199, 3
184115, 3
430741, 3
170111, 3
214188, 3
363545, 3
107914, 3
106652, 3
297191, 3
426911, 3
403006, 3
402759, 3
511754, 3
231112, 3
625721, 3
313192, 3
495810, 3
7255, 3
645254, 3
626181, 3
196960, 3
128639, 3
120315, 3
78732, 3
592227, 3
101275, 3
57765, 3
505019, 3
107291, 2
613017, 3
600932, 3
95121, 3
406855, 3
217936, 3
163195, 3
591189, 3
82283, 3
226152, 3
169679, 3
185073, 3
226683, 3
92870, 3
529565, 3
267881, 3
597852, 1
194038, 3
660223, 2
563520, 3
553987, 3
172558, 3
640989, 2
257864, 3
518535, 3
482062, 3
445158, 3
207850, 3
446770, 3
209203, 2
236761, 3
367626, 3
164216, 3
64631, 3
95876, 3
216775, 3
557292, 3
642382, 3
638573, 3
652573, 3
620250, 3
96997, 3
382737, 3
545949, 3
314477, 3
117047, 3
538494, 3
297258, 3
438308, 3
473990, 3
572555, 3
407416, 3
258173, 3
35750, 3
283153, 3
568232, 3
497156, 2
509084, 3
575131, 2
393925, 3
320259, 2
408772, 3
41827, 3
628796, 3
239873, 3
537287, 3
649152, 3
525315, 3
95125, 3
270590, 3
76440, 3
451167, 3
589606, 3
561450, 3
245981, 3
582554, 3
266442, 3
534887, 3
489983, 3
46198, 3
424114, 3
282026, 3
215885, 3
603773, 3
362212, 3
80025, 3
527901, 2
403692, 3
447147, 3
549560, 3
595369, 3
383868, 3
375451, 3
222992, 3
550363, 3
512132, 2
436488, 3
78680, 3
119452, 3
434766, 3
441399, 3
556309, 3
583846, 3
254049, 3
259400, 3
201981, 3
338329, 3
313178, 3
611700, 3
210955, 3
319404, 3
576169, 3
200962, 2
13707, 3
500293, 3
455679, 3
405759, 3
646168, 3
389146, 3
309723, 3
164548, 3
289527, 3
209032, 3
90126, 2
264652, 3
441208, 3
340854, 3
602917, 3
608400, 3
605661, 3
141427, 2
533121, 3
477550, 3
78486, 3
544524, 3
456166, 3
222476, 3
448014, 3
43375, 3
70161, 3
135564, 3
404065, 3
575443, 3
138241, 3
643256, 3
501086, 3
630775, 3
100851, 3
134184, 3
431782, 3
411228, 3
496749, 3
68565, 3
18940, 3
948, 3
307344, 3
108241, 3
609444, 3
406249, 3
127815, 3
262527, 3
231762, 3
627707, 3
458388, 3
278950, 3
99883, 3
493325, 3
124575, 3
146264, 3
383180, 3
545815, 3
77158, 3
20179, 3
465356, 3
323717, 3
491606, 3
179345, 3
274022, 3
23957, 3
57563, 3
411290, 3
341634, 3
2938, 3
129452, 3
570500, 3
397561, 3
545945, 3
416627, 3
466179, 3
571856, 3
159178, 3
91548, 3
564603, 3
77787, 3
198082, 3
380729, 3
590563, 3
339402, 3
489600, 3
22285, 3
630932, 3
357941, 2
496025, 2
306365, 2
88261, 3
225637, 3
325177, 3
210770, 3
174388, 3
301333, 3
245439, 3
557602, 3
112807, 3
360502, 3
655603, 3
295548, 1
86689, 3
53208, 3
312898, 3
249757, 3
341061, 3
289837, 3
618614, 3
555182, 3
179842, 2
588932, 3
489358, 3
50145, 3
509904, 3
634843, 3
660661, 3
55467, 3
405763, 3
13760, 3
341893, 3
104566, 3
576242, 3
585025, 3
212166, 3
52435, 3
325432, 3
31282, 3
304437, 3
619731, 3
230800, 3
117145, 3
24157, 3
70826, 3
321772, 1
150557, 3
186447, 3
249037, 3
188181, 3
418532, 3
267745, 3
400845, 3
152099, 3
244755, 3
85670, 3
322488, 3
520187, 3
452479, 3
369523, 3
355162, 3
394835, 2
602190, 3
206523, 3
390360, 3
345692, 3
576447, 3
211181, 3
558472, 3
256433, 3
615078, 3
195914, 3
299646, 3
97434, 3
353685, 3
399317, 3
54233, 3
225043, 3
362415, 3
347965, 3
601157, 2
283930, 3
449912, 3
551761, 3
657068, 2
523765, 3
462473, 2
2684, 3
311300, 3
524418, 3
524743, 3
199540, 3
82715, 3
557523, 3
31228, 3
92242, 3
533148, 3
179585, 3
488326, 3
82528, 3
359995, 3
31691, 2
195383, 3
487427, 3
130111, 3
521009, 2
533826, 3
14521, 3
30319, 3
568969, 3
425876, 3
625928, 3
600887, 1
553972, 3
596104, 3
594888, 3
490573, 3
397526, 3
301581, 2
98745, 3
640484, 3
544538, 3
268895, 3
333518, 3
102847, 3
364047, 3
567949, 3
242978, 3
187718, 3
499774, 3
659705, 3
607723, 3
404429, 3
320766, 3
603774, 3
508968, 3
411789, 3
473395, 3
592491, 3
73296, 3
184564, 3
16335, 3
192481, 3
30932, 3
98932, 3
243891, 3
253544, 3
333485, 3
621627, 3
575325, 3
187842, 3
164351, 3
382243, 3
515487, 3
13969, 3
580089, 3
292451, 3
40007, 3
621235, 3
493452, 3
301195, 3
169401, 3
234504, 1
328643, 3
203128, 2
474969, 3
153207, 3
90624, 3
241313, 3
451906, 3
656991, 3
654330, 3
14070, 2
465933, 3
633282, 3
440167, 3
219580, 3
47521, 3
427094, 3
451202, 3
114171, 3
150031, 1
649442, 3
522589, 3
18710, 3
426239, 3
293264, 3
7368, 3
633480, 2
20055, 3
325907, 3
272162, 3
176799, 3
515687, 3
645743, 3
463365, 3
435955, 3
105202, 3
147216, 3
507778, 3
224093, 3
560391, 3
508813, 3
419249, 3
199109, 3
87935, 1
174717, 3
611992, 3
142456, 3
48526, 2
486928, 3
622799, 3
22715, 3
426999, 3
483829, 3
15196, 3
192675, 3
443315, 3
428824, 3
570258, 3
226335, 3
84729, 3
258324, 3
332908, 3
59231, 3
492160, 3
284383, 3
222889, 3
334243, 3
306288, 3
532937, 3
484793, 3
16699, 3
432699, 3
276464, 3
24778, 1
550698, 3
373374, 3
476469, 3
198927, 3
117157, 3
555661, 3
645059, 3
556193, 3
66828, 3
306244, 3
391621, 3
381952, 3
188958, 3
365710, 3
378885, 3
334448, 3
154095, 3
404635, 3
548648, 3
481360, 3
639654, 3
581200, 3
657492, 3
398179, 3
401093, 3
251394, 3
584846, 3
61612, 3
430570, 3
102432, 3
99406, 3
240927, 3
320710, 3
339375, 3
203082, 3
72763, 3
439956, 3
162333, 3
288292, 3
277787, 3
63984, 3
194477, 3
647367, 1
309584, 3
492942, 3
266135, 3
218366, 3
4330, 3
639671, 3
60762, 3
286521, 3
152236, 3
540114, 3
71779, 3
113006, 3
314986, 3
1358, 3
185195, 3
482331, 3
486447, 3
595155, 3
628624, 3
17907, 3
512690, 3
569087, 3
114625, 3
25023, 3
356385, 3
262794, 1
543707, 3
312369, 3
569679, 3
57901, 3
222498, 3
82558, 3
402924, 3
147458, 3
132841, 3
94615, 3
17142, 3
80963, 3
147487, 3
218481, 3
347986, 3
528274, 3
457002, 3
319924, 3
118449, 3
243214, 3
397404, 3
503232, 3
377036, 3
335106, 3
455275, 3
230993, 3
37062, 3
370839, 3
452106, 3
608484, 3
111652, 3
358830, 3
77138, 2
306631, 3
253581, 3
210606, 3
196163, 3
396414, 3
101191, 3
203179, 3
255637, 3
324380, 3
452444, 3
618081, 3
93515, 3
167801, 3
529886, 3
389254, 3
107802, 3
534479, 3
120906, 3
256268, 3
475195, 3
195973, 3
568475, 3
171764, 3
77413, 3
513136, 3
36574, 2
345804, 3
285684, 3
308459, 3
608907, 2
640926, 3
234263, 3
96436, 2
557426, 2
171203, 3
625033, 3
309130, 3
252730, 3
495699, 3
583368, 3
646065, 3
629869, 3
10732, 3
185263, 3
225238, 3
618605, 3
31042, 3
544187, 3
313137, 3
284306, 3
253281, 2
112283, 3
545190, 3
257526, 3
399425, 3
606723, 3
183244, 3
392514, 3
371496, 3
131645, 3
93198, 3
477351, 1
443127, 3
611276, 3
626572, 1
255437, 3
2736, 3
92878, 3
116773, 3
511235, 3
408982, 3
620669, 3
618143, 3
462259, 3
35576, 2
402019, 3
248702, 3
403254, 3
124207, 3
105511, 3
202994, 3
289806, 3
418754, 3
96820, 3
49538, 3
138655, 3
252805, 3
495235, 3
19071, 3
347283, 3
211323, 3
627388, 3
330777, 3
310424, 3
573096, 3
78609, 3
433927, 3
116921, 3
131884, 3
357596, 3
648869, 3
225384, 3
184950, 3
167939, 3
193206, 3
343757, 3
421291, 3
250518, 2
77495, 3
180238, 3
406013, 3
323748, 3
627201, 3
336298, 3
125779, 3
483757, 3
645442, 3
376216, 3
215434, 3
340104, 3
644794, 3
151085, 3
427406, 3
256740, 3
116783, 3
213960, 3
346557, 3
372728, 3
29828, 3
370277, 3
437335, 3
67000, 3
264384, 3
101704, 3
335088, 3
661515, 3
441220, 3
394388, 3
310312, 3
267567, 3
612677, 3
474249, 3
538599, 3
432949, 3
463315, 3
257227, 3
49551, 3
601912, 3
247801, 3
508485, 3
378228, 3
440373, 3
532971, 3
446107, 3
366603, 3
207969, 3
521570, 3
472237, 3
39823, 3
53705, 3
233832, 3
520406, 2
33359, 3
29172, 3
449440, 3
642886, 3
74092, 3
134497, 1
60522, 2
481980, 3
665325, 3
441276, 2
489296, 3
54300, 3
318947, 3
192086, 3
95700, 3
594960, 3
659085, 3
253675, 3
26039, 3
335354, 3
516240, 3
433776, 3
313821, 3
92913, 3
578107, 3
33226, 3
145893, 3
24113, 3
144826, 3
10444, 1
411678, 3
278111, 3
391282, 3
339888, 3
432696, 3
290821, 3
412052, 3
198023, 3
406329, 3
655710, 3
147873, 3
292309, 3
95719, 3
580783, 3
364421, 3
200309, 3
651203, 3
398480, 3
487797, 3
467038, 3
185900, 3
117230, 3
110359, 3
605839, 3
143989, 3
119742, 3
18520, 3
279320, 3
222800, 3
296970, 3
127433, 3
614283, 3
595886, 3
269954, 3
308867, 3
462567, 3
598548, 3
51059, 2
504048, 3
390597, 3
484047, 3
650822, 3
98094, 3
622048, 3
39395, 3
110516, 2
450123, 3
575859, 3
575737, 3
538189, 3
148574, 3
459341, 3
406502, 3
625496, 3
294285, 3
127083, 3
290674, 3
21914, 3
304646, 3
475690, 3
609402, 3
201922, 3
398305, 3
615591, 3
537755, 3
240640, 3
210967, 3
454029, 3
187075, 3
465087, 3
381392, 3
61519, 3
163092, 3
664337, 2
63408, 3
359461, 3
394073, 3
538580, 3
647938, 3
376970, 3
656744, 3
573343, 3
49700, 3
413881, 3
217850, 3
416653, 3
206261, 3
652868, 3
551969, 3
367230, 3
158853, 3
316654, 3
68672, 3
44842, 3
375409, 3
194176, 3
186466, 2
3655, 3
472776, 3
392536, 3
45975, 3
480101, 3
139175, 3
180522, 3
147109, 2
378857, 3
460393, 3
326446, 3
1231, 3
82311, 3
172530, 3
218492, 3
453586, 3
521235, 2
332127, 3
451629, 1
397335, 3
195364, 3
555761, 3
77215, 3
145597, 2
154585, 3
655917, 3
411133, 3
262969, 3
449028, 3
6603, 3
463160, 3
228666, 3
95337, 3
467804, 3
481177, 3
25799, 3
117321, 3
426094, 3
385855, 3
221709, 3
470057, 3
75304, 3
456190, 3
88096, 3
373629, 3
404122, 3
245706, 3
432754, 3
502322, 3
109467, 3
601741, 3
615742, 3
517972, 3
187398, 3
263589, 3
151829, 3
419531, 3
534740, 3
578853, 3
244875, 3
340793, 3
175256, 3
98828, 3
41103, 3
344887, 3
223081, 3
460878, 3
542412, 3
196402, 3
316714, 3
655549, 3
505338, 3
196132, 3
345064, 3
102238, 3
227238, 3
161240, 3
399699, 3
190364, 3
588332, 3
658778, 3
153564, 3
640112, 3
415014, 3
335699, 3
203288, 3
246748, 3
50449, 3
398134, 3
369412, 3
34353, 2
641595, 3
446203, 3
62013, 3
289879, 3
443692, 3
131136, 3
331724, 3
468149, 3
55451, 3
166880, 3
505380, 3
98047, 3
194279, 3
441121, 3
155186, 3
494705, 3
625906, 2
542678, 3
340398, 3
597712, 3
402819, 3
448172, 3
520433, 3
189011, 3
534615, 3
579439, 3
4271, 3
34918, 3
472134, 3
44636, 3
357456, 3
604118, 3
295700, 3
487341, 3
123682, 3
658978, 3
125244, 3
436107, 3
36013, 3
439920, 3
335548, 3
421372, 3
571475, 3
302794, 3
421195, 3
97966, 3
575742, 3
323042, 3
208780, 3
312462, 3
231483, 3
102212, 3
332485, 3
566236, 3
262656, 3
201022, 2
344402, 3
649479, 3
268678, 3
577107, 3
527435, 3
276252, 3
270724, 3
507627, 3
239681, 3
662445, 3
261042, 3
319234, 2
324545, 3
661080, 3
342901, 3
557814, 3
126163, 3
563456, 3
19877, 3
44047, 3
295554, 3
259398, 3
451108, 2
451449, 3
50490, 3
136068, 3
636428, 3
452943, 3
661581, 3
157893, 3
328469, 3
176365, 3
414067, 3
111233, 1
235273, 3
615137, 3
62898, 3
314199, 3
507835, 3
363523, 3
236774, 3
1113, 3
531950, 3
243960, 3
446076, 3
501364, 3
430675, 3
244445, 3
660417, 3
645208, 3
613381, 3
445023, 3
531817, 3
466372, 3
327395, 3
607037, 3
620551, 3
83043, 2
252861, 3
44688, 1
288750, 3
635957, 3
470566, 3
470421, 3
36522, 3
295419, 3
416963, 3
218532, 3
183812, 3
565209, 3
13591, 3
267166, 2
330333, 3
236542, 3
180057, 3
279255, 3
484121, 3
328430, 3
387212, 3
276680, 3
662756, 3
576507, 3
32708, 3
189178, 3
370786, 3
338742, 3
211902, 3
525343, 3
207124, 3
533142, 3
171685, 3
60221, 3
243411, 3
236793, 3
234278, 3
519470, 3
537039, 3
629884, 3
365509, 3
203994, 3
172368, 3
25069, 3
461983, 3
73624, 3
470476, 3
562857, 3
227756, 3
575033, 3
294973, 3
553467, 3
50181, 3
203268, 3
511753, 3
610007, 2
346217, 3
176190, 3
183934, 3
580852, 3
121688, 3
511989, 3
593969, 3
272258, 3
328403, 3
454362, 3
368892, 3
425932, 3
58124, 3
569301, 3
156842, 3
663698, 3
187680, 2
262855, 3
276286, 3
533779, 3
496438, 3
293078, 3
582000, 3
69209, 3
48099, 3
575062, 3
176702, 3
29923, 3
254629, 3
238564, 3
558593, 3
440066, 3
319756, 3
60463, 3
195228, 3
532741, 3
78889, 3
10867, 3
25211, 3
32986, 3
660523, 3
279225, 3
322600, 3
394091, 3
653805, 3
197604, 3
299873, 3
623544, 3
417435, 3
639705, 3
408994, 3
664613, 3
546641, 3
84759, 3
403869, 3
153128, 3
422606, 3
486606, 3
225262, 3
289836, 3
221005, 3
179308, 3
213776, 3
397777, 3
18279, 3
14137, 3
296640, 3
293327, 3
226099, 3
1608, 3
507980, 3
458830, 3
460038, 3
617278, 3
401411, 3
428744, 3
369681, 3
444970, 3
212089, 3
317673, 3
9454, 3
564362, 3
241993, 3
390790, 3
539527, 3
539976, 3
328925, 3
194386, 3
236805, 3
130462, 3
435803, 3
626116, 3
317194, 3
15535, 3
245763, 3
107404, 3
661364, 3
451146, 3
428900, 3
372090, 3
611323, 3
47449, 3
496718, 3
440243, 3
597710, 3
138651, 3
246982, 3
369730, 3
520907, 3
54563, 3
316868, 3
594343, 3
344104, 3
419415, 3
93138, 3
29159, 3
162779, 3
136270, 3
306726, 3
91921, 3
326870, 3
493347, 3
494156, 3
578212, 3
155965, 3
257166, 3
162143, 3
427832, 3
455835, 3
617236, 3
623309, 3
475601, 3
551868, 3
501790, 3
37765, 3
214071, 3
594723, 3
34124, 3
324222, 3
27441, 3
282916, 3
413276, 3
52253, 3
516126, 3
130590, 2
46011, 3
655449, 3
237104, 3
612245, 3
36700, 3
567541, 3
494736, 3
384710, 2
185762, 3
202404, 3
586742, 2
97071, 3
353987, 3
437108, 3
340433, 3
110137, 3
574733, 3
569539, 3
543916, 3
33623, 3
555445, 3
396411, 3
261234, 3
580866, 3
39092, 3
656525, 3
480284, 3
18456, 3
462723, 3
529277, 3
618170, 3
261352, 3
15729, 3
444658, 3
268765, 3
487192, 3
4442, 3
190326, 3
313843, 3
334665, 3
482077, 3
415565, 3
81730, 3
86254, 3
191860, 3
225142, 3
331305, 3
160070, 3
334577, 3
231790, 3
44838, 3
395954, 3
360388, 3
473578, 3
181537, 3
321150, 3
549799, 3
499304, 3
644488, 3
252685, 3
398758, 3
249137, 3
282451, 3
138530, 3
195740, 3
255323, 3
653866, 3
256583, 3
658366, 3
156487, 3
40984, 3
199415, 3
316794, 3
41982, 3
576024, 3
596527, 3
12172, 3
511160, 3
49372, 1
358094, 3
396760, 3
392488, 3
355724, 3
359974, 3
264430, 3
121900, 2
428815, 3
144251, 3
376094, 3
621447, 3
562519, 2
384392, 3
299094, 3
227700, 3
571633, 3
581207, 3
78621, 3
490063, 3
61532, 3
376975, 3
637437, 3
149684, 3
485109, 3
112329, 3
194597, 3
520787, 3
333972, 3
422006, 3
417141, 3
626075, 3
82325, 3
83822, 3
592894, 3
614690, 3
382107, 3
391323, 3
652994, 3
190888, 3
514306, 3
88307, 3
636466, 3
561130, 3
252761, 2
573502, 3
118457, 3
282751, 3
94807, 3
613826, 3
541589, 3
408217, 3
519568, 3
570588, 3
503921, 3
496778, 2
577347, 3
535246, 3
224403, 3
97989, 3
620510, 3
570751, 3
25466, 3
355560, 3
665242, 3
36290, 3
201851, 3
609482, 3
471200, 3
461572, 3
513167, 3
572718, 3
175470, 3
394367, 3
430704, 3
417404, 3
378839, 2
401201, 3
662491, 3
608594, 3
237391, 3
62882, 3
213318, 3
623998, 3
467299, 3
528949, 3
517647, 3
622607, 3
104525, 3
216416, 3
77244, 3
237971, 3
171564, 3
524225, 3
533428, 3
534977, 3
145897, 3
135988, 3
1702, 3
185752, 3
488762, 3
397397, 3
461680, 3
311074, 3
536125, 3
178476, 3
126178, 1
446591, 3
519581, 2
637285, 3
315421, 3
109205, 3
210855, 3
552980, 3
286615, 3
592994, 3
473517, 3
26370, 3
294670, 3
428417, 3
219115, 3
646473, 3
181709, 3
386355, 3
425479, 3
277983, 3
239216, 3
179227, 3
324370, 3
548742, 3
559318, 3
133738, 3
441928, 2
237615, 3
319800, 2
282571, 3
208105, 3
312015, 3
198928, 3
234207, 3
15151, 3
213638, 3
164413, 3
388347, 3
158315, 3
382846, 3
286426, 3
178973, 3
84979, 3
570918, 3
53158, 3
496394, 3
377926, 3
411044, 3
44699, 3
19713, 3
644453, 3
96454, 3
282360, 3
153961, 3
222518, 3
39434, 3
407801, 3
419946, 3
98710, 3
179878, 3
444447, 3
294153, 3
172357, 3
79353, 3
558902, 3
3584, 3
416091, 3
419889, 3
281139, 3
90966, 3
243086, 3
200151, 3
643114, 3
339468, 3
300029, 3
308224, 2
662697, 3
275861, 3
655424, 3
186487, 3
664521, 3
115664, 3
38103, 3
428177, 3
29039, 3
343439, 3
18908, 3
617152, 3
390356, 3
627742, 3
624513, 3
272880, 3
449909, 3
145310, 3
561607, 3
263631, 3
201734, 3
463258, 3
645255, 3
360134, 3
622265, 3
151324, 3
484285, 3
462733, 3
627252, 2
615125, 3
534882, 3
360283, 3
167818, 3
162714, 3
17497, 3
529949, 3
135276, 1
359702, 3
648857, 3
598110, 3
124928, 3
117160, 3
73929, 3
290203, 3
49175, 3
122985, 3
33288, 3
260498, 3
565354, 3
459549, 3
532517, 3
598622, 3
621501, 3
43997, 3
111557, 3
211549, 3
529299, 1
66747, 3
72387, 3
168117, 3
557869, 3
9139, 3
372540, 3
203037, 3
456855, 3
430193, 3
226418, 3
190997, 3
515931, 3
534306, 3
20352, 3
642789, 3
632195, 3
102217, 3
268668, 3
536190, 3
426640, 3
150439, 3
328153, 3
536920, 3
612276, 3
220119, 3
471125, 3
204218, 3
166658, 3
195469, 3
214297, 3
418841, 3
631721, 3
302016, 3
97257, 3
587548, 3
253565, 3
125704, 3
294092, 3
524792, 3
76765, 3
426795, 3
562301, 3
481056, 3
562759, 2
372233, 3
446924, 3
51417, 3
498087, 3
266498, 3
405954, 3
602871, 3
56798, 3
179799, 3
366116, 3
54116, 3
534660, 3
166110, 3
244748, 3
268629, 3
565038, 3
645197, 3
352818, 3
137981, 3
162553, 3
468462, 3
157034, 3
597203, 3
523063, 3
263080, 3
232896, 3
31543, 2
285175, 3
185865, 3
397874, 1
106965, 3
537514, 3
478319, 3
434725, 3
617224, 3
624066, 3
511065, 2
548695, 3
183736, 3
228948, 3
244589, 3
446625, 3
324151, 3
656180, 3
298519, 3
396146, 3
278452, 3
452103, 3
78404, 3
204797, 3
462309, 3
308565, 3
188012, 3
377588, 3
612939, 3
190933, 3
201879, 3
263831, 3
140044, 3
183609, 3
348382, 3
321444, 2
188415, 3
24693, 3
173802, 3
460807, 3
217302, 3
288276, 3
554251, 3
113269, 3
283661, 3
289665, 3
293216, 3
444568, 3
249478, 3
636555, 3
308965, 2
417283, 3
351253, 3
170263, 3
158226, 3
612109, 3
428548, 3
464916, 3
590829, 3
380598, 3
392247, 3
387240, 3
164855, 3
262690, 2
102322, 3
181990, 3
224957, 3
64349, 3
314390, 3
618622, 3
272856, 3
657382, 3
392565, 3
170411, 3
85673, 3
16980, 1
581415, 3
90176, 3
568497, 3
310792, 3
46021, 3
601031, 3
207477, 3
479245, 3
442028, 3
217282, 3
466704, 3
468766, 3
622941, 3
56379, 3
33177, 3
437197, 3
559616, 3
433771, 3
644276, 3
542304, 3
555455, 3
637671, 3
257726, 3
405803, 3
363554, 3
515957, 3
602914, 3
373575, 3
430582, 2
200011, 3
9916, 3
255124, 3
47247, 3
213849, 3
347766, 3
293786, 3
34058, 3
627169, 3
610020, 3
552436, 3
559577, 2
308906, 3
577308, 3
237800, 3
634371, 3
427556, 3
235140, 2
437804, 3
626803, 3
484007, 3
660073, 3
278823, 3
538208, 3
434160, 3
367948, 3
572284, 3
334059, 3
186229, 1
301504, 3
147126, 3
660320, 3
117209, 3
283963, 3
149032, 3
568490, 3
590421, 3
245020, 2
211903, 3
473869, 3
206485, 3
475813, 3
287326, 3
613344, 3
64854, 3
507543, 3
252745, 3
356009, 3
122490, 3
245310, 3
612273, 2
61621, 3
57578, 3
422521, 3
292821, 3
389164, 2
232675, 3
664209, 3
532675, 3
121161, 3
131265, 3
644722, 3
154544, 3
547283, 3
614250, 3
152047, 3
338016, 3
90067, 3
140145, 3
620408, 3
355659, 3
113986, 3
45261, 3
394967, 1
259606, 3
345278, 3
420435, 3
204522, 3
624858, 3
332013, 3
580898, 3
51765, 3
132679, 3
594922, 3
86033, 3
545636, 3
474189, 3
361690, 3
247063, 3
662372, 2
530023, 3
491613, 2
348681, 1
642838, 3
544964, 3
314732, 3
382278, 3
138334, 3
437, 3
162636, 3
236229, 3
648101, 3
390938, 3
158764, 3
410369, 3
101406, 3
253750, 3
49891, 3
335671, 3
68025, 3
613771, 3
249960, 3
226190, 3
537168, 3
91677, 3
460090, 3
551960, 3
534508, 3
57589, 3
67651, 3
446573, 3
356146, 3
323562, 3
515672, 3
397760, 3
129885, 3
596311, 3
163163, 3
61236, 2
464797, 3
263496, 3
615972, 3
64006, 3
102119, 3
561385, 3
516185, 3
258282, 3
630612, 3
82259, 3
627342, 3
603310, 3
122304, 3
620961, 3
509376, 3
365053, 3
506526, 3
612804, 3
499985, 3
573317, 3
251154, 2
198321, 3
437566, 3
156981, 3
632865, 3
158339, 3
446555, 3
156337, 3
212849, 3
51505, 3
342771, 3
261607, 3
34115, 3
630827, 3
204347, 3
47007, 3
633449, 3
410410, 3
267034, 3
175232, 3
624823, 3
401539, 3
389590, 3
489834, 3
72428, 3
613031, 3
35765, 2
324560, 3
576461, 3
274129, 3
644790, 3
40701, 3
277023, 3
342690, 3
425315, 3
17760, 3
525870, 3
142133, 3
318565, 3
328529, 1
662084, 3
227474, 3
156967, 3
566083, 3
75447, 3
219983, 3
648189, 3
315354, 3
199207, 3
629029, 3
524029, 2
434233, 3
473440, 3
554836, 3
111581, 3
640942, 3
232720, 3
426071, 3
460446, 3
81833, 3
196063, 3
492312, 2
493032, 3
525942, 3
193741, 3
520928, 3
260195, 3
308143, 3
84514, 3
515141, 3
365490, 3
654891, 3
501441, 3
300508, 3
233695, 3
10600, 3
320485, 3
481986, 3
600403, 1
634107, 3
306284, 3
133022, 1
229407, 3
205148, 3
512423, 3
317635, 2
404572, 3
220929, 3
98390, 3
116145, 3
95915, 3
108244, 3
84446, 3
547090, 3
226983, 3
351774, 3
158115, 3
226937, 3
89392, 3
327681, 3
86335, 1
480959, 3
295241, 3
254057, 3
532496, 3
640923, 3
150325, 3
123661, 3
12865, 2
139705, 2
602446, 3
419852, 3
611041, 1
496893, 3
257619, 3
449775, 3
267976, 3
9005, 3
9348, 3
10759, 3
450452, 3
617626, 3
1002, 3
342633, 3
117320, 3
490060, 3
195257, 3
608264, 3
134083, 3
592346, 3
395471, 3
514208, 3
383967, 3
117738, 3
481811, 3
497818, 3
628098, 3
606221, 3
494586, 3
443156, 3
536440, 3
445046, 3
511693, 3
474333, 3
364353, 2
171420, 3
186407, 3
376616, 3
79001, 1
212499, 3
13155, 3
227057, 3
552231, 3
146376, 3
529390, 3
268825, 3
654433, 3
43526, 3
335203, 2
24072, 3
388969, 3
651670, 3
602841, 3
385117, 3
199417, 3
465005, 3
572579, 2
334620, 3
568135, 3
287320, 3
436697, 3
232708, 3
648352, 2
232942, 3
579729, 3
473367, 3
128120, 3
522580, 3
634254, 3
389162, 3
238647, 3
530388, 3
271161, 3
401674, 3
177984, 3
415859, 3
591024, 3
296388, 3
641286, 3
401979, 3
72516, 3
427112, 3
341785, 3
39216, 3
282256, 3
661432, 3
632932, 3
530368, 1
371723, 3
177347, 3
447541, 3
191453, 3
179168, 3
524811, 3
296018, 3
442012, 3
327558, 3
181560, 3
42322, 3
357493, 3
499363, 3
638236, 3
266562, 3
311088, 3
41432, 3
645736, 3
405457, 3
498913, 3
188909, 3
115993, 3
385180, 2
54210, 3
191073, 3
341249, 3
89190, 3
381660, 3
465479, 3
558170, 3
523402, 3
241401, 3
220121, 3
94659, 3
598870, 3
445309, 3
159816, 3
262697, 3
536218, 3
272218, 3
63515, 3
458315, 3
609385, 3
321936, 3
348588, 3
198968, 3
162804, 1
658261, 3
86057, 3
207501, 3
50610, 3
183032, 2
232557, 3
591975, 3
283505, 3
359653, 3
109571, 3
86262, 3
393104, 3
93309, 3
490216, 3
433613, 3
328024, 3
573770, 3
139176, 3
214645, 3
292959, 3
446916, 3
503459, 3
611787, 3
433975, 3
576499, 3
288464, 3
14042, 3
32043, 3
519427, 3
451834, 3
411014, 3
633147, 3
613477, 3
567700, 3
547669, 3
58299, 3
606773, 3
69673, 3
542539, 3
18581, 3
188195, 3
554722, 3
323310, 3
511029, 3
368050, 3
251135, 3
615672, 3
329635, 3
646925, 3
498382, 3
466655, 3
307554, 3
289300, 3
398816, 3
542220, 3
434938, 3
609758, 3
191882, 3
535062, 3
459298, 3
191191, 3
574572, 3
87321, 3
220012, 1
74599, 3
621803, 3
457123, 3
482599, 3
585526, 3
231512, 3
599699, 3
323011, 3
577247, 3
439112, 3
40508, 3
380990, 3
485127, 2
458336, 3
492075, 3
120473, 3
261904, 3
549866, 3
289367, 3
170564, 3
347512, 3
554422, 3
615841, 3
222645, 3
556113, 3
186580, 3
4197, 3
172535, 3
65932, 3
10766, 3
307968, 3
25857, 3
597250, 3
387454, 3
166103, 3
652439, 3
1551, 3
13753, 3
359856, 3
193814, 3
296252, 3
122553, 3
253288, 3
461008, 2
585092, 3
532655, 3
337603, 3
397544, 3
544852, 3
354754, 3
598263, 3
63484, 3
651474, 3
645196, 3
305714, 3
659440, 3
390692, 3
386050, 3
287988, 3
184831, 3
357227, 3
631864, 3
87615, 3
261806, 3
169184, 3
249753, 3
659145, 3
263741, 3
190096, 3
487259, 3
366459, 3
81934, 3
67199, 3
648968, 3
254467, 3
531968, 3
649146, 3
333038, 3
448765, 3
555509, 3
125973, 3
27648, 3
184685, 3
155626, 3
535202, 3
662499, 3
278550, 3
230030, 3
436588, 3
626849, 3
545605, 3
350695, 3
627635, 3
83648, 3
454383, 3
652604, 3
370980, 3
108404, 3
573474, 3
95377, 3
598979, 3
219208, 3
116746, 3
419703, 3
397276, 3
169416, 3
96964, 3
583183, 3
542913, 3
632282, 2
41040, 1
46458, 3
131446, 3
387625, 3
114996, 3
585334, 2
273779, 3
25507, 3
539649, 3
154213, 3
526733, 3
320406, 3
461550, 3
615796, 3
423752, 3
470048, 3
287413, 3
145644, 3
421570, 3
583882, 3
218189, 3
426701, 3
445323, 3
43449, 3
626713, 3
108886, 3
551415, 3
142576, 3
641581, 1
299489, 3
627393, 3
249371, 3
514766, 3
328090, 3
166962, 3
111418, 3
403755, 3
30528, 3
412916, 3
501304, 3
430178, 2
184320, 3
496618, 3
404546, 3
132874, 3
656908, 3
276937, 3
644512, 3
130131, 3
457197, 3
66306, 3
175112, 3
577835, 3
67980, 3
100871, 3
264501, 3
397131, 3
562012, 3
576343, 3
55001, 3
325727, 3
22206, 3
282523, 3
364439, 3
496886, 3
499350, 3
639970, 3
140390, 3
332568, 3
443770, 3
543762, 3
352828, 3
99967, 3
224465, 3
635812, 3
61514, 3
515829, 3
303560, 3
534052, 3
453945, 3
420388, 3
314469, 3
190187, 3
494244, 3
658838, 3
110761, 3
363045, 3
404053, 3
648560, 3
539516, 3
107162, 2
129641, 3
590635, 3
150246, 3
458697, 3
28288, 3
514597, 3
533878, 3
179589, 3
471097, 3
652089, 3
9841, 3
254945, 3
391603, 3
318496, 3
108660, 3
302357, 3
19494, 3
132975, 3
343391, 3
511031, 3
123025, 2
310594, 3
46983, 3
128887, 3
19668, 3
415888, 3
485378, 3
427334, 3
58427, 3
613983, 3
255210, 3
467530, 3
618585, 3
184127, 3
303651, 3
24511, 3
143994, 3
504674, 3
307685, 2
240814, 3
285421, 3
593020, 3
260324, 3
74238, 3
415059, 3
58314, 3
542890, 3
15153, 3
347606, 3
145970, 3
133121, 3
600099, 3
314066, 3
178380, 3
22695, 3
145505, 3
144095, 3
7848, 3
592840, 3
75780, 3
566079, 3
300218, 3
193548, 3
245288, 3
238892, 3
401383, 3
199215, 3
130368, 3
494883, 3
247356, 3
315911, 3
426810, 2
648610, 3
314844, 3
289640, 3
40161, 3
134416, 3
95838, 3
102046, 3
150816, 3
456947, 3
332404, 3
447072, 3
599879, 3
342108, 3
145323, 3
377714, 3
630691, 3
648788, 3
28661, 3
257740, 3
588587, 3
569407, 3
407380, 3
433032, 3
185125, 3
397549, 3
565534, 3
248386, 3
253757, 3
614192, 3
580973, 3
615154, 3
556960, 3
469336, 3
453150, 3
118512, 3
303346, 3
157899, 3
469510, 3
174992, 3
407991, 3
247465, 3
603018, 3
277727, 3
454823, 3
524736, 3
351751, 3
132064, 3
80455, 3
243902, 3
533644, 3
432657, 3
382466, 3
155442, 3
152402, 3
331949, 3
513949, 3
160251, 3
584489, 3
534807, 3
198986, 3
17026, 3
470110, 3
440268, 3
133281, 3
634138, 3
524965, 3
231401, 3
344961, 3
118302, 3
584446, 3
463549, 3
203525, 3
199355, 3
155047, 3
340392, 3
585377, 3
216718, 3
300176, 3
340078, 3
266085, 1
381558, 3
411573, 3
64409, 3
555350, 3
205321, 3
217470, 3
447477, 3
228529, 3
14403, 3
233623, 3
144463, 3
644508, 3
262781, 3
76441, 3
508886, 3
400317, 3
412367, 3
215966, 3
146411, 2
534186, 3
221162, 3
113064, 2
654960, 3
354733, 3
64979, 3
371782, 3
2230, 3
71725, 3
281018, 3
310984, 3
417553, 3
512063, 3
32123, 3
400377, 3
304333, 2
557455, 3
107983, 3
249032, 3
378980, 3
494595, 3
409601, 3
286760, 3
158122, 3
405637, 3
138715, 3
477458, 1
197797, 3
555412, 3
153250, 3
631569, 3
571795, 3
54172, 3
20088, 3
252016, 3
465731, 3
469357, 3
432861, 3
11852, 3
195531, 3
208661, 3
420873, 3
19227, 3
304038, 3
472109, 3
331935, 3
237555, 3
345683, 3
65061, 3
173946, 3
581294, 3
653568, 3
247609, 3
50967, 3
561681, 2
399681, 3
103561, 3
646451, 3
439014, 3
370582, 3
319705, 3
438960, 3
524607, 3
371162, 3
169540, 3
471811, 3
566326, 3
201813, 3
528532, 2
207258, 3
380917, 3
346298, 3
307260, 3
38646, 3
44519, 3
233711, 3
381131, 3
73797, 3
254485, 3
346164, 3
38984, 3
546241, 3
118074, 3
179528, 3
127077, 3
7104, 3
594299, 3
63338, 3
207536, 3
41711, 3
170297, 3
91111, 3
44239, 3
316583, 3
430784, 3
380594, 3
405715, 3
467951, 3
505179, 3
165483, 3
131346, 3
63727, 3
475638, 3
419232, 3
214630, 3
4759, 3
299096, 3
118193, 3
151348, 2
256257, 3
517915, 3
174002, 3
501439, 2
249011, 3
311887, 3
494767, 3
539728, 3
114004, 3
53196, 3
184121, 3
241311, 3
229583, 3
441354, 3
372304, 3
505477, 3
237076, 3
45250, 3
149469, 3
329118, 3
337673, 3
19197, 3
174159, 3
439939, 3
616583, 3
164247, 3
601465, 3
412435, 3
332825, 3
239431, 2
540863, 3
400510, 3
577746, 3
532216, 3
455957, 3
155613, 3
274254, 3
643267, 3
533919, 3
207563, 2
531962, 3
192670, 3
625809, 3
578927, 3
19538, 3
334342, 3
120229, 3
315983, 3
582735, 3
538687, 3
184742, 3
464587, 3
260622, 3
197734, 3
67943, 3
336748, 3
32676, 3
217020, 3
253429, 3
545367, 3
345561, 3
255852, 3
379520, 3
41539, 3
428821, 3
37228, 3
77726, 3
518475, 3
634531, 3
573970, 3
99997, 3
460774, 3
544381, 3
83988, 3
445682, 3
222441, 3
315252, 3
263295, 3
235904, 3
275681, 3
610893, 3
423651, 3
499286, 3
625503, 3
192694, 3
109635, 3
365187, 3
565758, 3
188263, 3
455489, 3
80191, 3
214129, 3
553070, 3
615446, 3
595383, 3
138705, 3
25519, 3
488082, 3
332490, 3
385285, 3
113238, 3
151137, 3
572065, 3
496773, 3
36074, 3
255691, 3
167342, 3
351827, 3
162242, 3
173560, 2
345260, 3
532677, 3
554466, 3
488199, 3
477066, 3
474668, 3
532377, 3
432407, 3
255921, 3
123656, 2
70494, 3
167884, 3
373105, 3
219478, 3
214009, 3
302867, 3
166821, 3
161616, 3
509863, 3
540861, 3
160149, 3
377243, 3
253553, 3
440238, 3
52188, 3
295037, 3
60808, 3
146564, 2
24854, 3
93244, 3
41487, 3
474454, 3
482351, 3
111190, 3
466712, 3
226633, 3
27920, 3
490995, 3
615842, 3
553350, 3
78415, 3
294810, 3
432880, 3
413864, 3
217654, 3
427052, 3
17977, 3
511332, 3
75234, 3
33181, 3
214518, 3
191649, 3
1419, 3
243123, 3
49017, 3
150895, 2
84784, 3
244841, 3
317087, 3
599622, 3
569297, 3
544229, 3
644341, 3
47360, 1
637707, 3
578865, 3
242986, 3
625765, 3
568201, 3
493122, 3
626560, 3
602468, 3
84395, 3
484375, 3
599565, 3
372125, 3
234273, 3
493667, 3
363567, 3
634213, 3
272742, 3
556422, 3
105076, 3
640550, 1
51338, 3
158646, 3
522993, 3
609353, 3
330029, 3
345675, 3
74841, 3
293911, 3
497092, 3
431002, 3
574104, 3
514982, 3
476378, 3
653052, 3
614081, 2
199200, 3
473420, 1
336007, 3
51311, 3
140007, 3
24989, 3
580299, 3
221295, 3
148236, 3
566042, 3
378894, 3
211593, 3
628560, 3
404656, 3
489815, 3
410273, 3
579696, 3
201149, 3
534161, 3
204133, 3
638796, 3
67746, 3
286293, 3
660748, 3
296159, 3
526513, 3
213895, 3
111741, 3
405352, 3
608362, 3
313911, 3
172842, 3
89703, 3
10130, 3
17321, 3
100200, 3
412669, 3
175104, 3
211950, 3
643768, 3
190921, 3
368484, 3
189823, 3
312370, 2
33349, 3
591497, 3
79235, 3
195666, 3
24483, 3
643898, 3
328909, 3
304601, 3
459474, 3
318679, 3
571760, 3
637132, 3
50732, 1
426992, 3
479276, 3
307369, 3
473170, 3
590237, 3
305941, 3
453462, 3
361526, 3
353570, 3
219791, 3
146788, 3
426849, 3
85729, 3
470436, 3
81724, 3
433437, 3
113228, 3
44044, 3
348291, 3
566316, 3
27143, 3
566489, 3
193976, 3
169137, 3
290983, 3
406322, 3
143969, 3
98610, 3
508089, 3
82088, 3
433380, 3
197069, 3
284840, 3
216365, 3
280520, 3
310079, 3
629984, 3
18459, 3
297467, 3
166955, 3
178277, 3
63759, 3
3960, 3
61963, 3
502099, 3
449320, 3
222336, 3
71453, 2
399872, 3
24922, 3
532089, 3
587938, 3
294034, 3
343616, 3
212507, 3
515203, 3
559679, 3
121291, 3
624810, 3
551228, 3
370912, 3
315528, 3
84704, 3
478025, 3
193327, 3
97095, 3
206663, 3
113161, 3
298752, 3
16702, 3
649493, 3
20332, 3
256376, 3
20542, 2
635363, 3
380682, 3
409932, 3
377043, 3
290921, 2
235854, 3
577401, 3
377489, 3
244595, 3
29489, 3
287311, 3
371183, 3
18615, 3
457990, 3
352599, 3
524449, 3
628995, 3
234233, 3
108368, 3
485065, 3
249524, 2
412931, 3
409469, 3
383707, 3
141764, 3
391626, 1
267899, 3
566787, 2
198567, 3
411649, 3
644399, 3
473276, 3
297036, 3
540071, 3
423172, 3
320610, 3
519211, 3
58729, 3
580216, 3
572514, 3
624329, 2
244082, 3
129512, 3
59355, 3
603444, 3
501495, 3
629913, 3
55802, 3
14401, 3
603771, 3
361218, 3
151694, 3
1707, 3
360889, 3
540243, 3
173214, 3
31530, 3
470195, 3
34205, 2
602584, 3
630292, 3
244600, 3
241920, 3
9674, 3
262273, 3
636523, 3
401616, 3
404682, 3
149434, 3
559494, 3
55993, 3
525437, 3
18114, 3
280730, 3
26210, 3
419113, 3
115505, 3
379378, 3
285327, 3
63097, 3
235331, 3
150290, 3
155394, 3
87677, 3
99707, 3
210787, 3
653686, 3
73883, 3
363410, 2
523913, 3
493715, 3
621962, 3
238343, 3
51047, 3
89795, 3
370926, 3
568377, 3
166481, 3
459818, 3
408867, 3
448083, 3
159015, 3
402171, 3
484055, 3
580699, 3
591473, 3
19973, 3
169336, 3
144362, 3
34098, 3
51759, 3
569698, 3
35290, 3
296955, 3
569849, 3
67503, 3
396029, 3
550454, 3
305770, 3
466340, 3
275338, 3
35637, 3
344413, 3
639429, 3
137455, 3
526726, 1
440170, 3
84055, 3
161266, 3
639818, 3
665061, 3
35724, 2
395859, 3
13524, 3
469557, 3
468173, 3
26896, 3
474305, 3
151545, 1
162609, 3
632612, 3
45405, 3
510014, 2
168865, 3
654848, 3
554020, 3
416402, 3
464564, 2
94941, 3
285686, 3
544003, 3
346284, 3
300650, 3
618806, 3
185487, 3
69945, 3
612891, 3
457969, 3
482776, 3
544046, 3
60984, 3
153480, 3
635092, 3
439415, 3
177217, 3
96140, 3
664110, 3
485387, 3
412935, 3
657366, 3
562176, 3
491876, 3
284415, 3
468318, 3
280347, 3
659648, 3
180621, 3
303698, 3
43507, 2
290638, 3
180357, 3
357972, 3
32543, 3
240251, 3
178677, 3
407081, 3
448265, 3
144693, 3
51341, 3
648299, 3
440409, 3
495365, 3
650512, 3
80328, 3
327051, 3
312754, 2
75395, 3
20277, 3
389973, 3
487200, 3
512204, 3
658642, 3
155046, 3
298901, 3
326841, 3
250838, 3
650171, 3
405896, 3
648815, 3
512821, 3
271452, 3
490654, 3
377665, 3
568509, 3
420704, 3
601195, 3
105230, 2
36036, 3
199060, 3
617196, 3
342456, 3
653323, 3
306303, 3
430641, 3
331643, 3
427959, 2
357204, 3
379185, 3
4306, 3
382437, 3
159619, 3
620481, 3
307951, 3
230633, 3
635095, 3
539948, 3
74127, 3
291837, 3
75673, 3
66401, 3
286111, 3
384116, 1
354807, 3
154347, 3
621475, 3
22558, 3
214100, 3
343636, 3
628662, 3
462360, 3
125298, 3
192137, 3
366616, 3
358579, 3
185251, 3
238124, 1
292903, 3
235457, 3
577191, 3
646511, 3
309817, 3
551208, 3
187638, 2
127263, 3
200141, 3
593973, 3
652051, 3
376971, 3
577332, 3
153451, 3
289785, 3
250279, 3
487261, 3
167821, 3
642371, 3
301657, 2
123412, 3
1305, 3
297436, 3
530677, 3
10107, 3
542648, 3
59148, 3
478665, 3
565067, 3
374664, 3
137897, 3
258189, 3
113807, 3
483319, 3
647833, 3
572561, 3
335377, 3
512458, 3
665351, 3
111347, 3
617572, 3
46399, 3
36175, 3
191015, 3
193041, 3
536935, 3
87993, 3
505055, 3
410116, 3
621823, 3
579808, 3
495768, 3
399803, 3
411453, 3
48683, 3
78335, 3
655062, 3
317536, 3
262246, 3
5798, 3
622783, 3
278603, 3
51671, 3
243048, 3
460508, 3
477328, 3
324863, 3
380189, 3
7452, 3
288592, 3
461899, 1
247374, 3
397159, 3
259650, 3
540541, 3
346702, 3
408072, 3
123163, 3
364882, 3
444456, 3
240546, 3
431811, 3
172856, 3
382149, 3
310876, 3
93811, 3
73219, 3
103149, 3
532690, 3
132396, 3
19488, 3
169842, 3
403037, 3
134130, 3
38095, 3
582615, 3
234279, 3
557896, 3
20085, 3
5292, 3
32485, 3
112443, 3
178398, 3
277864, 3
92072, 3
550348, 3
591704, 3
361076, 2
151196, 3
89240, 3
416787, 3
636681, 3
568383, 3
242081, 3
139971, 3
426304, 3
520476, 3
489524, 3
211153, 3
466065, 3
528076, 3
483650, 3
19564, 3
223010, 3
524639, 2
215601, 3
533371, 3
29249, 3
36255, 3
581617, 3
102274, 2
182771, 3
603802, 2
138115, 3
277795, 3
558613, 3
615126, 3
76746, 3
329121, 3
527099, 3
383102, 3
117726, 3
255364, 3
477090, 3
195380, 3
177050, 3
434248, 3
42545, 3
442592, 3
555251, 3
261706, 3
216082, 3
434785, 2
28200, 3
638893, 3
571037, 3
334876, 3
433486, 3
541727, 3
83393, 3
392965, 3
280078, 3
305101, 3
447329, 3
336540, 3
187026, 3
92350, 3
602322, 3
268135, 3
282693, 3
371278, 3
589489, 3
508564, 3
602277, 3
606656, 3
619667, 3
100266, 3
399700, 3
444524, 3
636867, 3
158230, 3
351092, 3
290249, 3
384925, 3
182929, 3
662252, 3
404581, 3
50022, 3
15916, 3
482113, 3
352051, 3
257421, 3
532828, 3
576045, 3
152730, 3
638138, 3
238916, 3
29421, 3
350670, 3
403936, 3
555698, 3
385911, 3
503484, 3
509193, 3
237632, 3
495987, 3
349411, 3
371669, 3
296046, 3
523441, 3
189362, 3
355932, 3
254898, 3
163738, 3
529340, 3
450858, 2
590867, 3
166410, 3
604605, 3
393023, 3
430655, 3
54272, 3
410381, 3
372490, 3
314406, 3
590345, 3
586748, 3
498737, 3
258596, 3
511901, 3
406186, 3
83235, 3
240944, 2
336092, 3
191902, 3
446406, 3
223518, 3
639436, 3
624203, 3
1790, 3
289688, 3
664545, 3
397820, 3
499978, 3
335323, 3
404085, 3
476220, 3
443938, 3
358420, 3
609154, 3
256112, 3
277208, 3
604412, 3
599633, 3
74735, 3
581237, 3
57008, 3
132219, 3
214754, 3
328940, 3
651755, 3
313567, 3
531383, 3
363814, 3
260818, 3
167699, 3
596733, 3
266183, 3
404877, 3
204271, 3
183330, 3
181179, 2
360810, 3
548153, 3
200713, 3
72292, 3
328337, 3
92400, 3
457209, 3
469783, 3
350248, 3
114387, 2
293041, 3
302989, 3
10131, 3
20185, 3
245895, 3
324651, 3
624060, 3
156097, 3
480585, 3
508233, 3
164799, 3
129561, 3
602657, 3
511255, 2
83421, 3
428181, 3
214895, 3
259712, 3
348981, 3
38410, 3
10827, 3
65120, 3
469669, 3
317722, 3
491454, 3
519523, 3
140741, 3
424437, 3
598959, 3
141886, 3
57250, 3
603707, 3
81067, 3
565248, 2
165016, 3
365731, 3
215374, 2
151105, 3
548852, 3
597480, 1
301501, 3
50399, 3
112368, 3
585623, 3
650617, 3
363416, 3
171883, 3
403981, 3
164144, 3
487137, 3
157413, 3
315121, 3
321454, 2
145135, 3
582900, 3
471345, 3
535772, 3
626685, 3
561077, 3
77057, 3
628219, 3
351001, 3
384032, 3
538437, 3
490282, 3
559862, 3
576905, 3
286858, 3
586136, 3
540318, 3
503284, 3
533116, 3
428805, 3
276037, 3
584416, 2
361708, 3
327319, 2
486552, 3
310888, 3
645251, 3
581289, 3
458416, 3
532750, 3
159723, 3
45846, 3
382051, 3
659557, 3
426717, 3
161641, 3
108119, 3
263729, 3
613721, 3
220668, 3
243750, 3
177219, 3
514781, 3
483931, 3
439852, 3
590955, 3
444754, 3
563207, 3
603248, 3
380893, 3
50214, 3
120917, 3
110576, 3
423027, 3
540800, 3
442740, 3
8830, 3
600615, 3
207218, 3
167187, 2
448196, 3
192006, 3
442963, 3
583035, 3
4891, 3
650627, 3
188594, 3
231791, 3
548949, 3
145405, 3
459734, 3
510690, 3
369662, 3
454643, 3
298632, 3
375832, 3
380848, 3
529583, 3
231455, 3
277159, 3
490211, 3
341561, 3
585414, 3
310905, 3
398535, 3
505631, 3
366782, 2
577292, 3
166049, 3
610801, 3
498785, 3
147467, 3
283995, 3
561155, 3
499235, 3
128437, 3
457928, 3
88357, 3
281834, 3
381082, 3
597112, 3
100634, 3
26708, 3
304420, 3
434558, 3
562776, 3
567465, 3
171865, 3
340788, 3
409608, 3
473535, 3
256962, 3
410199, 3
476570, 3
44075, 3
623464, 3
107681, 3
624110, 3
236583, 3
35870, 2
151286, 3
131555, 3
221835, 3
558250, 3
361705, 3
219000, 3
75559, 3
275787, 3
5346, 3
94616, 3
88717, 3
589841, 3
578652, 3
364905, 3
263539, 3
516159, 3
19791, 3
315692, 3
239532, 3
421835, 3
368677, 3
485792, 3
504299, 3
400690, 3
643132, 3
373615, 3
628505, 3
426686, 3
121450, 3
131682, 3
509675, 3
659927, 3
112560, 3
299807, 3
114023, 3
347873, 3
248224, 3
271512, 3
58610, 3
433804, 2
600028, 3
286323, 3
618213, 3
301925, 3
411631, 3
654694, 3
449215, 3
105359, 3
189669, 3
529038, 3
474907, 3
528314, 3
178496, 3
586361, 3
334373, 3
102546, 3
62566, 3
562553, 3
453048, 2
652096, 3
618982, 3
14262, 3
646883, 3
574494, 1
414884, 3
359941, 3
72113, 3
574089, 3
250566, 3
204270, 3
335282, 3
57979, 3
549724, 3
554260, 3
452358, 3
375845, 3
371195, 3
506086, 3
592613, 2
413776, 3
556177, 3
527408, 3
636764, 3
484267, 3
376159, 3
53078, 3
131240, 2
657514, 3
441961, 2
466058, 3
565264, 2
98990, 3
73654, 3
145847, 3
66680, 3
339683, 3
200314, 3
32564, 3
640499, 3
218396, 3
465218, 3
78267, 3
411550, 3
236739, 3
559315, 3
377271, 3
195535, 3
448311, 3
275532, 3
170477, 3
82391, 3
513232, 3
254548, 3
194771, 3
80081, 3
407136, 3
434422, 3
622740, 3
151730, 3
357595, 3
417596, 1
333658, 3
543041, 3
503182, 3
590891, 3
190976, 3
110194, 3
452929, 3
611998, 3
586927, 3
20790, 3
73041, 3
253714, 3
595514, 3
6414, 3
28973, 3
203687, 3
367039, 3
83992, 3
37270, 3
342867, 3
477674, 2
287642, 3
238374, 3
243213, 3
398275, 3
145734, 3
557892, 3
304659, 3
98405, 3
473598, 3
163526, 3
524806, 3
399511, 3
181146, 3
437494, 3
445540, 3
324447, 3
174917, 3
237733, 3
309368, 3
635096, 3
386011, 3
574991, 3
220512, 3
639216, 3
127905, 3
80638, 3
326785, 2
195319, 3
378557, 3
180392, 2
441895, 3
261223, 3
212855, 3
492644, 3
187622, 1
37926, 3
199113, 3
482998, 3
486196, 3
415657, 3
255565, 3
362887, 3
158410, 3
236406, 3
64806, 3
425758, 3
206110, 3
316943, 3
330886, 3
108719, 3
17861, 3
471546, 3
577804, 3
385838, 3
322312, 3
279212, 3
618925, 3
307902, 2
204043, 3
608197, 3
391150, 3
391476, 3
357251, 3
574140, 3
84942, 3
451271, 3
661009, 3
369258, 3
132768, 3
482623, 3
189585, 3
484554, 3
662349, 3
337584, 3
500560, 3
149992, 3
374122, 3
309948, 3
40098, 3
211646, 3
196711, 3
487838, 3
440197, 3
412100, 3
263569, 3
454737, 3
615916, 3
348465, 3
492260, 3
199264, 3
309695, 3
313806, 3
469048, 3
570172, 3
8634, 3
301117, 3
443486, 3
530719, 3
478779, 3
324324, 3
280851, 3
565794, 3
69076, 3
310440, 3
496106, 3
271432, 3
173648, 3
450713, 3
234078, 3
324749, 3
553782, 3
76997, 3
440869, 2
638711, 3
63021, 3
654725, 3
258585, 3
182691, 2
221598, 3
659189, 3
16150, 3
194535, 3
231570, 3
625316, 3
338350, 3
162500, 3
208022, 3
560932, 3
663179, 3
664611, 3
484105, 3
662127, 3
321581, 3
141719, 3
80244, 3
163912, 3
408795, 3
512912, 3
179901, 2
636078, 3
650726, 3
417497, 3
263468, 3
26439, 3
306308, 3
635390, 3
372595, 3
620299, 3
60745, 3
561939, 3
509866, 3
314490, 3
86256, 3
69069, 2
515646, 3
66110, 3
67288, 3
179450, 3
598696, 3
193084, 3
319915, 3
626834, 3
558636, 3
500759, 3
431834, 3
276764, 3
257276, 3
125966, 3
175942, 3
182244, 3
216613, 3
444548, 3
260297, 3
133082, 3
460301, 3
324914, 3
533846, 3
517217, 3
444609, 3
479103, 3
552888, 3
541232, 3
492238, 3
656696, 3
281050, 3
272773, 3
218368, 3
11292, 3
549977, 3
451193, 3
437415, 3
628367, 3
373054, 3
24882, 3
458904, 3
5076, 3
267220, 3
278599, 3
258550, 2
562109, 1
660409, 2
47970, 3
48159, 3
604442, 3
183117, 2
452539, 3
655122, 3
72182, 3
47862, 3
413556, 3
259474, 3
70928, 3
658888, 3
613275, 3
239012, 3
517708, 3
86183, 3
418332, 3
227514, 3
213811, 1
88559, 3
91854, 3
374298, 3
109371, 3
112102, 3
420872, 3
448132, 3
208450, 3
513592, 3
566753, 2
412030, 3
54220, 3
527972, 3
54545, 3
96572, 3
585929, 3
207468, 3
174882, 3
387372, 3
421366, 3
336840, 3
166270, 3
521283, 3
48689, 3
518194, 3
256329, 3
518149, 3
91241, 3
289872, 3
339019, 3
641489, 3
471538, 3
611242, 3
329304, 3
10011, 3
139581, 3
582373, 3
384234, 3
372987, 3
90613, 3
5602, 3
124764, 3
579428, 3
305296, 3
163130, 3
475807, 3
377595, 3
14257, 3
538554, 3
311504, 3
103288, 3
564471, 3
324174, 3
24098, 3
438558, 3
256519, 3
4869, 3
571560, 3
15257, 3
268996, 3
513976, 3
198762, 2
114502, 2
196756, 3
662660, 3
213558, 3
520093, 3
290263, 3
466709, 3
105590, 3
231690, 3
518409, 3
12658, 3
4465, 3
217969, 3
234888, 3
371835, 3
462764, 2
385171, 3
490561, 3
6179, 3
642079, 3
527744, 3
39915, 3
257362, 3
379146, 3
340204, 3
325317, 3
606870, 3
658431, 3
144900, 3
276366, 3
442746, 3
425901, 3
226051, 3
301799, 3
434284, 3
39503, 2
272539, 3
655819, 3
183461, 2
246121, 3
472514, 3
494407, 3
502121, 3
233786, 3
246718, 3
281396, 3
411442, 3
253816, 2
244547, 3
106750, 3
72452, 3
388825, 3
448153, 3
646245, 3
219103, 3
549838, 3
83181, 3
404467, 3
522309, 3
369704, 3
48053, 2
454719, 3
631855, 3
522412, 3
505650, 3
13341, 3
35412, 3
546143, 3
39779, 3
37296, 3
32349, 3
63103, 3
312964, 3
538654, 3
244014, 3
28167, 3
65990, 3
650280, 3
336252, 3
163840, 3
605082, 3
390837, 3
8306, 3
556617, 3
543697, 3
566427, 3
49429, 3
355963, 3
211235, 3
548388, 3
516558, 3
306588, 3
163765, 3
405708, 3
565792, 3
390993, 3
69633, 3
457724, 3
556735, 3
626436, 3
350324, 3
161896, 3
118552, 3
431803, 3
99581, 3
403615, 3
364063, 3
166679, 3
459316, 3
572160, 3
307053, 3
457546, 3
531339, 2
273523, 3
626762, 3
233565, 3
405918, 3
133618, 3
36452, 3
605164, 3
399850, 3
424809, 3
481917, 3
45233, 3
333127, 3
3941, 3
406731, 3
167236, 3
330945, 2
328069, 3
394767, 3
497202, 3
440090, 3
641094, 3
272941, 3
567970, 3
53743, 3
154628, 3
609959, 3
45356, 3
86475, 3
341831, 3
567805, 3
356339, 3
535935, 3
533478, 3
364155, 3
599723, 3
300718, 3
387676, 3
19151, 3
450242, 3
187090, 3
389093, 3
445772, 3
387729, 3
396450, 3
38126, 3
518155, 3
211913, 3
299316, 3
339585, 3
299365, 3
527652, 3
299313, 3
270863, 3
502458, 3
562142, 3
272428, 3
636318, 2
236288, 3
122512, 3
384676, 3
111310, 2
287126, 3
490136, 3
345656, 3
447027, 3
663282, 3
337883, 3
491698, 3
189284, 3
48089, 3
421376, 3
195993, 3
198358, 3
502965, 3
490343, 3
432225, 3
103690, 3
143243, 3
662533, 3
322626, 3
418869, 3
647361, 3
599686, 3
307111, 3
535000, 3
290868, 3
417631, 3
130259, 3
547716, 3
348616, 3
298946, 3
407564, 3
94740, 3
202829, 3
61533, 3
167341, 3
246666, 3
303322, 3
42306, 3
269652, 3
374133, 3
350051, 3
352846, 3
513906, 3
127730, 3
484451, 3
431066, 3
80135, 3
84095, 3
233427, 3
32454, 3
361332, 3
476573, 3
46083, 3
447859, 3
85007, 3
582595, 3
237951, 3
192546, 3
367932, 3
554697, 3
192011, 3
175348, 3
630183, 3
128319, 3
280448, 3
615117, 3
323329, 3
227097, 3
294298, 3
92482, 3
305251, 3
68932, 3
518720, 1
652844, 1
408962, 3
384482, 3
301460, 3
480054, 3
341797, 3
637630, 3
663379, 3
116073, 3
26765, 3
464912, 2
215818, 2
613486, 3
247748, 3
508581, 3
661640, 3
626810, 3
623241, 2
506680, 3
255017, 3
590789, 3
228509, 3
479728, 3
519536, 3
181041, 3
462818, 3
629948, 3
335103, 3
292250, 3
181575, 3
133721, 3
484515, 3
645205, 3
318046, 3
375436, 3
349068, 2
21767, 3
511894, 2
479807, 3
92575, 3
199856, 3
497581, 3
638486, 3
395898, 3
624920, 2
516759, 3
498760, 3
513699, 3
205195, 3
600381, 3
390299, 3
507838, 3
134505, 3
20866, 3
79922, 3
461537, 3
415182, 3
603348, 3
26796, 3
502642, 3
98050, 3
66599, 3
134712, 3
238416, 3
188625, 3
265182, 3
46099, 3
30780, 3
63675, 3
328666, 3
209912, 3
277744, 3
22097, 3
122767, 3
14939, 3
245517, 3
546264, 3
499249, 3
512173, 3
487791, 3
607061, 3
582005, 3
83567, 2
138172, 3
490119, 3
25636, 3
47564, 3
597353, 3
206624, 3
534848, 3
211575, 3
465805, 3
524629, 3
129910, 3
274646, 3
64319, 3
593711, 3
180903, 3
438871, 3
156290, 3
392787, 3
504444, 3
249566, 2
385931, 3
302736, 3
87973, 3
408387, 3
496944, 3
75377, 3
615789, 3
466559, 3
570372, 3
20578, 3
450280, 3
648888, 2
81790, 3
9552, 3
641172, 3
125671, 3
595385, 3
552573, 3
49482, 3
187206, 3
339055, 3
226841, 3
217193, 1
83294, 3
564859, 3
280997, 3
197436, 3
42916, 3
504057, 3
197973, 3
434261, 3
38143, 3
320860, 3
7401, 3
156268, 3
56737, 3
42422, 3
445249, 3
384425, 3
555651, 3
48542, 3
620063, 3
18496, 2
64303, 3
234443, 3
201160, 2
439726, 3
318964, 3
223848, 3
458651, 3
35331, 3
417132, 3
471803, 3
423370, 3
384825, 3
510206, 3
160658, 3
344300, 3
31832, 3
387674, 3
626276, 3
307263, 3
7486, 3
561645, 3
139061, 3
351074, 3
627344, 3
287854, 3
152178, 3
138704, 3
110229, 3
166334, 3
613909, 3
143054, 3
498103, 3
43038, 3
495439, 3
413549, 3
346044, 3
48757, 3
553580, 3
97520, 3
493294, 3
329384, 3
393493, 2
309231, 3
138564, 3
460307, 3
120282, 3
537056, 3
554062, 3
396232, 3
565742, 3
596865, 3
138323, 3
225884, 3
159077, 3
137305, 3
156544, 3
202851, 3
617586, 3
321725, 3
121717, 3
92033, 3
474719, 2
46731, 3
466216, 3
648673, 3
263419, 3
644750, 3
589384, 3
593528, 3
191346, 3
200918, 3
144038, 3
247563, 3
248446, 3
22240, 2
325409, 3
33403, 3
321158, 3
2573, 3
390123, 3
192135, 3
28282, 3
432053, 3
655903, 3
327977, 3
471298, 3
311326, 2
613279, 3
635598, 3
665174, 3
593459, 3
188521, 3
363418, 3
123305, 3
142094, 3
466446, 3
428265, 3
401715, 3
657964, 3
252754, 3
506697, 3
400655, 3
398610, 3
11051, 3
51533, 3
212501, 3
466747, 1
398256, 3
486017, 3
346632, 3
173818, 3
200647, 3
648680, 3
380883, 3
62839, 3
354944, 3
151656, 3
514627, 3
147738, 3
133343, 3
588354, 3
149053, 3
291880, 3
128314, 3
137446, 3
177504, 3
118190, 3
657622, 3
55668, 3
438368, 3
46389, 3
206091, 3
663271, 3
600901, 3
374481, 3
645425, 3
427542, 3
343626, 3
561074, 3
174857, 3
181200, 3
601656, 3
285121, 3
629622, 3
189909, 3
205581, 3
40179, 3
611241, 3
508406, 3
648150, 3
399731, 3
252466, 3
76768, 3
317889, 3
591105, 3
101013, 3
61772, 3
55321, 3
475684, 3
598455, 3
334578, 3
217225, 3
641912, 3
501962, 3
392863, 3
155219, 3
577806, 3
109034, 3
247920, 3
458776, 3
377198, 3
562393, 3
344482, 3
243288, 3
359100, 3
127738, 3
257342, 3
270716, 3
184231, 3
356797, 3
107855, 3
313208, 3
327565, 3
211850, 1
611961, 3
276000, 3
345316, 3
156187, 3
278146, 3
262166, 3
69744, 2
511293, 3
165265, 3
73218, 2
156972, 3
184857, 2
443535, 3
624597, 3
445368, 3
630969, 3
49596, 1
353420, 2
446195, 3
607659, 3
397875, 3
122713, 3
66271, 3
627376, 3
380716, 3
633298, 3
296398, 3
382092, 3
511147, 3
256783, 1
11787, 3
349407, 3
491802, 3
152563, 3
40531, 3
463561, 2
119446, 3
181600, 2
34318, 3
42334, 3
455702, 3
76219, 3
15614, 3
477097, 3
571158, 3
132367, 3
218055, 3
661973, 3
583751, 3
385086, 3
323097, 3
133469, 2
645029, 3
122463, 3
531453, 3
527664, 3
175738, 3
112948, 3
134459, 3
398936, 3
442387, 3
550296, 3
592664, 3
152450, 3
318520, 3
92693, 3
642584, 3
503357, 3
80305, 3
419423, 3
500803, 3
630260, 3
98556, 3
19639, 3
248697, 3
110445, 3
149816, 3
625744, 3
10438, 3
105793, 3
560134, 3
207803, 3
89870, 3
173907, 3
160610, 3
645932, 1
342898, 3
650532, 3
130853, 3
55172, 3
28097, 3
618745, 3
201984, 3
440807, 2
366320, 3
34150, 3
27924, 3
552895, 3
574319, 3
312490, 3
11581, 3
585606, 2
510108, 3
584554, 3
435943, 3
611082, 3
157629, 3
14938, 3
525429, 3
420959, 3
572303, 3
194940, 3
496241, 3
356785, 3
643686, 3
491231, 3
93828, 3
648780, 3
350044, 3
405746, 3
568804, 3
154503, 3
165609, 3
489613, 3
604068, 3
569769, 3
311106, 3
200370, 3
226653, 3
111566, 3
64429, 3
36015, 3
513384, 3
529002, 3
641069, 3
92503, 3
99303, 3
137703, 3
157451, 3
103441, 3
52038, 3
574719, 3
385024, 3
459136, 3
614200, 3
161695, 3
54263, 3
303218, 3
502681, 3
405750, 3
499835, 3
440231, 3
101923, 3
416636, 3
18288, 3
297636, 3
361340, 3
631555, 3
3950, 3
32449, 3
89221, 2
291526, 3
488619, 3
134058, 3
544598, 3
42344, 3
162411, 3
543488, 3
499679, 3
420550, 3
251414, 3
66672, 3
207166, 3
429945, 2
638809, 2
104285, 3
151718, 3
408734, 3
217363, 3
102598, 1
37752, 3
252507, 3
526149, 3
425352, 3
262101, 3
387724, 3
235853, 3
536320, 3
271629, 3
604757, 3
382447, 3
618483, 3
253113, 3
579840, 3
338253, 3
539686, 3
76004, 3
3571, 3
145605, 3
47245, 3
440623, 2
534090, 3
510922, 3
10416, 3
537083, 3
181554, 3
203316, 3
228371, 3
135386, 1
318262, 3
327650, 3
521956, 3
342593, 3
622149, 3
68235, 3
84867, 3
359564, 3
441096, 2
389433, 3
203899, 3
134074, 3
555140, 3
145114, 3
310851, 3
193726, 3
330697, 3
561141, 3
349334, 3
373540, 3
501975, 3
626329, 3
504960, 3
40395, 3
600700, 3
242953, 3
405538, 3
48401, 3
240372, 3
276174, 3
56540, 2
500415, 3
517729, 3
604261, 3
563065, 1
659164, 3
440839, 3
609686, 3
317270, 3
224223, 3
369299, 3
364881, 3
523621, 3
601100, 3
489846, 3
558386, 3
57131, 2
314122, 3
8865, 3
464640, 3
93532, 3
261475, 3
433161, 3
272388, 3
308586, 3
259149, 3
126301, 3
69169, 3
210592, 3
20387, 3
3357, 3
411768, 3
217037, 3
39822, 3
625575, 2
417315, 3
94637, 3
461807, 3
284399, 3
247768, 3
156301, 3
387196, 3
565199, 3
102320, 3
508426, 3
61677, 3
33346, 3
48740, 3
340456, 1
54863, 3
611556, 3
603492, 3
292452, 3
412529, 3
403824, 3
394650, 1
653733, 3
483851, 3
181421, 2
39329, 3
207380, 3
555232, 3
612912, 3
405563, 3
547204, 3
33984, 3
364285, 3
86857, 3
322839, 3
554075, 3
554804, 3
552771, 3
487246, 1
8700, 3
204232, 3
639368, 3
310801, 3
461892, 3
173381, 3
444668, 3
550584, 3
260729, 3
559657, 3
205693, 3
21776, 3
183230, 3
481577, 3
408900, 3
562316, 3
355688, 3
651242, 3
396244, 3
78868, 3
52770, 3
485267, 3
188671, 3
591716, 3
266526, 3
575056, 3
149708, 3
296885, 3
11965, 3
529786, 3
146310, 3
425654, 3
160119, 3
9541, 3
32456, 3
208571, 3
547987, 3
331435, 3
403506, 3
276203, 3
2704, 3
47469, 3
125434, 3
583807, 3
145229, 3
421683, 3
85525, 3
645763, 3
153159, 3
629368, 3
489800, 3
636212, 3
330742, 3
555860, 3
645398, 3
143750, 3
470131, 3
470369, 3
431216, 3
612133, 2
626351, 3
130683, 3
641862, 3
281784, 3
583213, 3
389119, 3
355585, 3
566794, 3
415154, 3
579414, 3
190824, 3
566891, 3
120271, 2
480855, 3
626382, 3
209473, 2
378398, 3
498065, 3
440028, 3
489143, 3
559783, 3
4579, 3
242708, 3
460439, 3
28490, 3
197955, 3
378230, 3
465948, 3
258889, 3
584339, 3
318141, 3
22782, 3
475952, 3
560481, 3
381398, 3
332827, 3
380154, 3
474478, 3
589891, 3
12328, 3
465696, 3
86371, 3
600906, 3
620619, 3
50251, 2
428192, 3
485358, 3
164581, 3
348186, 3
474525, 3
191509, 3
443133, 3
533472, 3
102452, 3
623650, 3
469183, 3
532478, 3
184958, 3
651498, 3
302980, 2
274924, 3
94089, 3
500650, 3
492741, 3
321164, 3
156415, 3
664875, 3
527977, 3
596255, 3
416156, 3
342039, 3
468834, 3
524395, 2
158179, 3
170942, 3
34646, 3
194723, 3
364284, 2
633479, 3
178212, 3
185193, 3
553217, 3
398285, 3
619659, 3
503514, 3
306332, 3
129989, 3
303068, 3
21963, 3
114134, 3
623784, 3
565466, 3
228034, 3
44182, 3
380087, 3
15608, 3
542801, 3
247092, 3
627110, 3
174662, 3
88413, 3
588627, 3
201850, 3
8771, 3
626674, 3
169775, 3
574361, 3
579938, 3
334241, 2
332881, 3
460148, 3
3185, 3
660644, 3
637313, 3
102856, 3
223443, 3
632280, 3
61823, 3
116548, 3
136390, 3
164055, 3
136232, 3
560218, 3
242731, 3
506560, 3
630149, 3
158206, 3
261449, 3
295405, 3
328620, 3
42896, 2
620493, 3
117315, 3
263422, 3
485692, 3
211236, 3
593267, 3
253505, 3
312003, 3
83066, 2
198679, 3
375584, 3
463687, 3
526598, 3
590731, 3
296309, 3
25456, 3
155434, 3
154994, 3
655745, 3
642050, 3
220760, 3
226172, 3
648416, 3
465717, 3
468366, 3
508688, 3
356050, 3
607278, 3
613965, 3
554837, 3
357603, 3
5127, 3
343829, 3
226355, 3
68766, 3
352551, 3
403985, 3
301408, 3
373901, 3
300042, 2
410830, 3
402816, 3
286917, 3
314248, 3
572492, 3
663568, 3
536433, 3
157955, 3
124523, 3
87252, 3
599511, 3
401597, 3
152137, 3
424972, 3
116259, 3
395022, 3
628169, 3
412021, 3
401883, 3
65717, 3
30105, 3
392373, 3
334954, 3
613640, 3
566141, 3
556390, 3
545647, 3
561188, 3
120063, 3
457372, 3
215514, 3
449231, 3
455858, 3
592255, 3
589058, 3
62330, 3
647466, 3
541896, 3
280209, 3
341362, 3
601864, 3
14868, 3
327598, 3
334735, 3
143962, 3
101575, 3
231246, 3
576243, 3
466601, 1
287879, 3
506777, 3
608274, 3
399798, 3
38053, 3
53844, 3
664172, 2
156371, 3
458352, 3
392302, 3
67147, 3
181564, 3
211351, 3
548181, 3
334773, 3
249742, 3
620644, 3
247156, 3
174245, 3
664288, 3
148041, 3
140293, 3
105468, 3
39237, 3
466528, 3
357019, 3
550826, 3
659487, 3
663604, 3
218822, 3
530382, 3
451266, 3
147459, 3
575458, 3
225225, 3
174666, 3
565433, 3
27515, 3
464190, 3
266460, 3
412938, 3
236822, 3
623300, 3
252851, 3
414498, 3
193941, 3
261576, 3
51621, 3
482964, 3
241242, 3
81787, 3
347381, 3
149722, 3
463131, 3
371634, 3
14803, 3
210507, 3
127972, 3
204538, 3
279801, 3
262108, 3
237826, 3
118157, 3
319809, 3
413767, 3
53666, 3
608194, 3
325452, 3
455308, 3
101920, 3
479654, 3
114470, 3
625924, 3
582574, 3
93431, 3
278538, 3
153508, 3
144237, 3
426433, 3
281056, 3
300013, 3
113377, 3
205375, 3
489818, 3
79754, 3
418676, 3
249299, 3
479567, 3
199626, 3
496173, 3
65528, 3
362157, 3
10141, 3
476743, 1
271350, 3
397443, 3
503113, 3
8156, 3
505152, 3
561003, 3
493836, 3
460482, 3
399958, 3
173749, 3
577931, 3
81444, 3
74326, 3
91166, 3
561951, 3
483431, 3
533693, 3
146121, 3
493542, 3
637744, 3
46597, 3
459840, 3
450846, 3
334637, 3
248930, 3
534958, 3
132060, 3
361062, 3
511674, 3
395248, 3
334530, 3
297309, 2
573910, 3
335627, 3
595832, 3
365840, 3
462173, 2
20798, 3
577093, 2
347544, 3
187175, 3
499288, 3
52191, 3
253364, 3
303231, 3
153648, 3
96344, 3
355379, 3
592600, 3
79976, 3
287448, 3
434583, 3
278564, 3
11419, 3
271950, 3
21752, 3
537136, 3
295460, 3
136524, 3
411981, 3
405026, 3
313803, 3
417081, 3
198619, 3
217555, 3
323812, 3
319381, 3
469308, 3
202302, 3
554158, 3
385592, 1
493302, 3
47636, 3
426984, 3
234807, 3
353612, 3
315862, 3
473556, 2
171341, 3
260152, 3
48565, 3
620022, 3
165113, 3
354436, 3
283608, 3
428452, 1
623224, 3
336915, 3
330496, 3
577491, 3
52670, 3
575714, 1
484892, 3
344838, 3
52781, 3
283977, 3
261642, 3
492216, 3
641705, 3
662720, 3
186233, 3
430826, 3
111651, 3
203768, 3
178239, 3
425490, 3
60827, 3
223373, 3
565627, 3
268326, 2
253529, 3
123353, 3
525219, 3
469630, 3
286937, 3
609508, 3
374683, 3
184653, 3
620157, 3
172926, 3
595562, 3
75438, 2
353838, 3
103436, 3
512701, 3
539635, 3
583392, 3
253484, 3
283683, 3
443792, 3
256525, 3
546965, 3
166069, 3
607251, 3
283519, 2
150197, 3
66951, 3
626959, 3
411839, 3
647830, 3
251300, 3
549692, 3
167009, 3
359881, 2
61520, 2
527498, 3
56621, 3
576781, 3
521609, 3
159887, 3
39848, 3
517352, 3
513777, 3
657640, 3
73877, 2
112529, 3
460860, 3
625145, 3
412192, 3
413479, 3
410293, 3
501463, 3
571101, 3
21382, 3
206334, 3
496958, 3
391830, 3
224444, 3
603356, 3
293392, 3
421540, 3
410149, 3
376510, 3
419708, 3
466452, 3
34783, 3
251226, 3
261998, 3
644534, 3
179545, 3
73635, 3
361024, 3
443076, 3
549958, 3
334411, 3
464153, 3
508148, 3
549444, 3
297453, 3
257387, 3
385272, 3
168287, 3
62054, 3
291041, 3
555956, 3
429939, 3
637748, 3
194436, 3
427429, 3
26184, 3
83170, 3
591415, 3
158141, 3
429356, 3
266226, 3
179171, 3
476744, 3
261733, 3
575741, 2
186537, 3
46864, 1
478508, 3
181750, 3
248813, 3
634723, 3
182682, 3
1066, 3
635114, 3
433369, 3
561782, 3
318464, 2
125460, 3
617798, 3
182009, 2
318818, 3
615066, 3
611452, 3
62051, 3
300026, 3
122479, 3
9839, 3
66939, 3
11352, 3
554949, 3
553460, 3
281730, 3
212630, 3
432765, 3
120967, 3
467077, 3
642622, 3
18143, 3
571426, 3
298368, 3
442685, 3
49878, 3
269221, 3
394236, 3
561163, 2
316373, 3
170944, 3
491933, 3
623178, 2
172551, 3
603472, 3
131809, 3
428104, 3
326717, 3
173209, 3
20892, 3
23537, 3
637246, 3
449198, 3
575837, 3
83441, 3
321544, 2
562250, 3
112135, 3
608691, 3
17092, 3
342106, 3
95605, 3
485288, 3
55018, 3
356850, 3
393915, 2
477349, 3
179147, 3
291271, 3
640149, 3
290430, 3
636847, 3
383467, 3
295121, 3
347777, 3
413249, 3
10873, 3
25943, 3
269039, 3
572056, 3
327, 3
168362, 3
120362, 3
526764, 3
205403, 3
58683, 3
430667, 3
478103, 3
316073, 3
576264, 3
491386, 3
603375, 3
655226, 3
98102, 3
169238, 3
53966, 1
315628, 3
258488, 3
460548, 3
446728, 3
392452, 3
84412, 3
384848, 3
553251, 3
424124, 3
649236, 3
481450, 3
176049, 3
70355, 3
14098, 3
218706, 3
331550, 3
68851, 3
419450, 3
563825, 3
270515, 3
421850, 3
522603, 3
394304, 3
425414, 3
414047, 3
184179, 3
483435, 3
540825, 3
374587, 3
607481, 3
367517, 3
140729, 3
361982, 3
616747, 3
25247, 3
322925, 3
231939, 3
261170, 3
155933, 3
591153, 3
27285, 3
158631, 3
92912, 3
282597, 3
513818, 3
189870, 3
361482, 3
205558, 3
429675, 3
328105, 3
624182, 3
551619, 3
516882, 3
27569, 3
374147, 2
95575, 3
254100, 3
377299, 3
17355, 3
624357, 3
193380, 3
380153, 3
190742, 3
258726, 3
314433, 3
184372, 2
380999, 3
548305, 3
623877, 3
48345, 3
620227, 3
634535, 3
161537, 3
524149, 3
34875, 3
243804, 3
567513, 3
662322, 3
613688, 3
202741, 3
606523, 2
430347, 3
359877, 3
64292, 3
128547, 2
167133, 3
356657, 3
253535, 3
337895, 3
149458, 3
493211, 3
248507, 3
104773, 3
528445, 3
627679, 3
27526, 3
489958, 3
637714, 3
614061, 3
65279, 3
592881, 2
362227, 2
51401, 3
479546, 3
433509, 3
198900, 2
368975, 3
127178, 3
49467, 3
357529, 3
166862, 3
129723, 3
433035, 3
521931, 3
661554, 3
620301, 3
539843, 3
50948, 3
599862, 3
106778, 3
429269, 3
388437, 2
258356, 3
310857, 3
22647, 3
196242, 3
537297, 3
113551, 3
450418, 3
446453, 3
116057, 3
276, 3
512498, 3
86602, 3
545118, 3
373213, 3
140641, 3
72429, 3
661232, 3
423699, 3
313020, 3
305567, 3
285869, 3
79665, 3
205774, 3
603797, 3
596485, 3
30443, 2
405267, 3
148474, 3
452438, 3
426281, 3
516058, 3
178221, 3
570754, 3
664455, 3
422327, 3
318403, 3
37942, 3
397265, 3
159935, 3
608864, 3
609110, 2
64956, 3
469612, 3
36572, 3
569246, 3
89817, 3
249388, 3
63495, 3
171181, 3
276213, 3
256153, 3
83173, 3
376398, 3
188644, 3
155078, 3
506433, 3
239252, 3
585839, 3
421915, 3
639630, 3
75000, 3
241169, 3
483038, 3
43668, 3
219068, 3
407806, 3
7144, 3
57112, 3
71722, 3
642855, 3
577469, 3
608150, 3
123269, 3
65887, 3
208779, 3
460334, 3
102570, 3
107909, 3
616351, 3
397157, 3
485005, 3
458579, 3
370330, 3
296689, 3
20519, 3
310193, 3
324638, 3
356534, 3
274070, 3
654993, 2
126627, 3
600924, 3
83753, 3
452842, 3
192418, 3
430694, 3
180214, 3
571937, 3
4578, 3
535245, 3
68976, 3
361115, 3
137977, 3
531376, 3
393865, 3
235386, 3
672, 3
408703, 3
376895, 3
504312, 3
485748, 3
379325, 2
189612, 3
464083, 3
180942, 3
268270, 3
27001, 3
109631, 3
507492, 3
91161, 3
574793, 3
475041, 1
506085, 3
526717, 3
500179, 3
584347, 3
375586, 3
646659, 3
230619, 3
89054, 3
256935, 3
156966, 3
580171, 3
68454, 3
295950, 3
246759, 3
66418, 3
446622, 3
316209, 3
388710, 3
158743, 3
512953, 2
601374, 3
273884, 3
488020, 3
336819, 3
147973, 3
170057, 3
317214, 3
143027, 3
591868, 3
523475, 3
347708, 3
389375, 3
72650, 3
487607, 3
201910, 3
518509, 3
651207, 3
306866, 3
475097, 3
498295, 3
243928, 3
214232, 3
16917, 3
421597, 3
59369, 3
33543, 3
538458, 3
183153, 3
160311, 3
479105, 3
286176, 3
612857, 3
161282, 3
579025, 3
81321, 3
243243, 3
293881, 3
30385, 3
223300, 2
76423, 3
476401, 3
115658, 3
46402, 3
45260, 3
446150, 3
555184, 3
620308, 3
648520, 3
337798, 3
46407, 3
64421, 3
45668, 3
240613, 3
377234, 3
182486, 2
558779, 3
99974, 3
415815, 3
548712, 3
405788, 3
223455, 2
47081, 3
503846, 3
486869, 3
592623, 3
223680, 3
15881, 3
262285, 3
664239, 3
637641, 2
236720, 3
355479, 2
381069, 3
374921, 3
472986, 3
292553, 3
28568, 3
556484, 3
19753, 3
339631, 3
380622, 3
227181, 3
184996, 3
297029, 3
180726, 3
187472, 3
422092, 3
279272, 3
183374, 3
444228, 3
638521, 3
197834, 3
253781, 3
507248, 3
460047, 3
366384, 3
560598, 3
274938, 3
562286, 3
111104, 3
543975, 3
477335, 3
27030, 3
573498, 3
261031, 3
426634, 3
77378, 3
463611, 3
25759, 3
584225, 3
658509, 3
323069, 3
370696, 3
261370, 3
500236, 3
526631, 3
573669, 3
375378, 3
398040, 3
10487, 3
463907, 3
37407, 3
629857, 3
110289, 3
141608, 3
46830, 3
352903, 3
623061, 1
528639, 3
484189, 2
590242, 3
274902, 3
514405, 3
549649, 3
7524, 3
571744, 3
185448, 3
463767, 3
347609, 3
417184, 3
81221, 3
602728, 3
389643, 3
608674, 3
194936, 3
349132, 3
286052, 3
163374, 3
359741, 3
294389, 3
373176, 3
395525, 3
564702, 2
494417, 3
513329, 3
622021, 3
325257, 3
124805, 3
78490, 2
39502, 3
316679, 3
250985, 3
268483, 3
253641, 3
530984, 3
457240, 3
135670, 3
336697, 3
422822, 1
138910, 3
367016, 3
5324, 3
17062, 3
570657, 3
425979, 3
111280, 3
45079, 3
430961, 3
633345, 3
611734, 3
461618, 3
40091, 3
318985, 3
447432, 3
480487, 3
109672, 3
615353, 3
623407, 3
210275, 3
460851, 3
202319, 3
570038, 3
46321, 3
304713, 3
390024, 3
421488, 3
84721, 3
658115, 3
372820, 3
56535, 3
555869, 3
21841, 3
489795, 3
39919, 3
422233, 3
612874, 3
573543, 3
393850, 3
49154, 3
111366, 3
224185, 3
511451, 2
138082, 3
19906, 3
265363, 3
280898, 3
537273, 3
12242, 3
298029, 2
99408, 3
599014, 3
194806, 3
212469, 3
505344, 3
614201, 3
629835, 3
164117, 3
581527, 3
239390, 3
356075, 3
111865, 3
565363, 3
434499, 3
208971, 3
88704, 3
569844, 3
575473, 1
508320, 3
327028, 3
127798, 3
125780, 3
296679, 2
220098, 2
428752, 3
280375, 3
427540, 3
335190, 3
582377, 3
436145, 3
436828, 2
242519, 3
86964, 3
380927, 3
275774, 3
606022, 3
446260, 3
317304, 3
473704, 3
81605, 3
223846, 3
612859, 3
185695, 3
618380, 3
484501, 1
160689, 3
92451, 2
8123, 3
65869, 3
469143, 3
23304, 3
613726, 3
286911, 3
474561, 3
324537, 3
456539, 3
511312, 3
222502, 3
457572, 3
19387, 3
323608, 3
649865, 3
37654, 3
401270, 3
212037, 3
202839, 3
417619, 3
430492, 3
560419, 3
473674, 3
281010, 3
632999, 3
338616, 3
538187, 3
286657, 3
23450, 3
216200, 3
641602, 3
581189, 3
240626, 3
341035, 3
255143, 3
58257, 3
17166, 3
257719, 3
512165, 3
212592, 3
223106, 3
38238, 3
141116, 3
380909, 3
184959, 3
453713, 2
21874, 3
243274, 3
277357, 3
633813, 3
283869, 3
346018, 3
328880, 3
295949, 3
520702, 3
227498, 3
406334, 3
353032, 3
199218, 3
595968, 3
423429, 3
147181, 3
211701, 3
578258, 3
598650, 3
303021, 2
504921, 3
657857, 2
268728, 3
42179, 3
315117, 3
587661, 3
312709, 2
522745, 1
643827, 3
264235, 3
447194, 3
100058, 3
407246, 3
629680, 3
495153, 3
450974, 3
251434, 3
653384, 3
574512, 3
251035, 3
536536, 3
484446, 3
508539, 3
51081, 2
134111, 3
522847, 3
49626, 3
368383, 3
334444, 3
483345, 3
381818, 3
517036, 3
28811, 3
379736, 3
110677, 3
348224, 3
114062, 3
462201, 1
260565, 3
108353, 3
89442, 3
582898, 3
575858, 3
350555, 3
14742, 3
604403, 3
172361, 3
339309, 3
292489, 3
644350, 3
96138, 3
590574, 3
572567, 3
28312, 3
294968, 3
505955, 3
340113, 3
287440, 3
530213, 2
245313, 3
127896, 3
288980, 3
294545, 3
45193, 3
453926, 3
465812, 3
395372, 3
15849, 3
343287, 3
569460, 3
598158, 3
143786, 3
249020, 3
424650, 3
621770, 3
600490, 3
461319, 3
475419, 3
475237, 3
380557, 3
81432, 3
342056, 3
54078, 3
300264, 3
629933, 3
139096, 3
205307, 3
142176, 3
314497, 3
88846, 3
510031, 3
108835, 3
135165, 3
287057, 3
341997, 3
181820, 3
134521, 3
175180, 3
324197, 3
414450, 3
81275, 3
417244, 3
662865, 3
14817, 3
271817, 3
359955, 3
297525, 3
404639, 3
291362, 3
284330, 3
340705, 3
109230, 3
164214, 3
424954, 3
240265, 3
8220, 3
598679, 3
291431, 3
545254, 3
317417, 3
451604, 3
336846, 3
349372, 2
48488, 3
312842, 3
598794, 3
428009, 3
64978, 3
124537, 3
456178, 3
633516, 3
368691, 3
163861, 3
458088, 3
24581, 3
560019, 2
223657, 3
309588, 3
74622, 2
253929, 3
318480, 3
655375, 2
612884, 3
573714, 3
635133, 3
146144, 3
142371, 3
88866, 2
143538, 3
379797, 3
491630, 3
612535, 3
572009, 3
566155, 3
366851, 3
141791, 3
420865, 3
286856, 3
68262, 3
537801, 3
68258, 3
136123, 3
154753, 3
392597, 3
196023, 3
12852, 2
468457, 3
323614, 3
632868, 3
306252, 3
368371, 3
72287, 3
14174, 3
622650, 3
271104, 3
243580, 3
455625, 2
466159, 3
220803, 3
216680, 3
637105, 3
311654, 3
494747, 3
80802, 3
236845, 3
40075, 3
231708, 1
364794, 3
159041, 3
71233, 3
254741, 3
580357, 3
321540, 2
552366, 3
525585, 3
219587, 3
601795, 3
49374, 3
579667, 3
636442, 3
444293, 3
195387, 3
306046, 3
96081, 3
632431, 3
5064, 3
174491, 3
200080, 3
469517, 3
44793, 3
443914, 3
504058, 3
58282, 3
530722, 3
561351, 3
46819, 3
223008, 3
286642, 3
400336, 3
552037, 3
592893, 3
7795, 3
46291, 3
281278, 2
573977, 3
451714, 3
323345, 3
234376, 3
27855, 3
35452, 3
582202, 3
368394, 3
332105, 3
664686, 3
74656, 3
529697, 3
51152, 3
231591, 3
293015, 3
226752, 3
190154, 3
549683, 3
540899, 3
577879, 3
430803, 3
486567, 3
486116, 3
553712, 3
549443, 3
556623, 3
634080, 3
486544, 3
260643, 3
198130, 3
275330, 3
204712, 3
98413, 3
492029, 3
416765, 3
619095, 3
470244, 3
76776, 3
241416, 3
217092, 3
248803, 3
27513, 3
570642, 3
196452, 3
381782, 3
604714, 3
347752, 3
575577, 2
11413, 3
291790, 3
5748, 3
320729, 3
601826, 3
635731, 3
361679, 3
486665, 2
285017, 3
593081, 3
276581, 3
42107, 3
553047, 3
298306, 3
9003, 3
231158, 3
428937, 3
89582, 3
72243, 3
615851, 3
479679, 3
53028, 3
567903, 3
86802, 3
363078, 3
578973, 3
429754, 3
381301, 1
269292, 3
252400, 3
398005, 3
660550, 3
68222, 3
169777, 3
119884, 3
160075, 3
350573, 3
251112, 3
430391, 3
637152, 3
649160, 3
634160, 3
547186, 3
183941, 3
41757, 3
565895, 3
446083, 3
433291, 3
257309, 3
166863, 3
514138, 3
567009, 1
28153, 3
6847, 3
598301, 3
297678, 3
2970, 3
610750, 3
557286, 3
145828, 3
565669, 1
155140, 3
360240, 3
312190, 3
134790, 3
69588, 3
429322, 3
147723, 2
381907, 3
221396, 3
164576, 3
250159, 3
585350, 3
501140, 3
336778, 3
540270, 3
534437, 3
264022, 3
509954, 3
358988, 3
553183, 3
248795, 3
606552, 3
584335, 3
592280, 3
260043, 3
465372, 3
615527, 3
36507, 2
256991, 3
251637, 3
30682, 3
552903, 3
1183, 3
206317, 3
396315, 3
251548, 3
600799, 3
176945, 3
180271, 3
76617, 3
616319, 3
444919, 3
76494, 3
113297, 3
153730, 3
90835, 3
57784, 3
101175, 3
13708, 3
502046, 3
16235, 3
26698, 3
252354, 3
42567, 1
479563, 3
156599, 3
65156, 3
147360, 1
560751, 1
449653, 2
52601, 3
535451, 3
210693, 3
118795, 3
583518, 3
234583, 3
531158, 3
621415, 3
479811, 3
566258, 3
633085, 3
626370, 2
608168, 3
145837, 3
331936, 3
559946, 3
260948, 3
276908, 3
402739, 3
509503, 3
259626, 3
196953, 3
216996, 3
256105, 2
395143, 2
195857, 3
398469, 3
300836, 3
169580, 3
369153, 3
655444, 3
405862, 3
95139, 3
151312, 3
616206, 3
592916, 3
200258, 3
507684, 3
589620, 2
656911, 2
329718, 3
229694, 3
335688, 3
146857, 3
462367, 3
483733, 3
51225, 3
606677, 1
521790, 3
425304, 3
137618, 3
636278, 3
243990, 3
462123, 3
402339, 3
493236, 3
16644, 3
334352, 3
196899, 3
12445, 3
28523, 3
496075, 3
80716, 2
576130, 3
76463, 3
75524, 3
63800, 3
626368, 3
505798, 3
236457, 3
515174, 3
526580, 3
467051, 3
67544, 3
40483, 3
12003, 3
170847, 3
171316, 3
527937, 3
233444, 3
368042, 3
246018, 3
301930, 3
461967, 3
119555, 3
554145, 3
188729, 3
152584, 3
74292, 2
600813, 3
141082, 3
285623, 3
265838, 3
481317, 2
297075, 2
41280, 3
59099, 3
434844, 3
435362, 3
457318, 3
500391, 3
575792, 3
221810, 3
219460, 3
633448, 3
186410, 3
482575, 3
227840, 3
645813, 3
215891, 3
267086, 2
74463, 2
349873, 3
1711, 3
235666, 3
141896, 3
472964, 3
506552, 3
71594, 3
306807, 3
374870, 3
252529, 3
34798, 3
440810, 3
127119, 3
567548, 3
174622, 3
136747, 3
429779, 2
489567, 3
229830, 1
45108, 3
38662, 3
57738, 3
183759, 3
320563, 3
460541, 3
535236, 3
432749, 3
359876, 3
316688, 3
68393, 3
158266, 1
266934, 1
427311, 3
30069, 3
341796, 3
307480, 3
349583, 3
295006, 3
268250, 3
81153, 3
620534, 3
528003, 3
57355, 3
607308, 1
49549, 3
296430, 3
603506, 3
199373, 3
296901, 3
356452, 3
49575, 2
499233, 3
45981, 3
119199, 3
312568, 1
464737, 2
94119, 3
221271, 3
165756, 3
443582, 3
333673, 3
7273, 3
513324, 3
197374, 3
360664, 3
388510, 3
465943, 1
192818, 3
316050, 3
213540, 3
407302, 3
530885, 3
108907, 3
588956, 3
313024, 2
394694, 3
381168, 3
68321, 3
239876, 3
202594, 3
581260, 3
566721, 3
583061, 3
424369, 2
615895, 3
374726, 3
600606, 3
61254, 3
399767, 3
423609, 3
528392, 3
442505, 3
51427, 3
57856, 3
572283, 3
408920, 3
410790, 3
458256, 3
472044, 3
560270, 3
508403, 3
9258, 3
166503, 3
589081, 3
376725, 3
393454, 3
456301, 3
242899, 3
342532, 3
553170, 3
597115, 3
218836, 3
381710, 3
332813, 3
639943, 3
326394, 3
408993, 3
276370, 3
19281, 3
396914, 1
537845, 3
585354, 3
77626, 3
414647, 3
51336, 3
44467, 3
16383, 3
645544, 3
474482, 3
463911, 3
544074, 3
131068, 2
483991, 3
445760, 3
213460, 3
183399, 3
324982, 2
644360, 3
140173, 3
120374, 3
557650, 3
457902, 3
142960, 2
482881, 3
462161, 3
16260, 3
587899, 3
618590, 3
152604, 3
613654, 3
32006, 3
111460, 3
622385, 3
567778, 3
241774, 1
192400, 3
262189, 3
226216, 3
30196, 3
509061, 3
507048, 3
4471, 3
536501, 3
589591, 3
507973, 3
625641, 2
173211, 3
190227, 3
218759, 3
95825, 3
150184, 1
21641, 3
209915, 3
106953, 2
365974, 3
6071, 3
214094, 3
132663, 3
323484, 3
517579, 3
246190, 3
6194, 3
507341, 3
244661, 3
79667, 3
145025, 3
318230, 3
221833, 3
443170, 3
377421, 3
197770, 3
489618, 3
505751, 3
505368, 3
201832, 3
544483, 3
623970, 3
383182, 3
126495, 3
183512, 2
95743, 3
330486, 3
5760, 3
224222, 3
321921, 3
491014, 3
381276, 3
90586, 2
548882, 3
330664, 2
59282, 3
654285, 2
351349, 3
264035, 3
96203, 3
505595, 3
126575, 3
304605, 3
39898, 3
76260, 3
45700, 3
350687, 2
457783, 3
637043, 3
156844, 3
424197, 3
35096, 3
165010, 3
311719, 3
622415, 3
487099, 3
336215, 3
161442, 3
94641, 3
439681, 3
150108, 3
604837, 3
136395, 3
301213, 3
205119, 3
515272, 3
316487, 3
655119, 3
208980, 3
90512, 3
178945, 3
73638, 2
570315, 2
173960, 3
469784, 3
627165, 3
88467, 2
311854, 3
199677, 3
5163, 3
441629, 3
500469, 3
183671, 3
581679, 3
280838, 3
121886, 3
647112, 3
620185, 2
576930, 3
180643, 2
556901, 3
175004, 3
337878, 3
294904, 3
14299, 3
296083, 3
204705, 3
12379, 3
46805, 3
474955, 3
556076, 3
399418, 3
54375, 3
577871, 3
198668, 3
106060, 3
347074, 3
252297, 3
605305, 3
163798, 3
615571, 3
167786, 3
610374, 3
307376, 3
520831, 3
334296, 3
603834, 3
635245, 3
128689, 3
202581, 3
482656, 3
248527, 1
390540, 3
563351, 3
230204, 3
180327, 3
100140, 3
242195, 3
80974, 3
541036, 3
74219, 3
25569, 3
144907, 3
253123, 3
479940, 1
165282, 3
354965, 3
155524, 3
483739, 3
163369, 3
414969, 3
273067, 3
454731, 3
56083, 3
96043, 3
184493, 3
123693, 2
613292, 3
207201, 3
131009, 3
237824, 3
196903, 3
131176, 3
59184, 3
268806, 3
503061, 3
335533, 3
579523, 3
329002, 3
462197, 3
355076, 3
368057, 3
455670, 3
504231, 3
471537, 3
301492, 3
69681, 3
326232, 3
14349, 3
342949, 3
662789, 3
402446, 3
288604, 3
512029, 3
305691, 3
638478, 3
579971, 3
229067, 3
651592, 3
387237, 3
493724, 3
193903, 3
408137, 3
497076, 3
605144, 3
436533, 3
189493, 3
530347, 3
526325, 3
593077, 3
257576, 3
50041, 3
93741, 3
381228, 3
375639, 3
400248, 3
489634, 3
454122, 3
217749, 3
346835, 3
201028, 3
577849, 3
252776, 3
350770, 3
636065, 2
373696, 2
69453, 3
232671, 3
90360, 3
620332, 3
597748, 3
283171, 3
264189, 3
83472, 3
530687, 3
243800, 3
448219, 3
227512, 3
139678, 3
174486, 3
136381, 3
439771, 3
147591, 3
499531, 3
474281, 3
315334, 3
594227, 3
258553, 3
177328, 3
272861, 1
394820, 3
484403, 3
233719, 3
523984, 3
506956, 3
398476, 3
425750, 3
615219, 2
430931, 3
509117, 3
240281, 3
449577, 1
591996, 3
203652, 3
596070, 2
197844, 3
1054, 3
580487, 3
456712, 3
251812, 3
58774, 3
71778, 3
486883, 3
389090, 3
488857, 3
127071, 3
510955, 2
586779, 3
60442, 3
500296, 3
113004, 3
30147, 3
318374, 3
296674, 3
163514, 3
380957, 3
233904, 3
197424, 3
552295, 3
275603, 3
281586, 3
305698, 3
536497, 3
403854, 3
77176, 3
426051, 3
586778, 3
589777, 3
177569, 3
6153, 3
334061, 3
96395, 3
554968, 3
420839, 3
480928, 3
128183, 3
205667, 3
531071, 3
321270, 3
358848, 3
354334, 3
39809, 2
648357, 3
460422, 3
242100, 3
392083, 3
524643, 3
476974, 3
596992, 3
588344, 2
605791, 3
182941, 3
167879, 3
462310, 3
126267, 3
377285, 3
185422, 3
574986, 3
616790, 3
187132, 3
536087, 3
128575, 3
372605, 3
591998, 3
477465, 3
99762, 3
384086, 3
414926, 3
77465, 2
585259, 3
634869, 3
461580, 3
575505, 3
650382, 3
42504, 3
477798, 3
634749, 3
160097, 3
281516, 3
629418, 3
62768, 3
572657, 3
169356, 3
386091, 3
641093, 3
393831, 3
587312, 3
90065, 3
329383, 3
595880, 3
608222, 3
43894, 3
134692, 3
417070, 3
508096, 3
473090, 3
252831, 3
104288, 3
295622, 3
159177, 3
641465, 3
494266, 3
102741, 3
640929, 3
22459, 3
327862, 3
54876, 3
306944, 3
554099, 3
590146, 3
548978, 3
614263, 3
520139, 2
387825, 3
366444, 3
107245, 3
83367, 3
607599, 3
64897, 3
491856, 3
278728, 3
597423, 3
436510, 3
550806, 3
428469, 2
257739, 3
103720, 3
594963, 3
266389, 3
167084, 3
522727, 1
513585, 3
209342, 3
395150, 1
342057, 3
147455, 3
146973, 3
381411, 3
245277, 1
393200, 3
14661, 3
277226, 3
179541, 3
555464, 3
584371, 3
531192, 3
610033, 3
290288, 3
66631, 3
523816, 3
331340, 3
107029, 3
325197, 3
38933, 3
118911, 3
557151, 3
302607, 3
49744, 3
274421, 3
105381, 3
515724, 3
525442, 3
164448, 3
578011, 3
415180, 3
144571, 3
53875, 3
396275, 2
178984, 3
548494, 3
612527, 3
205547, 3
546865, 3
634262, 3
632778, 3
652804, 3
231782, 3
273378, 3
177220, 3
162637, 3
365574, 3
177294, 3
60167, 3
633890, 3
96135, 3
415525, 3
384387, 3
491671, 3
347331, 3
2986, 3
134645, 3
415782, 3
1704, 3
85464, 3
457784, 3
103979, 1
142146, 3
116487, 3
636383, 3
482764, 2
433628, 3
25840, 3
3540, 3
18518, 3
602577, 3
655222, 3
526351, 3
481357, 3
88230, 1
353931, 3
429086, 2
52170, 3
397315, 3
556068, 3
103692, 3
390786, 3
620377, 3
331881, 3
21204, 3
504439, 3
185362, 3
138968, 3
476347, 1
106040, 3
366626, 3
517643, 3
228526, 3
13588, 3
344463, 2
71757, 3
576349, 3
492601, 3
401913, 3
416549, 3
455164, 3
659599, 3
503578, 3
512798, 3
213900, 3
618457, 3
594013, 3
36984, 3
44986, 3
438519, 3
296268, 3
624901, 3
29941, 3
606569, 3
164290, 3
626218, 3
230522, 3
429886, 3
323842, 3
437144, 3
143887, 3
387037, 3
18486, 3
514530, 3
464925, 3
210068, 3
513474, 3
645149, 3
211757, 3
351820, 3
336066, 3
161587, 3
323471, 3
403617, 3
583617, 3
489041, 3
525074, 3
141320, 3
328004, 3
67293, 3
125723, 3
219013, 3
568701, 3
368160, 3
224180, 3
144094, 3
532041, 3
557682, 3
486692, 3
640079, 3
323912, 3
102363, 3
432596, 2
442757, 3
84121, 3
354579, 3
643026, 3
379410, 3
264036, 3
662782, 3
32134, 3
654590, 2
110064, 2
310094, 3
267602, 3
430907, 3
625547, 3
281164, 3
602587, 3
627397, 3
26266, 3
465410, 3
95397, 3
573880, 3
547877, 3
340318, 3
271510, 3
248456, 3
465330, 3
505878, 3
132340, 3
332562, 3
170705, 3
467222, 3
41760, 1
540301, 3
636279, 3
638778, 3
306633, 3
252099, 3
454148, 3
339744, 3
533349, 3
307859, 3
415628, 3
207493, 3
24867, 1
226614, 3
181788, 3
230286, 3
250380, 2
320273, 3
658443, 3
555207, 3
543715, 3
77735, 3
97710, 3
562130, 3
464892, 3
7643, 3
326368, 3
525084, 3
9830, 3
274829, 3
65230, 3
444528, 3
312388, 3
64611, 3
156515, 3
394815, 2
426546, 3
288613, 3
319868, 3
506512, 3
603393, 3
20209, 3
170829, 3
408706, 3
118856, 3
280989, 3
276686, 3
261730, 3
6144, 3
333631, 3
526397, 3
203798, 3
179095, 3
59733, 3
394082, 3
253579, 3
661280, 3
447900, 3
261825, 3
48638, 2
27369, 3
150236, 3
9786, 3
416830, 3
316608, 3
598990, 3
68037, 3
556455, 3
200045, 3
318686, 3
540416, 3
485384, 3
213225, 3
404175, 3
51946, 3
323578, 3
535360, 3
181106, 3
554336, 3
501892, 3
75748, 3
361158, 3
594260, 3
131858, 3
421333, 3
647011, 3
87323, 3
9978, 3
554608, 3
206352, 3
272998, 2
549300, 3
480562, 3
264752, 3
417638, 3
323816, 3
179893, 3
52252, 3
360908, 3
168601, 3
412523, 3
13189, 3
474221, 3
379960, 2
438446, 3
506197, 3
495120, 3
336389, 3
209545, 3
1382, 3
104824, 3
77258, 3
342843, 3
378780, 3
483064, 3
46161, 3
583594, 3
578325, 3
79650, 3
1144, 3
153942, 3
324541, 3
228763, 3
529157, 3
64403, 3
542716, 3
56313, 2
360596, 3
343541, 2
59511, 3
14489, 3
227205, 3
570298, 3
526185, 3
483636, 2
286966, 3
226615, 3
39594, 3
448103, 3
483196, 3
564853, 3
276955, 3
404328, 3
208612, 1
485024, 3
476346, 3
496479, 3
326331, 3
114080, 3
653388, 3
355173, 3
34204, 2
61144, 3
32792, 3
548660, 3
171915, 3
558220, 3
376212, 3
511571, 3
515950, 3
103157, 3
475123, 3
139117, 3
531159, 2
434601, 3
683, 3
400342, 3
449069, 3
479511, 1
283069, 3
272664, 3
164357, 3
61830, 3
621561, 3
272122, 3
90584, 3
394687, 3
652582, 3
131499, 3
511926, 3
218691, 3
464344, 3
602262, 3
117921, 3
84804, 3
367893, 3
405195, 3
483989, 3
134494, 3
157506, 3
469825, 3
558721, 3
317333, 3
69392, 3
244170, 3
361366, 3
662459, 3
527128, 3
283464, 3
425757, 3
598748, 3
147505, 3
172213, 3
432721, 3
168433, 3
132462, 3
538930, 3
303920, 3
420710, 3
307981, 3
181906, 3
485728, 3
351252, 3
640304, 3
477223, 3
543430, 3
550113, 3
90945, 3
415404, 3
120877, 3
298709, 3
156965, 3
368873, 3
579612, 3
453615, 3
324519, 3
475141, 3
75637, 3
376084, 3
143229, 3
372105, 3
159647, 3
347226, 3
521231, 3
576599, 3
566591, 3
492903, 3
198048, 3
103755, 3
656364, 3
372026, 3
565620, 3
470418, 3
381308, 3
17843, 3
526830, 3
647050, 3
97145, 3
629739, 3
645597, 3
551274, 3
500251, 3
222702, 3
544555, 3
582194, 3
334808, 3
655274, 3
76374, 2
9940, 3
3858, 3
652169, 3
383335, 3
30439, 3
531429, 3
400610, 3
216889, 3
178052, 2
388748, 3
256183, 3
318758, 3
380626, 3
524506, 3
293889, 3
27552, 3
223957, 3
404374, 3
627259, 3
489785, 3
256138, 3
521768, 3
343280, 3
15118, 3
517600, 3
90742, 3
222372, 3
337778, 3
497643, 3
130440, 3
306868, 3
61005, 1
147942, 3
31615, 3
360540, 3
199667, 3
274760, 3
575861, 3
129678, 3
382959, 3
354328, 3
125628, 3
374048, 3
395945, 3
120359, 3
399674, 3
365791, 3
641035, 3
94653, 3
588229, 3
559422, 3
405307, 3
433861, 3
122596, 3
310805, 1
74808, 3
273683, 3
442107, 3
84707, 3
552418, 3
112690, 3
100967, 3
383659, 3
306700, 3
631238, 3
196237, 3
400314, 3
548376, 3
587303, 3
371808, 3
195700, 1
82762, 3
302741, 3
501885, 3
32221, 3
204152, 3
135170, 3
162065, 3
503134, 3
146308, 3
503732, 3
378284, 3
478760, 3
200341, 3
378922, 3
394256, 3
172624, 3
310416, 3
377718, 3
393617, 3
605997, 3
631497, 3
481149, 3
655015, 3
487631, 3
191551, 3
6849, 3
123586, 3
109531, 3
342403, 3
406389, 3
572149, 3
386686, 3
70427, 3
651640, 3
466278, 3
600991, 3
82664, 3
202018, 3
616777, 3
225644, 3
620165, 3
489219, 3
412071, 3
282574, 3
176083, 3
586606, 3
310580, 3
588217, 3
25912, 3
481463, 3
211292, 3
378568, 3
198120, 3
331615, 3
126169, 3
459287, 3
135053, 3
44150, 3
385796, 2
406352, 3
42770, 3
529578, 3
143852, 3
629642, 3
511640, 2
595512, 3
579862, 3
310324, 3
341515, 3
226630, 3
32416, 3
333579, 3
399742, 3
640459, 3
436465, 3
54524, 3
616095, 3
17948, 3
394962, 3
149873, 3
646427, 3
91199, 3
377307, 3
7340, 3
443723, 3
477145, 1
321442, 3
223629, 3
110143, 3
290006, 3
297810, 3
146316, 3
103125, 3
601484, 3
495776, 3
192162, 3
564587, 3
56560, 3
164179, 3
545292, 3
68959, 3
149864, 1
402832, 3
438859, 3
510620, 3
313769, 3
188443, 3
514512, 3
147056, 3
217005, 3
440824, 2
626094, 3
655458, 3
489035, 3
485195, 3
265636, 2
579081, 3
471099, 3
278658, 3
209523, 3
307616, 2
300304, 1
311464, 1
455099, 3
214108, 3
294074, 3
40579, 3
591713, 3
101442, 3
622899, 3
185820, 2
258641, 3
662958, 2
34406, 3
526412, 3
301681, 3
616926, 3
51028, 3
500532, 3
153754, 3
255043, 3
1929, 3
171168, 3
631472, 3
511191, 3
540865, 3
214719, 3
158925, 3
23110, 3
282872, 3
27452, 3
100785, 3
131646, 3
414626, 3
123218, 3
321302, 3
41440, 3
329013, 3
251479, 3
231593, 3
579462, 3
316703, 3
645878, 3
128490, 3
604726, 3
195262, 3
348400, 3
538567, 3
217653, 3
502053, 3
604904, 3
27797, 3
127575, 3
300568, 3
523750, 3
263610, 3
390349, 2
662672, 3
476374, 3
289575, 3
353644, 3
223565, 3
52716, 3
31097, 3
11768, 3
435987, 3
182989, 2
529953, 3
208694, 3
477221, 2
8067, 3
87579, 3
10118, 3
246090, 3
454970, 2
646788, 2
249852, 3
428585, 3
114370, 3
431602, 3
211402, 3
534625, 3
556367, 3
14179, 3
342024, 3
570519, 2
230863, 3
498661, 3
624641, 3
573048, 3
234662, 3
540464, 3
423883, 2
19390, 3
322679, 2
63114, 3
645389, 3
31915, 1
484847, 3
152892, 3
181582, 3
468553, 3
477645, 3
370541, 3
184553, 3
8149, 3
480142, 3
492896, 3
524863, 3
609415, 3
243759, 3
283583, 3
569293, 3
87039, 3
235621, 3
58413, 3
583904, 3
495009, 3
374175, 3
278125, 3
469691, 3
223405, 1
290035, 3
32433, 3
443253, 3
112427, 3
589592, 3
21276, 3
405795, 3
212023, 3
493137, 3
232961, 3
408908, 3
97634, 2
541103, 3
152122, 3
440816, 3
64481, 3
124502, 3
284993, 3
618926, 3
381349, 3
144047, 3
293520, 3
89910, 3
190596, 3
664333, 3
346932, 3
272482, 3
322294, 3
141455, 3
631070, 3
367086, 3
169344, 3
652382, 3
100180, 3
261394, 3
303145, 2
4431, 3
241513, 3
110596, 3
19837, 3
471793, 3
117673, 3
554252, 3
139892, 3
418553, 3
427700, 3
192709, 3
504558, 3
553750, 3
51466, 3
99767, 3
265136, 3
432283, 3
301170, 3
622171, 3
183135, 3
345455, 3
192471, 3
242192, 3
165649, 3
624793, 3
291113, 3
654198, 3
192875, 3
202187, 3
197309, 3
523410, 3
253703, 2
136518, 3
421114, 3
73008, 1
325141, 3
583786, 2
630590, 3
503327, 3
31578, 3
189719, 3
321182, 3
131612, 3
289374, 3
168063, 3
48067, 2
541552, 3
647786, 3
257007, 3
242508, 3
114032, 3
462046, 3
197932, 3
219799, 3
524079, 3
530072, 3
562111, 3
44066, 3
479382, 3
628136, 3
651690, 3
205786, 3
326370, 3
392822, 3
325651, 3
104516, 3
269326, 3
560714, 3
320590, 3
343315, 3
413683, 3
182416, 2
234125, 3
62391, 3
623609, 3
463474, 3
289026, 3
354561, 3
229698, 3
265824, 3
117417, 3
138951, 3
537119, 3
518634, 3
69857, 3
308745, 3
615612, 3
380629, 3
28101, 3
364604, 3
396733, 3
553328, 3
171425, 3
363186, 3
448478, 3
83093, 3
424305, 3
194010, 3
468874, 3
142139, 3
282995, 3
524245, 3
461249, 3
195810, 3
525591, 3
298785, 2
315046, 3
175341, 3
264634, 3
653614, 3
21531, 3
107931, 2
84796, 3
449573, 3
166025, 3
283871, 3
437195, 3
378599, 3
658802, 3
237804, 3
85182, 3
590520, 3
454503, 3
50447, 3
10689, 3
502030, 3
133496, 3
167734, 3
105560, 3
3986, 3
565773, 3
657175, 3
468609, 1
4343, 3
575367, 3
32408, 2
635337, 3
101123, 2
102165, 3
180736, 3
456730, 3
299252, 3
136328, 3
56140, 1
548551, 3
359113, 3
347813, 3
8257, 3
1159, 3
5187, 3
381772, 3
652201, 3
212651, 3
107858, 3
260143, 2
470413, 3
373595, 3
28496, 3
559858, 3
34695, 2
294616, 3
402405, 3
613756, 3
551358, 3
111980, 3
168801, 3
17125, 3
28692, 3
33107, 3
322053, 3
440323, 3
370510, 3
550201, 3
197333, 3
36370, 3
390467, 3
67068, 3
488130, 3
96459, 3
168381, 3
56611, 3
297570, 3
310695, 3
515874, 3
215230, 3
214048, 3
244853, 3
661645, 3
188105, 3
295133, 3
152879, 3
576450, 3
461889, 3
22450, 3
1692, 3
591324, 3
417893, 3
639427, 3
480861, 3
499779, 3
587736, 3
124673, 3
323419, 3
118013, 3
375385, 3
32420, 3
439033, 3
626516, 3
373388, 3
304289, 3
589692, 3
359659, 3
633382, 3
440364, 3
651829, 3
157205, 3
364516, 3
191972, 3
471480, 3
245417, 3
170471, 3
29666, 3
249601, 3
499588, 3
346092, 3
467397, 3
598346, 3
56159, 3
282371, 3
624356, 3
285981, 3
316329, 3
297933, 3
426122, 3
257660, 3
427423, 3
343426, 3
494919, 3
505668, 3
87794, 3
230994, 3
152046, 3
125837, 3
172288, 3
404890, 3
483050, 3
564888, 3
324983, 3
234060, 3
396572, 3
624867, 3
500115, 3
454728, 3
60284, 2
220412, 3
303094, 3
413321, 3
183137, 3
455101, 3
229594, 3
374220, 3
271284, 3
582293, 3
337499, 3
11508, 3
201023, 2
5528, 3
67314, 3
243351, 3
153458, 3
412489, 3
390159, 3
495113, 3
552445, 3
545045, 3
500471, 3
223577, 3
562968, 3
573776, 3
575179, 3
44271, 3
395588, 3
612488, 3
42429, 3
550909, 3
565885, 2
307269, 3
49853, 3
335, 3
625792, 3
89180, 3
520708, 3
431209, 3
545826, 3
620060, 3
187216, 1
200040, 3
325107, 3
341170, 3
568862, 3
110590, 3
192973, 3
627319, 1
450910, 3
415261, 3
657551, 3
386769, 3
32869, 3
102772, 3
11177, 3
234304, 3
555847, 3
546521, 3
400089, 3
33052, 3
13290, 3
298320, 3
468431, 3
48417, 3
453955, 3
627455, 3
619399, 2
406922, 3
585755, 3
66739, 3
215870, 3
32983, 2
139147, 3
638234, 2
24832, 3
548557, 3
30530, 3
276020, 3
148593, 3
176627, 3
59901, 3
641976, 3
591203, 3
645246, 3
336847, 3
290763, 3
489653, 3
461189, 3
315912, 3
291307, 3
424950, 3
49543, 2
436158, 2
148924, 3
57982, 3
522328, 2
602107, 1
552331, 3
372904, 3
645927, 3
459914, 3
285168, 3
58284, 3
215469, 3
20287, 3
211128, 3
303936, 3
140718, 3
107064, 3
496983, 3
440864, 3
637813, 3
54735, 3
576398, 3
225620, 3
552088, 3
346255, 3
453635, 3
601423, 3
653864, 3
650454, 3
617309, 3
548485, 3
161672, 3
449015, 3
392657, 3
75485, 3
575230, 3
158389, 3
93205, 3
540435, 3
467282, 3
157277, 3
117144, 3
176180, 3
152995, 3
173692, 3
447001, 3
8922, 3
258769, 3
339742, 3
265827, 3
187592, 3
311319, 3
383755, 3
618798, 3
145254, 3
96736, 3
172068, 3
648224, 3
104920, 3
303563, 3
486417, 3
393411, 3
391547, 3
343373, 3
49082, 3
10040, 3
478155, 3
69345, 3
458834, 3
136729, 3
413981, 3
624377, 3
157961, 3
520722, 3
363341, 3
439451, 3
445260, 3
487271, 3
595160, 3
407129, 3
173968, 3
466598, 3
623250, 3
571984, 3
99188, 3
427866, 3
83646, 3
583121, 3
101332, 3
93026, 3
58821, 3
364595, 3
24738, 3
145325, 3
236981, 3
621468, 3
497208, 3
569481, 3
576622, 3
426987, 3
171504, 3
274635, 3
117377, 3
177518, 3
146778, 3
278052, 3
101335, 3
4993, 3
441423, 2
108836, 3
468404, 3
476730, 3
136543, 3
240087, 3
221729, 3
322689, 3
189941, 2
564530, 3
464278, 3
403771, 3
527193, 3
400912, 3
26930, 3
179735, 3
482401, 3
640792, 3
568096, 3
393203, 3
588207, 3
375746, 3
10549, 3
218160, 3
653200, 3
172962, 3
448627, 3
351885, 3
277530, 3
414760, 3
556228, 3
2166, 3
26293, 3
545416, 3
135520, 3
122963, 3
622771, 3
436405, 3
73755, 3
491287, 3
478172, 3
335584, 3
71835, 3
242408, 3
461520, 3
428042, 3
47980, 3
195118, 3
159478, 3
66325, 3
385464, 3
37372, 3
458115, 3
172134, 3
132275, 3
415238, 3
153432, 3
615287, 3
163260, 3
562958, 3
628803, 3
595947, 1
24866, 3
343596, 3
52247, 3
70994, 3
496760, 3
600186, 3
516262, 3
387858, 3
8499, 3
347085, 3
639050, 3
621726, 3
616519, 3
635679, 3
245767, 3
98164, 3
199687, 3
317909, 3
486197, 3
471286, 3
370188, 3
453550, 3
153659, 3
40976, 3
489853, 3
16816, 3
452904, 3
524733, 3
601010, 3
286613, 3
322153, 2
639464, 3
645819, 2
618244, 3
509594, 3
340239, 2
592517, 3
581838, 3
633835, 3
294104, 3
609182, 3
37817, 3
307190, 3
35825, 3
447821, 3
287018, 3
185981, 3
459263, 3
519210, 3
449600, 3
402988, 3
335179, 1
426202, 3
381849, 3
538432, 3
290740, 3
279984, 3
483778, 3
509669, 3
158, 3
337408, 3
502330, 3
604488, 3
632459, 3
226215, 3
279793, 3
386090, 3
631576, 3
328881, 3
279220, 3
121196, 3
365239, 3
648775, 3
644704, 3
306086, 3
632634, 2
589340, 3
363788, 3
636899, 3
382794, 1
455744, 3
452302, 3
106155, 3
186896, 3
637107, 3
428380, 3
198818, 1
226026, 3
525176, 2
635938, 3
159158, 3
527425, 3
570445, 3
309847, 3
299522, 3
626339, 3
286365, 3
467456, 3
236799, 3
564207, 3
268348, 3
234133, 3
190782, 3
254984, 3
657794, 3
122904, 3
439853, 3
560879, 2
368313, 3
445450, 2
556256, 3
47855, 3
366195, 3
300972, 3
328677, 3
542702, 3
413123, 3
378162, 3
494197, 3
87661, 3
187596, 3
103183, 3
287629, 3
506198, 3
251389, 3
418840, 3
518913, 3
653894, 3
591576, 3
319508, 3
483909, 3
120195, 3
359357, 3
289673, 3
417766, 3
515667, 3
421724, 3
414540, 3
96474, 3
521981, 3
24565, 3
250831, 3
191492, 3
637629, 3
565278, 3
285688, 3
440107, 3
227791, 3
198366, 3
225076, 1
402753, 3
1518, 3
519560, 1
569110, 2
579942, 3
252130, 3
594226, 3
110982, 3
20304, 3
72149, 3
115965, 3
146814, 3
144699, 3
654109, 3
493384, 3
633810, 3
385319, 3
100462, 3
485925, 3
46447, 3
437503, 3
435947, 2
397034, 3
619303, 3
357008, 3
525862, 3
123396, 3
355614, 3
665138, 3
16461, 3
387416, 3
78223, 3
227939, 3
7150, 3
512892, 3
142031, 3
161801, 3
577729, 3
451633, 3
248836, 2
103006, 3
500367, 3
646391, 3
255052, 3
141119, 3
438641, 3
168128, 3
31856, 3
455432, 3
258402, 1
640877, 3
285890, 3
182149, 3
440047, 3
637087, 3
477826, 2
172614, 3
320638, 3
73984, 3
81211, 3
396024, 3
387646, 3
441696, 2
428608, 3
62806, 3
423581, 3
345243, 3
177465, 3
60057, 3
463826, 3
271874, 2
637962, 3
373918, 3
199251, 3
564579, 3
324690, 3
16261, 3
443460, 3
366825, 3
429674, 3
368019, 3
144576, 3
223002, 3
509722, 3
459917, 3
267855, 3
619343, 3
646651, 3
313775, 3
94446, 3
326885, 3
299187, 3
79337, 3
221943, 3
169207, 3
387818, 3
523769, 2
364244, 3
46834, 3
394901, 2
481954, 3
46764, 3
170201, 3
591333, 3
280425, 3
646126, 3
291524, 3
39751, 3
356219, 3
404294, 3
167628, 3
512195, 3
357440, 3
136216, 3
329394, 3
341427, 3
382690, 3
245267, 3
397498, 3
354297, 3
454264, 3
110849, 3
592824, 3
130333, 3
181711, 2
164615, 2
102337, 3
361348, 3
477359, 3
314711, 3
454965, 3
248032, 3
350684, 3
418137, 3
309900, 3
654175, 3
551433, 3
116934, 3
552925, 3
374590, 3
281609, 3
268947, 3
535454, 3
492261, 3
26937, 3
351919, 3
40688, 3
629404, 2
448858, 3
328679, 3
508713, 3
409793, 3
550752, 3
2838, 3
434528, 3
316183, 2
192360, 3
647599, 3
79177, 3
297394, 3
37045, 3
89634, 3
313062, 3
192904, 2
533685, 3
375875, 3
642979, 3
282161, 3
240686, 3
575373, 3
534893, 3
632510, 3
231086, 3
577882, 3
449619, 3
16700, 3
425781, 3
434611, 2
111667, 3
55344, 3
665329, 3
560306, 3
162114, 3
135476, 3
53645, 3
7297, 3
345041, 3
261999, 3
35641, 3
427967, 3
125833, 3
115260, 3
302226, 3
20910, 3
137603, 3
339602, 3
104006, 3
124846, 3
254439, 3
572675, 3
181524, 3
370038, 3
171444, 3
134498, 3
164142, 3
431926, 3
474378, 3
80021, 3
82269, 3
15625, 3
81486, 3
657879, 3
62395, 3
294475, 3
152391, 3
102379, 3
431311, 3
612419, 3
18856, 3
419646, 3
368521, 3
433473, 3
608011, 3
197594, 2
321045, 3
401973, 3
264522, 3
477403, 3
620071, 3
478200, 3
78439, 3
386290, 3
174801, 3
644051, 2
82841, 3
374373, 3
278000, 3
586155, 3
348218, 3
141496, 3
306222, 3
333183, 3
398384, 3
664841, 3
405172, 3
657870, 3
484843, 3
207644, 3
205917, 3
599379, 3
241264, 3
89393, 3
177637, 3
119113, 3
5632, 3
15880, 3
259328, 3
520461, 3
113493, 3
652000, 3
307270, 3
475936, 3
576864, 3
80493, 3
436016, 3
129162, 3
616762, 3
410325, 3
590048, 3
287449, 3
289963, 3
221981, 3
417558, 3
589816, 3
516380, 3
256876, 3
163144, 3
128472, 3
223512, 3
303237, 3
170114, 3
478055, 3
190078, 3
474910, 3
420171, 3
453483, 3
46228, 2
631293, 3
408679, 3
50562, 3
136494, 3
234533, 3
120661, 3
51015, 3
294945, 3
378896, 3
582664, 3
92409, 3
440340, 3
645815, 3
466684, 3
91316, 1
73587, 3
515675, 3
380486, 3
532317, 3
131279, 3
465817, 3
277288, 3
282578, 3
531556, 3
551330, 3
371326, 3
1771, 3
213705, 3
109036, 3
99626, 3
333086, 3
318705, 3
177756, 3
285884, 3
486394, 3
133041, 3
500587, 3
623990, 3
195829, 3
192381, 3
212339, 3
172411, 3
501449, 3
650758, 2
510751, 3
622250, 3
84420, 3
408944, 3
219269, 3
114902, 3
99798, 3
559981, 3
506511, 3
30486, 3
77411, 3
209987, 3
491612, 3
365527, 3
168758, 3
574704, 3
598651, 3
51146, 3
349781, 3
375320, 3
228922, 3
147243, 3
521184, 3
17173, 3
564488, 3
273304, 3
438010, 3
312346, 3
179203, 3
617222, 3
58106, 3
463122, 3
104470, 3
598351, 3
216059, 3
354263, 3
100006, 3
333742, 3
531012, 3
292017, 3
226095, 3
195280, 3
637382, 3
537211, 3
379913, 3
445103, 3
203904, 3
154566, 3
82959, 3
406560, 3
545472, 3
288073, 2
488938, 3
655421, 2
458849, 3
140393, 3
260073, 3
41981, 2
285253, 3
449930, 3
582428, 3
487678, 3
368035, 3
120119, 3
255291, 3
374748, 3
490594, 3
56687, 3
405040, 3
219064, 3
202781, 3
365025, 3
331780, 3
66209, 3
255799, 3
120311, 3
463203, 3
53038, 3
324130, 3
454356, 3
82261, 3
201743, 3
72926, 3
566617, 3
148710, 3
10795, 3
197685, 3
222500, 3
101987, 3
466052, 3
500318, 3
523359, 3
374572, 3
217487, 3
656567, 3
202441, 3
524669, 3
636471, 3
448243, 2
517989, 3
13209, 3
125427, 3
28642, 3
28821, 3
177353, 3
3942, 3
153788, 3
427590, 3
628515, 3
606386, 3
485266, 3
215668, 3
453699, 3
607019, 3
428167, 3
104614, 3
576653, 3
657577, 3
596192, 3
649710, 3
132485, 3
69230, 3
81623, 3
376978, 2
73110, 3
379585, 3
546110, 3
534148, 3
347890, 3
569430, 3
545658, 3
78329, 3
211339, 3
76569, 1
372032, 3
527140, 3
514485, 3
27739, 3
80681, 3
490418, 3
419583, 3
535034, 3
35533, 3
632493, 1
390010, 3
64147, 3
99030, 3
175546, 3
520191, 3
344547, 3
50760, 3
69103, 3
489482, 3
511540, 3
617944, 3
415426, 3
534408, 3
8520, 3
217428, 3
414252, 3
207423, 3
2436, 3
537815, 3
101065, 3
491001, 3
162971, 3
525838, 3
92061, 3
484492, 3
201367, 3
30874, 3
418224, 3
376922, 3
453109, 3
417411, 3
14445, 3
389064, 2
312105, 3
454253, 3
392396, 3
344211, 3
463276, 3
171263, 3
190005, 3
306496, 2
615241, 3
595680, 3
39856, 3
311408, 3
301944, 3
496761, 3
354938, 3
606172, 3
258407, 3
76404, 3
592983, 3
382600, 3
84677, 3
516858, 3
584515, 3
536921, 3
425255, 3
70230, 3
231931, 3
506791, 3
539295, 3
454765, 3
462539, 3
34997, 3
209737, 1
420764, 3
195097, 3
536741, 3
661677, 3
380362, 3
26600, 3
642481, 3
241465, 2
479569, 3
531387, 3
224041, 3
598491, 3
581, 3
277583, 3
268289, 3
172678, 3
171701, 3
149166, 3
507180, 3
172577, 3
21421, 2
618553, 3
565998, 1
482449, 3
575135, 3
290340, 3
330365, 3
355204, 3
153503, 3
328315, 3
621308, 3
128957, 3
80280, 3
621876, 3
327355, 3
206413, 3
649191, 3
477837, 3
23888, 3
654707, 3
103877, 3
151330, 3
19980, 3
176317, 3
261295, 3
204849, 3
492538, 3
484656, 3
653387, 3
43225, 3
185795, 3
16278, 3
234865, 3
368702, 3
445266, 3
492084, 3
301367, 3
556666, 3
100683, 3
91417, 3
266314, 3
214319, 2
332387, 3
599163, 3
407116, 3
479684, 3
345966, 3
555983, 3
328114, 3
501216, 3
475648, 2
192859, 2
337133, 3
141286, 3
443160, 3
490619, 3
297958, 3
532002, 3
454750, 3
269524, 3
638352, 3
100641, 3
55083, 3
622150, 3
48967, 3
608968, 3
405925, 3
488128, 3
472316, 3
153992, 3
126338, 3
93474, 3
78366, 3
394027, 3
622902, 3
268992, 3
646919, 3
534031, 3
547297, 3
370318, 3
352515, 3
623330, 3
286531, 3
87032, 3
645683, 3
39359, 3
608662, 3
201644, 2
404236, 3
608091, 3
633340, 3
439613, 3
404619, 3
363164, 3
646450, 3
170599, 3
136555, 3
498683, 3
606647, 3
29455, 3
171305, 3
362191, 3
220591, 3
384429, 3
642086, 3
474094, 3
557978, 3
34449, 3
536445, 3
281390, 3
584127, 2
341244, 3
143667, 3
439077, 3
384483, 3
270833, 3
512509, 3
655276, 2
417019, 3
311690, 3
201768, 3
75267, 3
464291, 3
194291, 3
503249, 3
465067, 3
26154, 3
12022, 3
103826, 3
563077, 3
649188, 3
435110, 3
527643, 3
422765, 3
76060, 3
634899, 3
577392, 3
59873, 2
499656, 3
222492, 3
445524, 3
331940, 3
139977, 3
50910, 3
540457, 3
482274, 3
464169, 3
116610, 3
484068, 3
90070, 3
530758, 3
116098, 3
645237, 3
570453, 3
255759, 3
378583, 2
369124, 3
4637, 3
528074, 3
10008, 3
39070, 3
539526, 3
391602, 3
130124, 3
441753, 3
385390, 3
168409, 3
362941, 3
327109, 2
183359, 3
45887, 3
293860, 3
612316, 3
283941, 3
72286, 3
350121, 3
476471, 3
6717, 3
295404, 3
633020, 3
429940, 3
199730, 3
448365, 3
263582, 3
314826, 3
320321, 3
336281, 3
238820, 3
302647, 3
460913, 3
255216, 3
665299, 3
32438, 2
9906, 3
484, 3
136908, 3
630902, 3
364242, 3
50269, 3
185578, 3
170621, 3
220898, 3
287203, 3
37104, 3
649426, 3
13025, 3
132338, 3
448487, 3
278045, 3
353777, 3
472915, 3
150926, 3
291458, 3
151439, 3
264453, 3
394136, 3
560406, 3
593272, 3
113085, 3
395230, 1
338044, 3
50229, 3
262426, 3
69042, 3
327127, 3
267266, 1
128936, 3
489855, 3
557220, 3
463106, 1
352629, 3
179520, 3
329985, 3
282508, 3
467590, 3
217396, 2
95747, 3
267797, 2
408812, 3
32860, 3
413311, 3
627466, 3
490192, 3
18298, 2
575559, 1
311631, 3
171454, 3
198340, 3
372164, 3
228496, 3
23593, 3
435435, 3
169226, 3
4144, 3
187185, 3
246710, 3
65248, 3
518659, 3
492771, 3
557123, 3
406628, 3
99639, 3
237856, 3
627962, 3
87910, 3
541762, 3
66384, 3
169741, 3
475510, 2
545934, 3
301047, 3
300509, 3
406443, 3
115133, 3
278435, 3
307212, 3
447625, 3
484644, 3
507286, 3
599654, 3
353442, 3
648411, 3
227743, 3
12671, 3
610734, 3
64236, 3
146476, 3
192649, 2
177127, 3
159768, 3
643792, 3
119340, 3
165726, 3
329238, 3
284309, 3
166355, 3
468449, 3
501710, 3
658577, 3
548703, 3
98630, 3
159566, 3
295172, 3
178515, 3
29560, 3
378057, 3
262930, 3
352317, 3
197497, 3
283413, 3
195263, 3
381396, 3
491722, 3
174179, 3
568307, 3
505469, 3
197785, 3
232016, 3
73212, 3
210870, 3
211649, 3
569283, 3
485779, 3
554773, 3
329151, 3
229015, 3
480569, 3
71683, 1
445439, 3
333495, 3
364191, 3
512056, 3
87748, 2
650503, 3
300232, 3
75887, 3
106225, 3
88353, 3
191751, 3
133801, 3
202218, 3
657196, 1
348266, 3
220358, 3
167668, 3
609178, 3
98833, 3
45589, 3
493292, 3
347390, 3
19991, 3
665305, 3
53215, 3
130796, 3
154196, 3
318468, 3
55498, 3
391764, 3
518966, 3
272770, 3
306125, 3
235727, 2
213112, 3
195501, 3
394979, 2
501932, 3
160894, 3
483415, 3
653546, 3
429984, 3
112572, 3
507861, 3
470269, 3
575103, 3
461558, 3
363396, 3
589860, 3
125347, 3
167935, 3
621604, 3
401719, 3
589179, 3
323520, 3
608578, 3
433024, 3
38560, 3
457740, 3
641056, 3
23551, 3
642000, 3
403990, 3
533123, 3
18265, 3
103941, 3
566772, 3
40895, 3
607074, 3
363722, 3
615121, 3
643308, 3
517437, 3
449049, 3
598066, 3
323571, 3
142575, 3
660336, 3
134773, 3
66544, 3
178525, 2
86144, 3
425878, 3
35912, 3
172459, 3
278454, 3
645433, 3
252104, 3
101320, 3
530686, 3
151132, 3
332763, 3
583870, 3
68957, 3
525798, 3
117671, 3
168536, 3
73566, 3
514496, 3
262545, 3
530945, 3
219881, 3
11228, 3
532276, 3
364665, 2
614657, 3
76955, 3
67420, 3
404978, 3
510724, 3
95361, 3
440293, 3
377035, 2
503629, 3
610677, 3
144799, 3
75198, 3
327699, 3
216089, 3
366075, 3
161304, 3
108175, 3
227372, 3
493439, 3
35657, 3
645592, 1
122363, 3
627597, 3
527728, 3
569185, 3
518245, 3
338446, 3
289810, 3
598273, 3
333212, 3
234596, 3
89922, 3
537779, 3
256754, 3
58290, 3
185175, 3
649470, 3
634432, 3
590394, 3
114006, 3
660898, 3
187313, 3
122892, 3
5434, 3
44413, 2
59236, 3
271079, 3
200927, 3
361294, 3
267499, 3
291800, 3
27818, 3
432678, 3
336221, 3
536308, 3
526659, 3
453608, 3
314394, 3
624047, 3
271870, 3
585875, 2
104715, 3
126564, 3
409051, 3
323153, 3
306165, 2
630223, 3
493115, 3
591790, 3
486001, 3
163957, 3
41837, 3
26635, 3
663053, 3
70601, 3
35613, 3
148332, 3
110332, 3
400853, 3
253977, 3
531286, 2
260619, 3
282457, 3
373465, 3
192198, 1
105149, 3
533947, 3
258559, 3
409215, 3
288393, 3
391930, 3
601436, 3
424449, 3
535820, 3
400916, 3
615272, 3
265579, 2
580092, 3
17415, 3
198850, 3
581819, 3
581306, 3
617911, 3
402166, 3
265889, 3
369344, 3
238842, 3
46793, 3
144125, 3
181236, 3
647898, 3
607901, 3
599527, 3
640954, 3
99385, 3
598074, 3
277719, 3
115947, 3
62384, 3
470709, 3
237364, 3
150692, 3
546966, 3
202926, 3
19480, 3
288910, 3
401078, 3
587354, 3
290285, 3
597248, 3
319423, 3
90019, 3
287948, 3
387166, 3
102586, 3
595921, 3
194321, 3
309989, 3
183990, 3
312267, 3
623679, 3
440283, 3
621456, 3
14565, 3
232163, 3
57909, 3
245698, 3
206397, 3
51140, 3
178734, 3
546917, 3
357935, 3
501066, 3
139722, 3
40748, 3
180292, 3
573382, 1
314870, 3
634236, 3
543850, 3
503175, 3
589947, 3
352212, 3
624201, 3
226543, 3
116715, 3
137027, 3
575428, 2
392730, 3
381083, 3
196783, 3
228340, 3
104157, 3
522450, 3
627400, 2
485960, 3
107546, 3
306949, 3
182350, 3
117495, 3
358166, 2
546759, 3
590019, 3
200635, 3
449210, 3
121126, 3
521883, 2
250343, 3
464929, 3
247857, 3
83811, 3
221497, 3
135635, 3
627254, 3
220310, 3
85047, 3
294178, 3
619711, 3
544408, 3
172849, 3
386432, 3
651308, 3
282585, 3
152027, 3
553513, 3
293460, 3
575255, 3
418170, 3
427240, 2
649091, 3
608204, 3
169497, 3
481901, 3
22944, 3
305357, 3
538617, 3
562136, 2
626848, 3
417585, 3
18009, 3
390192, 2
611759, 3
373107, 3
216372, 3
558192, 3
607826, 3
619859, 3
89812, 3
39255, 3
568692, 3
536950, 3
71772, 3
661029, 3
578484, 3
508534, 3
292801, 3
259614, 3
633053, 3
626445, 3
414100, 3
293813, 3
572954, 2
514632, 3
86168, 3
584786, 2
273299, 3
74188, 3
552212, 3
489291, 3
76317, 3
412567, 3
382397, 2
35896, 2
201775, 3
619783, 3
170820, 3
52723, 3
527104, 3
67457, 3
100488, 3
498459, 3
448497, 2
159722, 3
558161, 3
532473, 3
267109, 3
413701, 3
551825, 3
330182, 3
9331, 3
662534, 1
175806, 3
27901, 3
138948, 3
115541, 3
426582, 3
392903, 1
189906, 3
281320, 3
383248, 3
442299, 3
347741, 3
334214, 3
46302, 3
621081, 3
484166, 3
240271, 3
332245, 3
582831, 3
252069, 3
271229, 3
302700, 3
346670, 3
481912, 3
297056, 3
452292, 3
162918, 3
176141, 3
584392, 3
250873, 3
1727, 3
406091, 3
211329, 3
606587, 2
532567, 3
426864, 3
111769, 3
110919, 3
401846, 3
591923, 3
243615, 3
193491, 3
349620, 3
68972, 3
74811, 3
25851, 3
211038, 3
222387, 3
88222, 3
95355, 3
227164, 3
638254, 3
171114, 3
506281, 3
661715, 3
35980, 3
280479, 3
259856, 3
509931, 3
323857, 3
344090, 1
367618, 3
236817, 3
649911, 3
645245, 3
212029, 3
177622, 3
87222, 3
471814, 3
315064, 3
636996, 3
655050, 3
278165, 3
419549, 3
127225, 3
9342, 3
40630, 3
383379, 3
153513, 3
263977, 3
638599, 3
194696, 3
593943, 3
8743, 3
347443, 3
383635, 3
553909, 3
266740, 1
39899, 3
286873, 3
247370, 3
79656, 3
206158, 3
431185, 3
348342, 3
93837, 2
423188, 3
539590, 3
611191, 3
644805, 3
305440, 3
597793, 2
27332, 3
628166, 3
277764, 3
484977, 3
95291, 3
231610, 3
432032, 3
406219, 3
638992, 3
601569, 3
614881, 3
563748, 3
390185, 3
120163, 3
191710, 3
113641, 3
624677, 3
132469, 3
491176, 1
527861, 3
495252, 3
35024, 3
33428, 3
38901, 2
195578, 3
122980, 3
94195, 3
234194, 3
394177, 3
290391, 3
485972, 3
256154, 3
329509, 3
403702, 3
53404, 3
636342, 3
556644, 3
46753, 3
613422, 3
301392, 3
591364, 3
182916, 3
584032, 3
597249, 3
415724, 3
302771, 3
226114, 3
441482, 1
228439, 3
192045, 3
264138, 3
206004, 3
489189, 3
503487, 3
194875, 3
66793, 3
613234, 3
499370, 3
531508, 3
117009, 3
570805, 3
281623, 3
283960, 3
87871, 3
559508, 3
144684, 3
389352, 2
29929, 3
441838, 3
193018, 3
64456, 3
664814, 3
21924, 3
372269, 3
134323, 3
416842, 3
427302, 1
358528, 3
594234, 3
68036, 3
422270, 3
650687, 3
403145, 3
413425, 3
542726, 3
663507, 3
71405, 3
470027, 3
351094, 2
484160, 3
447815, 3
268122, 3
228717, 3
227485, 3
453579, 3
573954, 3
270221, 3
193935, 3
635230, 3
50770, 3
99243, 3
142906, 3
616413, 3
475572, 3
394939, 3
611885, 3
370018, 3
145299, 3
273337, 3
657771, 3
525431, 3
230375, 3
233375, 3
125225, 3
147573, 3
227128, 3
170787, 3
115538, 3
130810, 3
39087, 3
49609, 3
5317, 3
339377, 3
35260, 3
580121, 3
548163, 3
44114, 3
223113, 3
414530, 3
515549, 3
146130, 3
238112, 3
562256, 3
496437, 3
258963, 3
392261, 3
462370, 3
252079, 3
102156, 3
488000, 3
154403, 3
77439, 3
177397, 3
165534, 3
210802, 3
499003, 3
539422, 3
647310, 3
166917, 3
120245, 3
603700, 3
307063, 3
323437, 3
388096, 3
509001, 3
214130, 3
100590, 3
649603, 3
404073, 3
258643, 3
109403, 3
173258, 3
256489, 3
243071, 3
439154, 3
420210, 3
637243, 3
538502, 3
67987, 3
628130, 3
610845, 3
325244, 3
464616, 3
650811, 3
132852, 3
564117, 1
87939, 3
543132, 3
641306, 3
51169, 3
339828, 3
467795, 3
138352, 3
185163, 3
625366, 2
184199, 3
200929, 3
603433, 3
175796, 3
75255, 3
438189, 3
644682, 3
529791, 3
576949, 1
43367, 3
449114, 3
522501, 3
600848, 3
194599, 3
457412, 3
523443, 3
631165, 3
472574, 3
446744, 3
314376, 2
59326, 3
59541, 3
265150, 2
145371, 3
185907, 3
494769, 3
258938, 3
281920, 3
311187, 3
535361, 3
241867, 3
313886, 3
370636, 3
336448, 3
351213, 3
123984, 3
64128, 3
466732, 3
465800, 3
328545, 3
349116, 3
619914, 3
629373, 3
177119, 3
408850, 3
419590, 3
593999, 3
163883, 3
57568, 3
21425, 3
349318, 3
640855, 3
523131, 3
381623, 3
321580, 3
64466, 3
244064, 3
230459, 3
72501, 3
94784, 3
360648, 3
61214, 3
280243, 3
243486, 3
288971, 3
9957, 3
329435, 3
448281, 3
53545, 3
21592, 3
40431, 3
156864, 3
526503, 3
471730, 3
95416, 3
283306, 3
171800, 3
539392, 3
366266, 3
493151, 3
520720, 3
358408, 3
326919, 3
611309, 3
215745, 3
208892, 3
107822, 3
180681, 3
488314, 3
365192, 3
69245, 3
591330, 3
394361, 3
545911, 3
84283, 3
242378, 3
400664, 3
639130, 3
205227, 3
342517, 3
425715, 3
405488, 3
442935, 3
142457, 3
598120, 3
200586, 3
134034, 3
417522, 3
492410, 3
138645, 3
630984, 3
190714, 3
526224, 3
609069, 3
455697, 3
304016, 3
304945, 2
640631, 3
346150, 3
626450, 3
51332, 3
227914, 3
607591, 3
637022, 3
302341, 3
138097, 3
108856, 3
465181, 3
357295, 3
555320, 3
130465, 3
522054, 3
111217, 3
503374, 3
587396, 3
439619, 3
481112, 3
468473, 3
516757, 3
540707, 3
652594, 3
119477, 3
639224, 3
346929, 3
551615, 3
460369, 3
428444, 3
32787, 3
430011, 3
614462, 3
660994, 3
526771, 3
92675, 2
390366, 2
605880, 3
142471, 2
491159, 3
523638, 3
507540, 3
277233, 3
377759, 2
63370, 3
542876, 3
564750, 3
499990, 3
243498, 3
513371, 3
438940, 2
277891, 3
621513, 3
207968, 3
212366, 1
512054, 3
609329, 3
234387, 3
537564, 3
58905, 3
469850, 3
361594, 3
432464, 3
85383, 1
278100, 3
59525, 3
125145, 3
570289, 3
575706, 3
285842, 3
590771, 2
643242, 3
264660, 3
71633, 3
31507, 3
436686, 3
165048, 3
123881, 2
626239, 3
642351, 3
653720, 3
293498, 3
336646, 3
32551, 3
120358, 3
405829, 3
419396, 3
171828, 3
16358, 3
380185, 2
356628, 3
320997, 3
626966, 3
221498, 3
211644, 3
92576, 3
189598, 3
423320, 3
525000, 2
571727, 3
164398, 3
611212, 3
162430, 3
296869, 3
9260, 3
602081, 3
246333, 3
565918, 3
235324, 3
599794, 3
565846, 3
487513, 3
121494, 3
297104, 3
610578, 3
552072, 3
39084, 1
195680, 3
146151, 3
430651, 3
478695, 3
40446, 3
270479, 3
620167, 3
665104, 3
28975, 3
551941, 3
216724, 3
473555, 3
9229, 3
510023, 3
297306, 3
640711, 3
10978, 3
142414, 3
635241, 3
40286, 3
430543, 3
366743, 3
662300, 3
220571, 3
282526, 3
326989, 3
517886, 3
548268, 1
298222, 3
657535, 3
180618, 3
612929, 3
651808, 3
294775, 3
257117, 3
575076, 3
543512, 3
320219, 3
647905, 3
529961, 3
471393, 3
159653, 3
268439, 2
348384, 3
527816, 3
238655, 3
240183, 3
660528, 3
449956, 3
535368, 3
16190, 3
101100, 3
186032, 3
501335, 3
442058, 3
264243, 1
434980, 3
662986, 2
395642, 3
312672, 2
664549, 3
391847, 3
617923, 3
597137, 3
591633, 3
512790, 3
398652, 3
243248, 3
37965, 3
419440, 3
478233, 3
183174, 3
31658, 3
126481, 3
124734, 2
487243, 3
482383, 3
166757, 3
354465, 3
240932, 3
90074, 3
616796, 3
250885, 3
168959, 3
395145, 3
631817, 3
69884, 3
9543, 3
134491, 3
608338, 3
588987, 3
33478, 3
148330, 3
478953, 3
39563, 3
26610, 3
278751, 3
347334, 3
310451, 3
600544, 3
536526, 3
169068, 3
609094, 3
213108, 3
389116, 3
348952, 3
340394, 3
49570, 3
72563, 1
489517, 3
478147, 3
409726, 3
317839, 3
563845, 3
484853, 3
633394, 3
419860, 3
103283, 2
283047, 3
245754, 3
488303, 1
290730, 3
62439, 3
408391, 3
348022, 3
328177, 3
471471, 2
103838, 3
86799, 3
517296, 3
405900, 3
303615, 3
285328, 3
596889, 3
258126, 3
507204, 3
193341, 3
487939, 3
125364, 3
309180, 3
44708, 3
250246, 3
393163, 3
116608, 3
8023, 3
169940, 3
420000, 3
36843, 3
544334, 3
453938, 3
349578, 3
341623, 3
308961, 3
550347, 3
660864, 3
49120, 3
191680, 3
271016, 3
527369, 2
664035, 3
19393, 3
293521, 3
629504, 3
375538, 3
428872, 3
306668, 3
328165, 3
129480, 3
559427, 3
593309, 3
173234, 3
164002, 3
220939, 3
8813, 3
9912, 3
563442, 3
497998, 3
143630, 3
55009, 3
165714, 3
598148, 3
98365, 3
125382, 3
384720, 3
183928, 3
112075, 3
610506, 3
142548, 3
84165, 3
244322, 3
56973, 3
289514, 3
90873, 3
574515, 3
438698, 3
614515, 3
354759, 3
21784, 3
285834, 3
510209, 3
506096, 3
93882, 3
401669, 3
220240, 3
159409, 3
659565, 3
162628, 3
529479, 2
425742, 3
302766, 2
36813, 3
441682, 3
181740, 3
117505, 3
299723, 3
462710, 3
638846, 3
10550, 3
187678, 3
322595, 3
121153, 3
433083, 3
122260, 3
551145, 3
251159, 3
417703, 3
240938, 3
535157, 3
536971, 3
2093, 3
348068, 3
445949, 3
335181, 3
70125, 3
43432, 3
185120, 3
561670, 3
261082, 3
27969, 3
506903, 3
427733, 3
400812, 3
184722, 3
40507, 3
85444, 3
384367, 3
188453, 1
36245, 3
151280, 3
224653, 3
81002, 3
460269, 3
527868, 3
127435, 3
144117, 3
599023, 3
281186, 3
577084, 3
207837, 3
217781, 3
343544, 3
3497, 3
202110, 3
375194, 3
530465, 2
482001, 3
474027, 3
32661, 3
341710, 3
213413, 2
172029, 3
326355, 3
628543, 3
206193, 3
197091, 3
417607, 3
1548, 3
577691, 3
612322, 3
282441, 3
526682, 3
452253, 3
618195, 3
385863, 3
101501, 3
143066, 1
546897, 3
423414, 3
226517, 3
8111, 3
441795, 3
207631, 3
210417, 3
513353, 3
416013, 3
282151, 3
88095, 3
326068, 3
533526, 3
374000, 3
500019, 2
42950, 3
163534, 3
15175, 3
174237, 3
223866, 3
319724, 3
12449, 3
387319, 3
375547, 3
641261, 3
643611, 3
97129, 3
402530, 3
340021, 3
639834, 2
15756, 3
106966, 3
649859, 3
651074, 3
556200, 3
44035, 3
296943, 3
360000, 3
265089, 3
528232, 3
1359, 3
395182, 3
150647, 3
208370, 2
244784, 3
97402, 3
236427, 3
410041, 3
161180, 3
482720, 3
138570, 3
412336, 3
405619, 3
532679, 3
144450, 3
41820, 3
534083, 2
85486, 3
145196, 2
613442, 2
387943, 3
576786, 3
154858, 3
520520, 3
254218, 3
644429, 3
127935, 3
336137, 3
485167, 3
294551, 3
629846, 3
291313, 3
603641, 3
223417, 3
158316, 3
482810, 3
170822, 3
193168, 3
136416, 3
193878, 3
428224, 3
97858, 3
528660, 3
641691, 3
565508, 3
487640, 3
588950, 1
127624, 3
613360, 3
78596, 3
615037, 3
288536, 3
1504, 3
330764, 3
364901, 2
555375, 3
456064, 3
4048, 3
129911, 3
244954, 3
51007, 3
178839, 3
104785, 3
536488, 3
5959, 3
201538, 3
343771, 3
233611, 2
646774, 3
559966, 2
293611, 3
280895, 3
198124, 3
468452, 3
247873, 3
440211, 3
586948, 2
432429, 3
381690, 3
193113, 3
652537, 3
148274, 3
216090, 3
549862, 3
593623, 3
447324, 3
215972, 3
68759, 3
4729, 3
20625, 3
421771, 3
61681, 3
553924, 3
639136, 3
190301, 3
510330, 3
105028, 2
258794, 3
218043, 3
491920, 3
52183, 3
325752, 3
232683, 3
467317, 3
646240, 3
349798, 3
659379, 3
375894, 3
249770, 3
169417, 3
651293, 2
441917, 3
254854, 3
290644, 3
570548, 3
587507, 3
202140, 3
194406, 3
436213, 3
149694, 3
472087, 3
660867, 3
356096, 3
613930, 3
430551, 3
333033, 3
637620, 3
78474, 3
559537, 3
476634, 3
434865, 3
172904, 3
121288, 3
413629, 3
306302, 3
239676, 3
256827, 3
261084, 3
264831, 3
156090, 3
642428, 3
14399, 3
119073, 3
10824, 3
128694, 3
637037, 3
250945, 3
404009, 3
356915, 3
431270, 3
553365, 3
517798, 3
99093, 3
259345, 3
264147, 3
362682, 3
306640, 3
623184, 3
517955, 2
474211, 1
578287, 3
405560, 3
255620, 3
534381, 3
614924, 3
420260, 3
423914, 3
491446, 3
45894, 3
143093, 3
507129, 3
622980, 3
150410, 3
276361, 3
286138, 3
576858, 3
562014, 3
96419, 3
438850, 3
625824, 3
476130, 3
535260, 3
322592, 1
510349, 3
446371, 3
141597, 3
423706, 3
510297, 3
281282, 3
152823, 3
284198, 3
55496, 3
196320, 3
72000, 3
93300, 3
37366, 3
458134, 3
343966, 3
365549, 3
442044, 3
648865, 3
455364, 3
482348, 3
421918, 3
63158, 3
117746, 3
377603, 2
249982, 3
549929, 3
566394, 3
639784, 3
573057, 3
594478, 3
167267, 3
587181, 3
607589, 3
435180, 3
471958, 3
40810, 3
154224, 3
661701, 3
286443, 3
205274, 3
595789, 2
344160, 3
342656, 3
564221, 3
203558, 3
172167, 3
98500, 3
252095, 3
358757, 3
166413, 3
188043, 3
477110, 3
108099, 3
555222, 3
486594, 3
41854, 3
513970, 3
550547, 3
392511, 3
517941, 2
332237, 3
367199, 3
354974, 2
372100, 3
120166, 3
256532, 3
80214, 3
188820, 3
463164, 3
585798, 3
253613, 3
350674, 3
491270, 3
3227, 3
313374, 3
481415, 3
139488, 2
617929, 3
381627, 3
151810, 3
519290, 3
387549, 3
18951, 3
298840, 3
10353, 3
604319, 3
7834, 3
158231, 3
16675, 3
266644, 3
453984, 2
248077, 3
519318, 3
492083, 3
276721, 3
461226, 3
74058, 3
613213, 3
33953, 3
190499, 3
159654, 3
503092, 3
482909, 3
525119, 2
400420, 3
510643, 3
332001, 3
628631, 3
350175, 3
576767, 3
331214, 3
68366, 3
18186, 3
88596, 3
67164, 3
283776, 3
312705, 3
47940, 3
425535, 2
248234, 3
480143, 3
99380, 3
487734, 2
313324, 3
467054, 3
138811, 2
854, 3
45070, 3
341433, 3
434077, 3
633849, 3
424868, 3
361552, 3
121165, 3
370224, 3
651590, 3
71962, 3
492270, 3
214040, 3
94620, 3
479430, 2
379781, 3
386674, 3
235906, 3
313132, 3
205349, 3
348426, 3
628086, 3
482363, 3
191431, 2
168301, 3
75750, 3
56166, 3
643576, 3
664432, 3
617844, 3
25124, 3
115803, 3
270424, 3
585913, 3
483144, 3
285624, 3
28627, 3
340652, 3
657019, 3
550255, 3
149760, 3
168068, 3
510702, 3
78218, 3
528862, 3
533814, 3
539045, 3
175777, 3
53944, 3
368773, 3
364512, 3
545774, 3
34663, 3
580942, 3
442524, 2
258014, 3
378796, 3
237204, 3
97251, 3
188160, 2
60035, 3
572094, 3
402653, 3
255793, 3
602372, 3
278716, 2
439772, 3
514763, 3
613949, 3
661638, 3
593075, 3
534259, 3
594074, 3
536089, 3
99010, 3
399789, 3
607960, 3
148151, 3
445944, 3
123343, 2
241447, 3
133593, 3
62727, 3
438219, 3
162205, 3
265990, 3
649733, 3
231682, 3
609997, 3
609991, 3
640047, 3
150167, 3
146880, 3
411370, 3
569749, 3
558245, 3
126704, 3
338015, 3
22416, 3
523211, 3
532185, 3
621722, 3
92744, 2
146480, 3
343188, 3
511626, 3
11822, 3
305869, 3
616010, 3
55073, 3
481125, 3
586723, 3
310620, 3
323314, 3
433514, 3
262662, 2
237906, 3
632725, 3
4157, 3
557482, 3
304680, 3
536477, 3
559361, 1
257892, 3
587257, 3
243387, 3
78708, 3
537595, 3
436176, 3
622372, 3
422318, 3
505105, 3
511509, 3
419479, 3
110134, 3
18305, 3
271982, 3
588392, 3
57780, 3
474237, 3
46879, 3
86943, 3
375861, 3
184530, 3
315131, 3
212732, 3
520217, 3
220825, 2
36725, 3
290976, 3
395716, 2
274515, 3
597639, 3
486283, 3
256893, 3
582749, 3
318578, 3
633819, 3
642798, 3
231261, 3
540488, 3
464255, 3
149589, 3
47920, 3
252652, 3
557520, 3
391907, 3
632615, 3
163154, 3
507926, 3
292668, 3
562597, 3
295450, 3
282316, 3
558567, 3
218050, 3
70159, 3
15414, 3
538001, 3
146302, 1
235590, 3
440182, 3
599495, 2
594910, 3
309126, 3
424792, 3
557044, 3
277657, 3
402116, 3
368756, 3
209541, 1
519502, 3
597306, 3
278753, 3
451383, 3
158913, 3
350105, 3
89636, 3
399372, 3
151835, 3
31692, 3
441202, 3
12476, 3
462719, 3
631573, 3
431391, 3
168978, 3
648507, 3
133901, 3
219783, 3
56465, 3
549394, 3
163345, 3
369338, 3
367817, 3
358678, 3
183363, 3
561004, 3
255732, 3
125334, 3
557167, 3
562089, 3
72688, 3
360028, 3
226730, 3
238833, 1
205126, 3
40914, 3
657358, 3
344944, 3
18105, 3
159731, 3
183768, 3
118225, 3
247104, 3
355389, 3
427418, 3
284193, 3
395961, 1
617142, 3
399943, 3
599920, 3
58723, 3
583232, 3
425097, 3
498742, 3
121675, 3
536225, 3
604325, 2
436191, 3
463355, 3
269681, 3
588677, 3
593114, 3
556609, 3
59152, 3
161555, 3
598910, 2
498361, 3
625974, 3
148184, 3
236304, 3
280868, 3
59195, 3
160866, 3
106211, 3
212152, 3
597325, 3
309849, 3
511956, 3
44821, 3
662929, 3
572870, 3
119159, 3
641497, 3
656722, 3
117504, 3
490462, 3
617913, 3
518068, 3
534441, 3
230700, 3
261766, 3
494954, 3
26788, 3
163746, 3
21668, 3
341635, 3
336685, 3
274908, 3
204115, 3
510806, 3
83535, 3
576122, 3
142322, 3
578346, 3
642245, 3
443091, 3
62065, 3
584422, 3
412454, 3
137507, 3
490044, 3
88117, 3
535781, 3
146208, 3
488004, 3
142277, 3
20100, 3
353543, 3
272610, 3
303000, 3
319672, 3
296261, 3
586440, 3
558449, 3
232800, 3
286841, 3
412874, 3
279285, 3
622019, 3
513405, 2
320758, 3
418469, 3
98157, 3
501100, 3
388749, 3
541423, 3
197088, 3
533224, 3
451066, 1
169602, 3
85956, 3
102927, 3
89859, 3
374411, 3
22372, 3
336816, 3
168070, 3
92477, 3
451974, 3
229346, 1
141377, 3
519828, 3
208716, 3
192868, 2
268741, 3
614789, 3
64389, 3
404835, 3
221348, 3
609260, 3
519048, 3
358178, 3
185382, 3
439600, 3
150879, 3
455816, 3
240609, 3
348927, 3
624870, 3
309008, 3
292266, 3
432004, 3
98495, 3
161061, 3
139232, 3
322905, 3
369284, 3
326483, 3
515374, 2
215372, 3
160348, 3
434726, 3
74688, 3
636860, 3
514167, 3
436217, 3
336345, 2
61555, 3
631361, 3
471887, 3
366004, 3
244354, 3
216437, 3
92982, 3
161601, 3
234495, 3
261464, 2
653892, 3
17777, 3
296873, 3
524208, 3
482926, 3
366642, 3
567975, 3
415006, 3
251634, 3
94537, 3
482232, 3
189492, 3
370546, 3
604353, 3
368648, 3
603937, 3
304290, 3
30360, 1
148131, 3
631296, 3
142448, 3
482160, 3
530505, 3
18700, 3
167392, 3
282883, 3
307947, 3
91425, 3
32330, 3
457511, 3
141256, 3
403815, 3
512357, 3
389397, 3
366536, 3
149825, 3
49843, 3
54, 3
539629, 3
292542, 3
152134, 3
290727, 3
302450, 3
172722, 3
622599, 3
485467, 3
8421, 3
35835, 3
347656, 3
333520, 3
46151, 3
455366, 3
63511, 3
1484, 3
606767, 3
511106, 3
437247, 3
410262, 3
165050, 3
579048, 3
90412, 3
607470, 1
519265, 3
517856, 3
319572, 3
348647, 3
460101, 3
652250, 3
346468, 3
467756, 3
128414, 3
548698, 3
303769, 2
284336, 3
44006, 3
250901, 3
95638, 3
440719, 3
238890, 3
254308, 3
115221, 3
361771, 3
402309, 3
205051, 3
258242, 3
345980, 1
476522, 3
664704, 3
76873, 3
920, 3
239183, 3
493428, 3
492400, 3
547188, 3
147035, 3
660554, 3
250911, 3
436489, 3
329079, 3
303799, 3
119485, 3
122108, 3
58306, 3
545935, 3
37745, 3
509659, 3
588783, 3
554270, 3
402705, 3
484638, 3
75533, 3
314181, 3
147391, 3
196826, 3
517251, 3
204940, 3
133428, 3
136169, 3
330358, 3
249923, 3
460492, 3
365943, 3
596099, 3
317995, 1
515563, 3
31117, 3
531331, 3
121806, 3
160504, 3
436128, 3
560566, 3
536334, 3
593512, 3
429685, 3
639477, 3
207375, 3
42961, 3
557040, 3
643485, 3
576576, 3
112148, 3
296400, 2
51921, 3
300881, 3
174574, 3
581734, 3
166709, 3
332708, 3
65849, 3
422260, 3
599126, 3
433382, 3
129792, 3
136788, 3
664406, 3
216161, 3
470732, 3
224244, 3
434379, 3
584323, 3
361206, 3
30800, 3
590740, 3
543535, 3
434216, 3
112982, 3
423929, 3
251503, 3
516084, 3
447802, 3
622909, 3
345940, 3
51206, 3
445259, 3
54374, 3
530572, 3
238779, 3
510796, 3
600717, 3
517033, 3
492227, 3
342890, 3
530682, 3
199806, 1
266959, 3
216435, 3
493273, 3
398059, 3
187530, 3
676, 3
5368, 3
236248, 3
134122, 3
607467, 3
565570, 2
299929, 3
502712, 3
371765, 3
332436, 3
22374, 3
650576, 3
332006, 3
150298, 3
391354, 3
250695, 3
252959, 3
94340, 3
193968, 3
402571, 3
91525, 3
138014, 3
96243, 3
622446, 3
641399, 3
559482, 3
171672, 3
116218, 3
323687, 3
302981, 2
620357, 3
664516, 3
53226, 3
536965, 3
277632, 3
52269, 3
349537, 3
499037, 3
483313, 3
517808, 3
460748, 3
606194, 3
637663, 3
263710, 3
169762, 3
284939, 3
514651, 3
130991, 3
401004, 3
285305, 3
258611, 3
81694, 3
26074, 3
298431, 3
67358, 3
223893, 3
589044, 3
96416, 3
453706, 3
510530, 3
402155, 3
326783, 3
322849, 2
214467, 3
11795, 3
539794, 3
455913, 3
295318, 3
283596, 3
257216, 3
55713, 3
307338, 1
540284, 3
138831, 3
151350, 3
251233, 3
136598, 3
395597, 3
472554, 2
272771, 3
326354, 3
55844, 1
451666, 3
591061, 3
300674, 3
617151, 3
601786, 3
346808, 3
300100, 2
217446, 3
95886, 3
284283, 3
579568, 3
522563, 3
151200, 3
555676, 3
112867, 3
209399, 3
662689, 2
402512, 3
168366, 3
194653, 3
107372, 3
455458, 3
660947, 3
438585, 3
429868, 3
103003, 3
536030, 3
127637, 3
273419, 3
334611, 3
615746, 3
19529, 3
271352, 3
103329, 3
268138, 3
618930, 3
99560, 3
381684, 3
468021, 3
239227, 3
323467, 3
499013, 3
89909, 3
361606, 3
203959, 3
296190, 3
29740, 3
361738, 3
519902, 3
636000, 3
494791, 3
331082, 2
606913, 3
27153, 3
511821, 3
59728, 3
615422, 3
159458, 3
296756, 3
330022, 3
320257, 3
39766, 3
98187, 3
522315, 3
618398, 3
382498, 3
288982, 3
620825, 3
269065, 3
227351, 3
622475, 3
448230, 3
395062, 3
485538, 3
262001, 3
64914, 1
6655, 3
42855, 3
619848, 3
405704, 3
639055, 3
74286, 3
648008, 3
496542, 3
21617, 3
168351, 3
126664, 3
270653, 3
328178, 3
579881, 3
119140, 3
428843, 3
188868, 3
468257, 3
326034, 3
539970, 3
357077, 3
568964, 3
247257, 3
465116, 3
58415, 3
326067, 3
14283, 3
435317, 3
247826, 3
231364, 3
650676, 3
211715, 3
662792, 2
644029, 3
471669, 3
205284, 3
290698, 3
97502, 3
14435, 3
7296, 3
195218, 3
98972, 3
467557, 3
339918, 3
604528, 3
532909, 3
34673, 3
547553, 3
441914, 2
344738, 3
448969, 3
481570, 3
99778, 3
190441, 3
521079, 3
195752, 3
34891, 3
565740, 3
280062, 3
123160, 3
253026, 3
55171, 3
602919, 3
79264, 3
560105, 3
86801, 3
500450, 2
255648, 3
601012, 3
225340, 3
560112, 3
469805, 3
227228, 3
315693, 3
415305, 3
557247, 3
20036, 3
443231, 3
36863, 2
230430, 3
642014, 3
553139, 3
592823, 3
28113, 3
271167, 3
548022, 3
384826, 3
133492, 3
226770, 3
514134, 3
84830, 3
625636, 3
77783, 3
244022, 3
571141, 3
524789, 3
651694, 3
261296, 3
346066, 3
580404, 3
244328, 3
161332, 3
455500, 3
662999, 3
120770, 3
519279, 3
8475, 3
387459, 2
428077, 3
101968, 3
571791, 3
463070, 3
322774, 2
300398, 1
237769, 3
42200, 3
316266, 3
217572, 3
454010, 3
53986, 3
467270, 3
292637, 3
18498, 3
451159, 2
269804, 3
519838, 3
422375, 3
229615, 3
243872, 3
230652, 3
40666, 3
269402, 3
382597, 3
628811, 3
141321, 3
152690, 3
53717, 3
168304, 3
367258, 1
492262, 2
473038, 3
625148, 3
344637, 3
324313, 3
156332, 3
124843, 3
551787, 3
244685, 3
251212, 3
84894, 3
86876, 3
19679, 3
337561, 3
623724, 3
633040, 3
325704, 3
637452, 3
390126, 3
3064, 3
447141, 3
639780, 3
53408, 3
50719, 3
456809, 3
313017, 3
525319, 3
39692, 3
617577, 3
191070, 1
152583, 3
523838, 3
78245, 3
173609, 3
417859, 3
362906, 3
526284, 3
382186, 3
370752, 3
97077, 3
604306, 3
169851, 3
522488, 3
553881, 3
596174, 3
354815, 3
296289, 3
341613, 3
63254, 3
341243, 2
426549, 3
109137, 3
188600, 3
373319, 1
274248, 3
388940, 3
332340, 3
528514, 3
641991, 3
358049, 3
520175, 3
519043, 3
304112, 3
444486, 3
652839, 2
368291, 3
361374, 3
445769, 3
279527, 3
174851, 3
34555, 3
494151, 3
21921, 3
536243, 3
553361, 3
385691, 3
574912, 3
592557, 3
299351, 3
357013, 3
536715, 3
351330, 3
656620, 3
516238, 3
491301, 3
504904, 3
450747, 3
399318, 3
468376, 3
455003, 3
551963, 3
226947, 3
77102, 3
659831, 3
642849, 3
114269, 3
256066, 3
170734, 3
437243, 3
100822, 3
505418, 3
239808, 3
224897, 3
391178, 3
487979, 3
433186, 3
580321, 3
586092, 3
47600, 3
630550, 3
302895, 3
100780, 3
65649, 3
572171, 3
556106, 2
276834, 3
461335, 3
552934, 3
306414, 3
80345, 3
516647, 3
23727, 3
501124, 3
477301, 2
557677, 3
542196, 3
374210, 3
524050, 3
232061, 2
64571, 3
644073, 3
300234, 3
300878, 3
447178, 3
186880, 3
480375, 3
611229, 3
253142, 3
11827, 3
67870, 3
304542, 2
622533, 3
48919, 3
250057, 3
364747, 3
417169, 3
321328, 3
304528, 3
401161, 3
463897, 3
235554, 3
161095, 3
387079, 3
482955, 3
546217, 3
584108, 2
610015, 3
200469, 3
85114, 3
173305, 3
478690, 3
428278, 3
637884, 3
347395, 3
56969, 3
101593, 3
439776, 3
535456, 3
183128, 2
331602, 3
470410, 3
105339, 3
475787, 3
427306, 3
498336, 3
633772, 3
378843, 3
176909, 3
645293, 3
391335, 3
285409, 3
93409, 3
87034, 3
71487, 3
198249, 3
337240, 3
376938, 3
257540, 3
391102, 3
22793, 3
382608, 3
363477, 3
604505, 3
111627, 3
8432, 3
92998, 3
561676, 3
103931, 3
353177, 3
416454, 3
184018, 3
51167, 3
438340, 1
190373, 3
276113, 3
618791, 3
505808, 3
478715, 2
74098, 3
606717, 3
512651, 3
623433, 3
412343, 3
352787, 3
94396, 3
86815, 3
121091, 3
653345, 1
444539, 3
574688, 3
50047, 3
571852, 3
427627, 3
274403, 3
420942, 3
664992, 3
454993, 3
110990, 3
562541, 3
245641, 3
388712, 3
66444, 3
132882, 3
47251, 3
48449, 3
620363, 3
12447, 3
368797, 3
599807, 3
199078, 3
246369, 3
567158, 3
442124, 3
261371, 3
402252, 3
241047, 3
95194, 3
501746, 3
100777, 3
295909, 3
552814, 3
428882, 3
292225, 3
165807, 3
200676, 3
322842, 3
559563, 3
321626, 3
129527, 3
327917, 3
651496, 3
121434, 3
458038, 3
75790, 3
582624, 3
212091, 3
317856, 3
171271, 3
358115, 3
439685, 3
369977, 3
568524, 3
547963, 3
26596, 3
320256, 3
311049, 3
126918, 3
577383, 3
165049, 3
615754, 3
473430, 2
89381, 3
208449, 3
310338, 3
318427, 3
75919, 1
403300, 3
651617, 3
82893, 3
663505, 1
313919, 3
345044, 3
251739, 3
606553, 3
597, 3
260753, 3
409553, 3
528404, 3
372511, 3
61309, 3
457303, 3
104187, 3
318175, 3
620949, 3
454848, 3
349128, 3
664544, 3
661771, 3
268081, 3
379792, 2
635702, 3
304091, 3
351663, 3
407496, 3
471137, 3
406482, 3
299368, 3
637434, 3
260445, 3
333549, 3
542714, 3
34096, 3
569589, 3
384951, 3
580303, 3
524161, 3
308511, 3
520405, 3
548425, 3
56984, 3
28169, 3
299446, 3
394516, 3
548587, 3
356566, 3
642523, 3
485469, 3
65659, 3
53064, 3
16237, 3
649400, 3
648391, 3
233877, 3
427360, 3
432543, 3
224146, 3
625093, 3
408805, 3
326351, 3
365595, 3
514595, 3
629950, 3
17707, 3
643433, 3
547268, 3
577934, 3
150500, 3
222022, 3
458294, 3
377903, 3
509639, 3
73959, 3
442007, 3
576104, 3
444263, 3
236575, 3
320798, 3
17150, 3
299310, 3
143183, 3
56108, 3
253419, 3
491712, 3
33928, 3
263717, 3
279370, 3
167720, 3
597084, 3
317176, 3
46965, 1
504981, 3
43190, 3
566097, 3
206644, 3
597332, 3
5656, 3
96067, 3
468811, 3
386530, 3
377994, 3
462190, 3
138735, 3
198882, 2
354239, 3
653350, 3
549750, 3
485452, 3
329737, 3
305136, 3
380689, 3
23709, 3
138066, 3
125353, 3
657723, 3
402630, 3
502474, 3
234002, 3
371356, 3
578408, 3
307316, 3
442862, 3
521567, 3
187951, 3
82766, 3
256038, 3
488726, 3
449972, 3
156868, 3
412190, 3
101752, 3
629310, 3
134812, 3
133233, 3
39071, 3
135249, 3
231815, 3
353803, 3
33175, 3
519162, 3
549178, 3
54904, 3
300390, 3
561484, 3
655004, 3
286246, 3
401496, 3
335692, 3
227064, 3
317001, 3
64072, 3
89578, 3
323151, 3
134268, 3
251098, 3
106078, 3
614659, 3
145190, 3
461490, 3
47206, 3
124270, 3
300618, 3
355193, 3
289344, 3
88193, 3
70669, 3
164914, 3
360879, 3
176844, 3
578441, 3
214841, 3
447275, 3
490663, 3
480840, 3
176709, 3
313626, 3
599151, 3
234132, 3
295893, 3
354936, 3
97334, 3
587865, 3
97034, 3
155942, 2
607805, 3
226767, 3
38847, 3
276400, 3
441655, 1
644594, 3
502159, 3
536422, 3
87356, 3
559901, 3
76071, 3
480454, 3
457007, 3
489376, 3
576030, 3
343447, 3
117606, 3
480116, 3
357385, 3
339075, 3
485709, 3
245697, 3
543602, 3
395888, 3
381337, 3
394928, 3
506082, 3
419644, 3
313848, 3
178735, 3
634560, 3
538777, 3
512794, 3
623480, 3
543074, 3
551791, 3
168999, 3
178890, 3
622157, 3
644129, 3
15125, 3
583363, 3
503504, 3
430736, 3
358228, 3
50096, 3
189106, 3
644070, 3
105324, 3
388787, 3
308260, 3
123699, 3
126329, 3
381778, 3
476353, 1
210285, 3
85435, 3
576490, 3
254450, 2
610670, 3
487135, 3
508919, 3
49047, 3
187301, 3
16624, 3
389634, 3
473409, 3
95482, 3
52666, 3
40445, 3
294941, 3
645458, 3
222051, 3
655863, 3
585462, 2
133743, 3
365728, 3
230065, 3
625857, 3
647504, 3
635995, 3
71212, 3
407721, 3
450080, 3
622748, 3
552192, 3
623401, 3
243380, 3
332016, 3
145328, 3
295048, 3
65878, 3
490584, 3
780, 3
614068, 3
486734, 3
211625, 3
563647, 3
576059, 3
634551, 3
267160, 3
447858, 3
25709, 3
28466, 3
442742, 3
435731, 3
66969, 3
307663, 3
238402, 3
327536, 3
21315, 3
288986, 3
458143, 3
459909, 3
204747, 3
583085, 3
644461, 3
566830, 3
354888, 3
275018, 3
99678, 3
234201, 3
272378, 3
530671, 3
549295, 3
387101, 3
389464, 3
302654, 3
30812, 3
535645, 3
658819, 3
627365, 3
560673, 3
180856, 3
143620, 3
247123, 3
531996, 3
459490, 3
548995, 3
261977, 3
240176, 3
158063, 3
237369, 3
365725, 3
270913, 3
640732, 3
661794, 3
418307, 3
42996, 3
177163, 3
529667, 3
105698, 3
461812, 3
482965, 3
608622, 3
545105, 3
188860, 3
418500, 3
567206, 3
651854, 3
475852, 3
495378, 3
76534, 3
590735, 3
154275, 3
46603, 3
603364, 3
526639, 3
301375, 3
647218, 3
205530, 3
131856, 3
28884, 3
39284, 3
129044, 3
587527, 3
386385, 2
522939, 3
66052, 3
134305, 3
525624, 3
392596, 3
308905, 3
332933, 3
193822, 3
171170, 3
12861, 3
540327, 3
63374, 3
228285, 3
181080, 3
223794, 3
442477, 3
131520, 3
228606, 3
13938, 3
595162, 3
440729, 3
645911, 3
94405, 3
490898, 3
259316, 3
281543, 3
598643, 3
660275, 3
399041, 3
311314, 2
435438, 2
165273, 3
462732, 3
382632, 3
475056, 3
569038, 3
218098, 3
464594, 3
19664, 3
339024, 3
653449, 2
275938, 3
287479, 3
180657, 3
65386, 3
537004, 3
461918, 3
99100, 3
228516, 3
640306, 3
505406, 3
425045, 3
394575, 3
324283, 3
275270, 3
471621, 3
78632, 3
388872, 3
402296, 3
518900, 3
333199, 1
642978, 3
492564, 3
393910, 2
34527, 3
598899, 3
353037, 1
287091, 3
236559, 3
270419, 3
72764, 3
349789, 3
232060, 3
348362, 3
275802, 3
297257, 3
466291, 3
419966, 3
187457, 3
342696, 3
157574, 3
357836, 3
306479, 3
374024, 3
159642, 3
193859, 3
286179, 3
77128, 2
459788, 3
139107, 3
80913, 3
357287, 3
106350, 3
30625, 3
548580, 3
520180, 3
614915, 3
365142, 3
428019, 2
475835, 3
505912, 3
82971, 3
501102, 3
43249, 2
509273, 3
581857, 3
489737, 3
583023, 3
474902, 3
558283, 3
432774, 3
85266, 3
287708, 3
618872, 3
154232, 3
629595, 3
462287, 3
428225, 3
17126, 3
145826, 3
408607, 3
521719, 2
403984, 3
477651, 3
300098, 3
20598, 3
522019, 3
153904, 3
585413, 3
97994, 3
125069, 3
558953, 2
85467, 3
133045, 3
477175, 3
221320, 3
84505, 3
67731, 3
305097, 3
280310, 3
102289, 2
459210, 3
423749, 3
530154, 3
560249, 3
113789, 3
643455, 3
627924, 3
118240, 3
560179, 3
181632, 3
247267, 3
52126, 3
355910, 3
176492, 3
278448, 3
413975, 3
368015, 3
378135, 3
86027, 3
597033, 3
86735, 2
25824, 3
482049, 3
608417, 3
411752, 3
534817, 3
635451, 3
93388, 3
15081, 3
593485, 3
567412, 3
117352, 3
251852, 3
66653, 3
5988, 2
63335, 3
63355, 3
148383, 3
427023, 3
545273, 3
585244, 2
244533, 3
510786, 3
583129, 3
337366, 3
310526, 3
578383, 3
579509, 1
639887, 3
37528, 3
96637, 3
327850, 3
184835, 3
87152, 3
482611, 3
394887, 3
71641, 3
7537, 3
256537, 3
484584, 3
544773, 3
396956, 3
518430, 3
350385, 3
365772, 3
394390, 3
182876, 2
592547, 3
361875, 3
232192, 3
351990, 3
453511, 3
622184, 3
64654, 3
575449, 3
418171, 3
295232, 3
337742, 3
157834, 3
320022, 3
469433, 3
573532, 3
384281, 3
444024, 3
62237, 1
241190, 3
190366, 3
128323, 3
191309, 3
180628, 2
203613, 3
154620, 3
576298, 3
196450, 3
116111, 3
419504, 3
436009, 2
64412, 3
75417, 3
145302, 3
129742, 3
566959, 3
102575, 3
286749, 3
88523, 3
63285, 3
274452, 3
385582, 3
225842, 3
348519, 1
122317, 3
585077, 3
258159, 3
278024, 3
47762, 3
315112, 3
210585, 3
303598, 3
421856, 3
444193, 3
428267, 3
293089, 3
391538, 3
8627, 3
415498, 3
231804, 3
351032, 3
45852, 3
564366, 3
206407, 3
615933, 3
546205, 3
260100, 3
229039, 3
14228, 3
228748, 3
566666, 3
74030, 3
570815, 3
609915, 3
605345, 3
662202, 3
272426, 3
53066, 3
370568, 3
119353, 3
136881, 3
539751, 2
273501, 3
216307, 3
538707, 3
320284, 3
328282, 3
40103, 3
651072, 3
196588, 3
160668, 3
182580, 3
434591, 3
545575, 3
640040, 2
642993, 3
239754, 3
326332, 3
183555, 3
151651, 3
603660, 3
554919, 3
237654, 3
374034, 3
655698, 3
473046, 3
138734, 3
210319, 3
506378, 3
560545, 3
251213, 3
212834, 3
546838, 3
585097, 1
601843, 3
27075, 3
310741, 3
138870, 3
580862, 3
635826, 3
478755, 3
316037, 3
349963, 3
634772, 3
149149, 3
603181, 3
162204, 3
461841, 3
246500, 3
591323, 3
366067, 3
647879, 3
383784, 3
658477, 3
65734, 3
423973, 3
338281, 3
313338, 3
81785, 3
376228, 3
150378, 3
626734, 3
70027, 3
362056, 3
492936, 3
21560, 3
441458, 1
376828, 3
430924, 2
119031, 3
141424, 3
151484, 3
557925, 3
468592, 3
334462, 3
468494, 3
271805, 3
482176, 3
293656, 3
347743, 3
111068, 3
153357, 3
615974, 3
552877, 3
406195, 3
658051, 3
119006, 2
235483, 3
206810, 3
615145, 3
88369, 3
395081, 3
49009, 3
124515, 3
486638, 3
176512, 3
271305, 3
563181, 2
552178, 3
214206, 3
194785, 3
88646, 3
371688, 3
204993, 3
445658, 3
126727, 3
570683, 3
634815, 3
663149, 3
591154, 3
654732, 3
195219, 3
296731, 3
210964, 3
480913, 3
338891, 3
86571, 3
661203, 3
186016, 3
382140, 3
16402, 3
99276, 3
303404, 3
389248, 3
154150, 3
36995, 3
620329, 3
508611, 3
113355, 3
98864, 3
631335, 3
475925, 3
243287, 3
455581, 3
252018, 3
547073, 3
63567, 3
223595, 3
620898, 3
25383, 3
248590, 3
470517, 3
142806, 3
636774, 2
21142, 3
108760, 3
307514, 3
67984, 3
635672, 3
209608, 3
513816, 3
144492, 3
619546, 3
477829, 3
408880, 3
23552, 3
379984, 3
49274, 3
16177, 3
395075, 3
273334, 3
94132, 3
251130, 3
485770, 3
621261, 3
612756, 3
436390, 2
416040, 3
235312, 3
632184, 3
62264, 3
425929, 3
653522, 3
15170, 3
273088, 3
546882, 3
169272, 3
218702, 1
93139, 3
226828, 3
60375, 3
30873, 3
185116, 3
288669, 3
446906, 3
498016, 3
131536, 3
136121, 3
590718, 3
386138, 3
380739, 3
371069, 3
137197, 3
309244, 3
50069, 3
584394, 3
620339, 2
494984, 3
147635, 3
250011, 3
164150, 3
172139, 3
336806, 3
470075, 3
114648, 3
387769, 3
557671, 3
403025, 3
318661, 3
497955, 3
591915, 3
267575, 2
614542, 3
213721, 3
93384, 3
142248, 3
162674, 3
168182, 3
356669, 3
653061, 3
616596, 3
617675, 3
144291, 3
461979, 3
471715, 3
81075, 3
465947, 3
160783, 3
247935, 3
482962, 3
241947, 3
46045, 3
75089, 3
544434, 3
461888, 3
326797, 3
361010, 3
483672, 3
122771, 3
544276, 3
441845, 2
401456, 3
88555, 3
308387, 3
107770, 3
99086, 3
318306, 3
515412, 3
68346, 3
558455, 3
584710, 3
28340, 3
95512, 3
44050, 3
313851, 3
419973, 3
564857, 3
598654, 3
419640, 3
206693, 3
199852, 2
118960, 3
582709, 3
412658, 3
523534, 3
662673, 1
1224, 3
203319, 3
642547, 3
493526, 3
346858, 3
154714, 3
199644, 2
59721, 3
115860, 3
179998, 3
498769, 1
211893, 2
61178, 3
559502, 2
152937, 2
136142, 3
9409, 3
46736, 3
175114, 3
407105, 3
71361, 3
115403, 2
479008, 3
560037, 3
499598, 3
88198, 3
211458, 3
467491, 3
320851, 3
146543, 3
33417, 3
237977, 3
266122, 3
438610, 3
391905, 3
625426, 3
636765, 3
181151, 3
443623, 3
430722, 2
489379, 3
605958, 3
74909, 3
394125, 3
14640, 3
584038, 3
396859, 2
491411, 3
203889, 3
106838, 3
199180, 3
378022, 3
34193, 3
184462, 2
361149, 3
454960, 3
476123, 3
200896, 3
277075, 3
78136, 3
404944, 3
324587, 3
61865, 3
465516, 1
37486, 3
310528, 3
469525, 3
503717, 3
404490, 3
167812, 3
558411, 3
188183, 3
599914, 3
465684, 3
275560, 3
197338, 3
173657, 3
145162, 3
345274, 3
472858, 2
246408, 3
318645, 3
585317, 3
631739, 3
543942, 3
210914, 3
653648, 2
512108, 3
495244, 3
90533, 3
72882, 2
87538, 3
354210, 3
330374, 3
309777, 3
465320, 1
149365, 3
628226, 3
230220, 3
580924, 3
248257, 3
560600, 3
221381, 3
302133, 3
260268, 3
299802, 3
448609, 2
218224, 3
521303, 3
217821, 3
27183, 3
95712, 3
102912, 3
618759, 3
452474, 3
336375, 3
575045, 1
352448, 3
471923, 1
412674, 3
188984, 3
224520, 3
608163, 3
262333, 3
531126, 3
5078, 3
106540, 3
315991, 3
448778, 3
346825, 3
222721, 3
129954, 3
413795, 3
121019, 3
183869, 3
147197, 3
329794, 3
528156, 1
129128, 3
82861, 3
1661, 3
297218, 1
259266, 3
182850, 3
93292, 2
592374, 3
501468, 3
245781, 3
112686, 3
330394, 3
409777, 3
239528, 3
368906, 3
189324, 3
380418, 3
127586, 3
157757, 3
190030, 3
539059, 3
555820, 3
35521, 3
366226, 3
111409, 3
306684, 3
71244, 3
562277, 3
88834, 3
77703, 3
618038, 3
92078, 2
74513, 3
42225, 3
323644, 3
486643, 3
600856, 3
304510, 3
637277, 3
102254, 3
303937, 3
399362, 3
382151, 3
111500, 3
609831, 2
456274, 3
98497, 1
140418, 3
100655, 3
163247, 3
80425, 3
492264, 3
132325, 3
158044, 3
561866, 3
160479, 3
360803, 3
426867, 3
340733, 3
34271, 3
51858, 3
625380, 2
512557, 3
207689, 3
121728, 3
359123, 3
524394, 3
151831, 3
317387, 3
631394, 3
212422, 3
518632, 3
596062, 3
141723, 3
193576, 3
99667, 3
105908, 3
129790, 3
606273, 3
221539, 3
641948, 3
55693, 3
23389, 3
464066, 3
271362, 3
225596, 3
599213, 3
580627, 3
372485, 3
83548, 3
146901, 2
501919, 3
609687, 3
290620, 3
499157, 3
311889, 3
289427, 3
391793, 3
137855, 3
218787, 3
225098, 3
540673, 3
1946, 3
46182, 3
177321, 3
284066, 3
318691, 3
199309, 3
350680, 3
334681, 3
189135, 3
421699, 3
592812, 3
99625, 3
626699, 3
633935, 3
221155, 3
4669, 3
527004, 2
531907, 3
249722, 3
369618, 3
273558, 3
508393, 3
414065, 3
613479, 3
496709, 3
170558, 3
133586, 3
415251, 2
508451, 3
266017, 2
227289, 3
42710, 3
166747, 3
266567, 3
509491, 3
643974, 3
251252, 3
570771, 3
142755, 3
651413, 3
245339, 2
280906, 2
502309, 3
492793, 3
178655, 3
585691, 3
189886, 3
148752, 3
84999, 3
335320, 3
308813, 3
372240, 3
539845, 3
622572, 3
293980, 3
56181, 3
107280, 3
46490, 3
14255, 3
158538, 3
599380, 3
173597, 3
306061, 3
610063, 3
222716, 3
647197, 3
397238, 3
411190, 3
508671, 3
391, 3
145186, 3
129208, 3
501986, 3
171069, 3
431554, 3
181860, 3
505789, 3
155866, 3
653514, 3
622361, 3
570066, 3
15527, 3
478031, 3
323882, 2
287817, 3
409987, 3
426263, 3
455148, 3
454191, 3
533520, 3
453037, 2
605809, 3
456489, 3
484232, 3
202687, 3
29503, 3
81598, 3
64220, 3
595820, 3
250265, 3
268006, 3
86917, 3
381689, 3
150477, 3
310670, 3
455110, 3
521071, 3
379602, 3
537244, 3
525625, 3
630488, 3
370183, 3
17467, 3
437905, 3
208427, 2
579648, 3
611849, 1
178687, 3
397481, 3
369927, 3
301324, 2
381643, 2
270010, 3
578167, 3
406499, 3
275219, 3
492875, 3
501866, 3
502802, 3
603534, 3
317371, 3
498179, 3
653520, 3
438037, 3
118605, 3
438900, 3
68101, 3
400906, 3
540382, 2
412969, 3
404902, 3
265690, 3
125443, 3
105788, 3
79992, 3
541897, 3
226413, 2
159590, 3
84270, 3
308656, 3
294863, 3
159862, 3
576650, 3
52017, 3
85885, 3
496381, 3
471806, 3
341791, 3
83125, 3
462619, 3
14777, 3
34601, 3
155566, 3
154836, 3
595215, 3
103723, 2
3469, 3
398323, 3
83320, 3
63672, 3
41726, 3
633735, 3
410596, 3
562433, 3
43243, 3
476443, 3
155121, 3
140638, 3
653915, 3
319336, 3
592068, 3
633743, 3
111090, 3
107079, 3
286329, 3
364095, 3
260477, 3
37652, 2
387683, 1
138384, 3
574923, 3
552899, 3
209120, 3
280566, 3
251007, 3
190896, 3
500185, 3
508827, 3
365813, 3
368545, 3
226020, 3
407063, 3
613603, 3
573493, 3
661376, 3
62624, 3
498487, 3
44070, 2
155787, 3
51978, 3
598445, 3
493676, 3
102792, 3
139876, 3
372701, 3
262636, 3
419163, 3
112197, 3
578402, 3
178563, 3
124219, 3
229640, 3
644123, 3
218427, 3
610934, 3
59204, 3
74809, 3
353890, 3
553312, 3
511521, 3
533865, 3
64514, 3
515632, 3
648950, 3
512113, 3
265175, 3
604750, 3
571876, 3
629995, 3
51002, 3
533449, 3
209538, 3
28226, 3
54523, 1
383783, 3
448664, 3
386143, 2
210360, 3
138279, 3
8054, 3
321897, 3
93845, 3
140028, 3
43864, 3
638901, 3
111758, 3
170838, 3
152201, 3
273980, 3
174012, 3
167888, 3
616185, 3
511159, 3
221884, 3
574226, 3
387057, 3
485333, 3
650297, 3
436174, 3
192940, 3
62693, 3
149822, 3
378203, 3
654128, 3
587624, 3
50027, 3
104573, 3
226486, 3
282960, 3
236909, 2
328427, 2
528749, 3
336873, 3
550022, 3
224963, 3
337559, 3
84091, 3
433773, 3
214122, 3
313373, 3
606501, 3
15512, 3
234252, 3
399732, 3
487590, 3
192301, 3
153059, 3
290189, 3
175031, 3
595227, 3
346935, 3
526166, 3
46787, 3
1182, 3
551529, 3
230819, 3
4970, 3
559118, 3
129492, 3
142987, 3
269328, 3
99454, 3
152977, 3
254099, 3
75002, 3
74982, 3
26237, 3
630332, 3
414596, 3
109562, 3
21580, 3
300479, 3
341119, 3
534145, 3
632361, 2
8823, 3
322489, 3
302241, 3
454194, 3
392382, 3
273581, 3
230441, 3
500121, 3
303590, 3
594764, 1
180472, 2
111294, 3
437828, 3
653697, 3
516007, 3
204533, 3
433283, 3
163252, 3
591501, 3
381599, 3
250047, 3
501155, 3
479736, 3
547379, 1
134025, 3
8324, 3
272354, 3
238139, 3
417355, 3
437893, 3
605473, 3
211078, 3
546013, 3
355293, 3
232542, 3
93812, 3
654538, 2
643053, 3
26903, 3
401353, 3
405506, 3
118993, 3
257182, 3
173181, 3
56301, 3
587131, 3
583450, 3
246238, 3
518261, 3
357852, 3
200994, 3
353720, 3
540941, 3
7757, 3
371135, 3
400175, 3
118183, 3
5706, 3
462581, 1
246776, 3
464033, 3
552343, 3
489601, 3
274628, 3
442936, 3
357384, 3
360508, 3
137320, 3
227231, 2
638954, 3
128318, 3
577654, 3
89289, 3
596693, 3
209667, 1
632712, 3
568265, 3
1507, 3
435437, 3
127616, 3
278975, 3
388225, 3
225636, 3
216955, 3
549645, 3
553796, 3
255406, 3
334523, 3
118128, 3
85942, 1
618801, 2
633948, 3
284124, 3
369057, 3
323065, 3
91505, 3
11299, 3
528435, 3
546869, 3
323343, 3
223547, 1
248548, 3
129204, 3
186325, 3
308355, 3
32426, 3
350206, 3
509070, 3
409172, 3
229156, 3
472552, 3
128563, 3
338898, 3
152549, 3
178444, 3
154741, 3
67157, 3
578791, 3
444267, 3
81744, 3
87260, 3
435713, 3
150225, 3
208594, 3
492568, 3
230998, 3
209297, 3
389833, 3
580912, 3
189935, 3
555830, 3
351157, 3
526860, 3
177526, 3
116204, 3
50993, 3
305257, 3
253992, 3
235507, 3
418288, 3
154025, 3
381909, 3
237580, 3
149234, 3
261836, 2
586418, 2
606487, 3
555141, 3
60321, 3
138029, 3
448755, 3
609389, 3
50407, 3
106690, 3
153695, 3
565555, 3
357969, 3
467255, 3
104962, 3
664123, 3
553571, 3
375720, 3
396201, 3
420811, 3
292050, 3
289403, 3
520777, 3
149331, 3
407188, 3
498200, 3
565283, 2
457168, 3
259001, 2
181424, 3
526175, 3
482185, 3
10009, 3
604279, 3
546168, 3
254533, 3
517019, 3
463420, 3
212266, 3
659819, 3
208224, 3
375058, 3
76283, 3
516001, 3
168241, 3
451440, 3
158674, 3
497184, 3
96360, 3
310768, 3
155810, 3
153216, 3
483280, 3
574136, 3
462144, 2
268552, 3
266753, 3
580326, 3
285590, 3
187222, 3
368689, 3
95718, 3
664701, 3
43302, 3
458334, 3
449720, 3
154527, 3
514875, 3
502948, 3
64994, 3
132019, 3
607949, 3
2336, 3
144137, 3
35134, 3
537541, 3
225360, 3
39019, 3
531416, 3
287439, 3
185899, 2
559919, 3
47010, 3
204933, 3
98151, 3
559184, 3
10106, 3
295550, 3
649622, 3
243546, 3
243524, 3
177656, 3
281062, 3
311769, 1
349363, 3
615134, 3
241016, 3
18092, 3
608596, 3
261692, 3
10588, 3
77169, 3
480147, 3
225907, 3
100670, 3
11960, 3
339623, 3
58645, 3
243880, 3
606698, 3
186522, 3
63085, 3
301127, 3
414473, 3
501220, 3
250925, 3
621432, 3
285152, 3
581687, 3
278283, 3
515228, 3
338164, 3
279160, 3
510602, 3
31899, 3
214229, 3
609556, 3
80277, 3
418710, 3
188655, 3
78949, 3
195306, 3
355366, 3
155045, 3
74618, 2
654361, 3
479006, 3
265167, 3
269184, 3
645528, 3
300644, 3
504214, 3
169802, 3
109019, 3
90535, 3
322539, 3
20237, 3
347604, 3
566556, 3
224832, 3
354240, 3
67233, 3
409177, 3
86007, 3
87150, 3
361075, 3
637675, 3
352166, 3
319126, 3
621384, 3
430911, 3
341197, 3
506282, 3
485137, 3
337639, 3
561458, 3
532372, 3
532076, 3
329698, 3
504359, 3
572682, 3
563174, 2
247436, 3
447866, 2
330370, 3
224391, 3
423195, 3
604027, 3
613928, 3
90489, 3
465636, 3
229553, 3
399184, 3
461692, 3
507928, 3
206545, 3
620515, 3
326980, 3
604189, 3
527674, 3
552658, 3
159469, 3
114213, 3
131747, 3
422023, 3
55145, 3
20293, 3
352636, 3
320423, 3
111081, 3
172024, 3
529750, 2
509655, 3
86820, 3
379356, 3
544111, 3
281304, 3
59494, 2
2302, 3
195607, 3
121370, 3
564306, 3
281701, 3
14960, 3
87800, 3
551192, 3
546710, 3
385867, 3
647247, 3
168289, 3
581111, 3
631649, 3
73250, 2
44428, 3
639723, 3
327925, 3
404386, 3
220847, 3
42479, 3
8763, 3
458850, 3
359020, 3
519976, 3
215693, 3
533430, 3
619621, 3
43226, 1
82839, 3
381593, 3
2076, 3
626155, 3
168479, 3
150811, 3
302954, 3
625046, 3
118934, 3
429556, 3
75634, 3
209241, 3
23130, 3
632010, 3
127376, 3
663106, 3
193306, 3
131321, 3
352523, 3
462913, 3
613027, 3
69833, 3
16051, 3
241352, 3
509268, 1
465785, 3
481425, 3
172214, 3
26032, 3
317751, 3
334732, 3
344220, 3
74438, 3
237795, 3
513817, 3
241477, 3
410833, 3
427361, 3
524072, 3
171153, 3
192629, 3
627562, 3
595172, 3
271490, 3
456567, 3
460617, 3
332264, 3
143845, 3
590303, 2
438511, 3
357332, 3
153355, 3
193679, 3
22323, 3
618039, 3
132291, 3
357710, 3
257124, 3
356925, 3
329959, 3
178977, 3
511114, 3
25447, 3
71140, 3
647888, 3
590756, 3
465308, 3
578232, 1
578541, 3
37327, 3
602973, 3
106890, 3
480940, 3
302612, 3
259007, 3
578137, 3
398728, 3
525752, 3
408865, 1
594377, 3
177542, 2
405828, 3
36428, 3
395599, 3
148029, 3
294650, 3
111273, 3
427330, 3
659757, 3
413496, 3
189434, 3
545310, 3
623976, 3
170251, 3
291245, 3
611485, 3
534361, 3
514243, 3
418990, 3
440960, 2
363035, 3
212715, 3
357089, 3
167421, 3
256210, 3
576133, 3
540768, 3
603566, 3
471550, 2
260307, 3
648472, 3
556968, 3
397848, 3
81392, 3
215810, 3
295307, 3
500498, 3
375021, 3
356060, 3
373248, 3
620148, 3
591744, 3
435657, 3
492966, 3
15107, 3
632848, 3
496480, 3
326491, 3
78214, 3
410567, 3
617480, 3
258525, 3
322718, 3
665323, 3
359318, 3
431252, 3
216700, 1
429770, 3
95207, 3
409140, 3
493790, 3
129346, 3
117349, 3
231046, 3
40511, 3
639968, 3
49168, 3
577438, 3
553759, 3
217586, 3
159310, 3
623692, 3
175752, 3
109564, 3
99165, 3
288427, 3
496996, 3
505534, 3
79652, 3
247524, 3
663693, 3
504150, 3
186045, 3
212417, 1
565210, 2
21805, 3
579042, 3
21635, 3
452898, 3
73917, 3
100778, 3
300617, 3
305023, 3
655271, 3
614323, 3
585841, 3
259666, 3
610462, 3
390284, 3
601540, 3
596622, 3
188927, 3
396056, 3
169996, 3
516726, 3
188218, 3
322552, 3
550732, 3
198464, 3
211585, 3
55309, 1
308034, 3
572434, 3
499743, 3
344396, 3
151308, 3
285221, 3
446383, 3
12083, 3
29422, 3
523477, 3
38501, 3
79628, 3
503192, 3
495512, 3
632033, 3
345723, 3
533565, 3
642452, 3
20779, 3
133372, 3
94292, 3
130087, 3
535264, 3
477609, 3
373428, 3
216780, 3
306052, 3
57596, 3
591831, 3
618151, 3
354362, 3
389053, 3
114966, 3
332470, 3
287736, 3
236198, 3
80055, 3
135578, 3
560298, 3
493130, 3
557015, 3
314473, 3
133778, 3
87297, 3
612846, 3
634513, 3
338436, 3
264408, 3
459607, 3
102810, 3
246023, 3
210728, 3
582165, 3
188296, 3
195702, 3
95809, 3
61604, 3
596559, 3
10445, 3
651983, 3
498702, 3
515336, 3
114057, 3
413579, 3
153815, 3
264218, 3
581347, 3
27351, 3
29786, 3
412537, 3
199224, 3
657958, 3
357245, 3
647108, 3
58566, 3
381446, 3
162062, 3
536177, 3
111801, 2
459078, 3
501716, 3
633535, 3
496973, 3
8751, 3
86686, 3
657058, 3
485715, 3
16196, 3
416430, 3
644957, 3
507279, 3
144006, 3
307240, 3
58896, 3
344362, 3
264377, 1
247689, 3
632889, 3
617242, 3
279805, 3
545476, 3
589254, 3
647511, 3
52827, 3
21658, 3
502012, 3
624542, 3
593722, 3
119120, 3
643238, 3
268960, 3
98702, 3
578160, 3
361785, 3
636099, 3
551893, 3
404559, 3
101657, 3
416581, 3
636266, 3
663247, 3
449762, 3
536836, 3
142215, 3
519494, 3
339984, 3
650477, 3
70760, 3
576051, 3
351602, 3
602961, 3
605032, 3
474512, 3
125943, 3
177639, 3
158467, 3
403335, 3
530622, 1
23949, 3
511796, 3
213545, 3
367268, 3
536076, 3
658859, 3
420674, 3
365489, 3
383853, 3
502594, 3
260107, 1
148493, 3
284860, 3
249617, 3
355225, 3
307046, 3
227761, 3
202415, 3
127853, 3
13967, 3
269169, 2
123075, 2
181329, 3
584743, 3
90229, 3
4953, 3
326104, 3
302510, 3
194822, 3
587377, 3
10337, 3
445285, 3
13118, 3
637660, 3
435954, 3
410530, 3
608211, 3
582381, 3
592586, 3
360528, 3
63771, 3
448460, 3
599782, 3
576807, 3
26649, 3
188098, 3
426659, 3
93475, 3
452896, 3
285732, 3
2287, 3
482050, 3
525614, 3
372601, 3
435911, 3
328950, 3
140755, 3
380699, 3
320233, 3
216162, 3
598749, 3
272091, 3
381117, 3
434613, 3
603477, 3
145383, 3
249115, 3
124007, 3
467580, 3
322254, 3
213243, 3
376142, 3
48780, 3
343770, 3
338118, 3
522647, 2
10679, 3
392229, 3
537662, 3
558266, 3
433054, 3
263668, 3
518876, 3
96727, 3
129098, 3
160405, 3
556536, 3
482527, 3
336828, 3
315293, 3
317287, 3
458976, 3
528859, 3
309922, 3
381637, 3
659830, 3
557091, 3
75532, 3
550974, 3
208493, 3
102016, 3
349238, 3
599283, 3
156194, 3
206832, 3
285235, 3
427342, 3
222283, 3
163125, 3
110585, 3
341278, 3
358323, 3
415725, 3
651279, 3
488672, 3
196210, 3
657828, 3
528643, 3
131354, 3
334901, 3
98629, 3
518537, 3
326969, 3
95129, 3
108386, 3
242022, 3
494020, 3
301109, 3
137152, 3
22664, 3
553255, 3
458300, 3
590043, 3
250411, 3
186316, 3
622542, 3
34090, 3
344504, 2
93522, 3
456135, 3
155759, 3
142869, 3
261045, 3
178116, 3
447810, 3
230246, 3
501634, 3
183320, 3
615038, 3
302979, 3
389035, 3
9537, 3
17566, 3
436818, 3
255267, 3
12906, 3
62622, 2
621007, 3
363070, 3
223055, 3
629139, 3
638995, 3
498851, 3
150129, 3
551789, 3
614761, 3
1739, 3
278088, 3
26411, 3
121555, 3
471368, 3
118044, 3
105131, 3
260547, 3
367096, 3
75946, 3
135909, 3
56365, 2
423115, 3
531027, 3
162131, 3
420126, 3
472289, 3
476502, 3
420686, 3
278347, 3
356541, 2
513544, 3
457176, 2
75329, 3
158385, 3
425197, 2
215310, 3
627576, 3
206150, 3
153852, 3
176753, 3
392639, 3
100837, 3
91119, 3
567440, 3
374132, 3
448277, 3
661043, 3
256629, 3
22275, 3
253077, 3
122593, 3
432644, 3
508114, 3
617569, 3
343868, 3
237175, 3
627931, 3
52005, 3
163093, 3
599515, 3
435940, 3
436761, 3
497353, 3
126636, 3
96458, 3
418379, 3
487515, 3
620296, 3
526669, 3
362780, 3
388414, 3
570579, 2
90406, 3
305134, 3
365228, 3
301441, 2
581337, 3
264817, 3
579232, 3
276577, 3
315284, 3
617822, 3
583629, 3
130126, 3
468753, 3
107784, 3
467103, 3
304587, 3
575337, 3
179272, 2
522958, 1
182729, 3
213395, 3
224052, 3
522790, 3
191331, 3
298875, 3
340538, 3
72436, 3
652948, 3
56175, 3
468133, 3
409705, 3
173844, 3
580547, 3
481821, 3
604352, 3
41449, 3
360699, 3
247589, 3
292971, 3
118129, 3
492635, 3
324059, 3
582649, 3
653417, 3
513608, 3
118168, 3
398104, 3
533821, 3
215612, 3
304709, 3
504709, 3
390296, 3
524644, 3
629566, 3
110456, 3
259822, 3
95165, 3
144673, 3
366287, 3
604773, 3
166671, 3
116679, 3
278056, 3
322910, 3
497815, 3
280241, 3
641784, 3
116613, 3
120160, 3
28348, 3
611732, 3
255764, 3
325812, 3
190564, 3
240893, 3
415619, 3
635423, 3
652074, 3
109016, 3
196483, 3
519747, 3
155083, 3
454366, 3
216208, 3
499321, 3
621403, 3
626864, 3
15528, 3
279496, 3
226882, 3
165303, 3
434716, 3
603301, 3
603239, 3
144952, 3
519018, 3
121371, 3
426014, 3
298098, 3
188523, 2
349265, 3
344492, 3
501606, 3
468871, 3
470022, 3
525650, 3
52, 3
603874, 3
176593, 3
42602, 3
350880, 3
72643, 3
210530, 3
537567, 3
82096, 3
479370, 3
185433, 3
385995, 3
317224, 3
390008, 1
608898, 3
357591, 3
122010, 3
142644, 3
282615, 3
421700, 3
269068, 3
194505, 3
81807, 3
180189, 3
120345, 3
619980, 3
419714, 3
530625, 2
356953, 3
129749, 2
362525, 3
502476, 3
924, 3
334153, 3
320068, 3
104914, 3
189559, 3
538009, 3
137209, 2
426481, 2
87835, 3
546544, 3
35697, 3
129681, 3
59560, 3
375821, 3
566213, 3
321348, 3
482166, 3
223198, 3
583307, 3
252904, 3
585820, 1
237636, 3
343557, 3
143305, 3
187411, 3
390124, 3
274525, 3
518919, 3
555677, 3
640641, 3
583555, 3
356227, 3
554790, 3
295124, 3
205204, 3
169551, 3
559999, 3
351632, 3
652784, 3
662701, 3
635297, 3
100781, 3
555056, 3
623690, 3
535098, 3
466871, 3
379215, 3
564715, 2
525477, 3
507358, 3
130147, 2
454163, 3
619707, 3
393382, 3
556306, 3
628801, 3
43541, 3
630193, 3
569774, 3
202865, 3
248287, 3
245563, 3
171470, 3
103874, 3
204922, 3
251821, 3
251549, 3
624111, 3
454610, 3
226136, 3
353314, 3
125896, 3
154596, 3
74503, 3
65004, 3
354635, 3
248173, 3
489052, 3
191351, 3
232228, 3
450675, 3
24472, 3
377604, 3
381362, 3
386685, 3
560216, 3
490733, 3
127341, 3
144577, 3
237547, 3
318258, 3
92522, 2
22893, 3
416930, 3
519726, 3
592920, 3
187390, 3
109348, 3
444336, 3
383662, 3
74782, 3
616293, 3
595767, 3
437293, 3
137274, 3
268452, 3
65715, 3
252475, 3
364252, 3
199252, 3
70871, 3
416952, 3
645339, 3
209362, 3
649975, 3
93943, 3
156642, 3
3798, 3
80671, 3
403091, 3
241329, 3
548283, 3
399618, 3
377890, 3
480520, 3
363606, 3
243918, 3
114926, 3
25980, 3
516293, 3
124977, 3
125523, 2
594783, 3
93421, 3
601776, 3
555385, 3
293597, 3
115408, 3
233376, 3
350378, 3
426842, 3
388128, 3
16744, 3
27629, 3
433043, 3
132621, 3
571759, 3
595310, 3
613938, 3
21589, 3
214635, 3
600812, 3
656298, 3
88694, 3
48130, 3
555531, 3
598895, 3
258497, 3
147741, 3
594307, 3
623902, 3
221225, 3
610898, 3
248951, 3
223865, 1
75175, 3
226348, 3
12514, 3
629994, 3
636125, 3
415959, 3
470450, 3
133170, 3
396144, 3
542937, 3
305899, 3
479973, 3
76354, 3
268352, 3
89082, 3
363560, 3
40104, 3
646381, 3
16623, 3
315641, 3
199637, 3
165163, 3
357995, 3
120859, 3
157482, 3
277088, 3
527450, 3
298118, 3
443459, 3
558364, 3
468176, 3
173259, 3
604919, 3
111636, 3
610350, 3
621366, 3
469830, 3
152273, 3
395678, 3
439011, 3
376492, 3
259997, 2
274326, 3
417378, 2
138822, 3
329061, 3
271422, 3
46912, 3
201400, 2
510265, 3
22717, 3
350387, 3
576600, 3
38297, 3
503863, 3
522151, 3
342585, 3
151468, 3
614287, 3
617896, 3
497281, 3
314836, 3
375180, 3
426649, 3
427920, 3
78730, 3
313520, 3
69310, 3
76887, 2
524732, 3
418009, 3
535519, 3
131208, 3
522623, 3
369428, 3
137705, 3
651288, 3
576165, 2
398841, 3
172249, 3
292588, 3
470173, 3
259137, 3
82028, 3
199135, 3
601523, 3
255547, 3
27465, 3
647217, 3
168028, 3
659875, 1
108791, 3
487284, 3
261945, 3
150848, 3
620625, 3
118999, 3
460178, 3
353393, 2
311484, 3
626716, 3
56056, 3
38293, 3
452495, 3
201844, 3
236453, 3
251756, 3
65167, 3
69570, 3
617988, 2
336643, 3
629912, 3
28078, 3
469166, 3
626996, 3
457744, 3
476712, 3
350817, 3
497704, 3
141803, 3
521959, 2
5454, 3
164369, 3
254931, 3
377406, 3
62932, 3
113324, 3
63431, 3
424484, 3
169547, 3
347728, 3
262893, 3
614936, 2
531393, 3
623451, 2
525085, 3
73522, 3
286217, 3
200826, 3
260294, 3
501159, 3
155857, 3
103777, 3
184276, 3
311409, 3
518083, 3
137932, 3
292939, 3
29112, 3
307178, 3
122555, 3
263105, 3
112270, 3
495589, 3
156159, 3
483968, 3
206237, 3
211691, 3
70499, 3
629519, 3
429855, 3
324818, 3
318254, 3
79921, 3
130567, 2
555, 3
172707, 3
478358, 3
436076, 3
164656, 3
481961, 3
376727, 3
333241, 1
365069, 3
356102, 3
98982, 3
450262, 3
436272, 3
466937, 3
303253, 3
294014, 3
514832, 3
1318, 3
656412, 3
327233, 3
664596, 3
428329, 2
630952, 3
317209, 3
63492, 3
81733, 3
62153, 3
245192, 3
406828, 3
341666, 3
88947, 3
13201, 3
514927, 3
195542, 3
274976, 3
466038, 3
252628, 3
162710, 3
630994, 3
301281, 3
438945, 3
355260, 2
441539, 1
406916, 3
287100, 3
30252, 3
19244, 3
316937, 3
341160, 3
193309, 3
180519, 2
448059, 3
330268, 3
209596, 3
623815, 3
523968, 3
189491, 3
198684, 3
190020, 3
309324, 3
546812, 3
330558, 3
309547, 3
278533, 3
36661, 3
530641, 1
310411, 3
124088, 3
380790, 3
250525, 3
195539, 3
396685, 2
347425, 3
327007, 3
578373, 3
268778, 3
516148, 3
221929, 3
262429, 2
369102, 3
351152, 3
248666, 3
113243, 3
634435, 3
429422, 3
619846, 3
69390, 3
271606, 3
563860, 3
460918, 3
413819, 3
616181, 3
365027, 3
205421, 3
286649, 3
67250, 3
14842, 3
218823, 3
200894, 3
483371, 3
15159, 3
637801, 3
152693, 3
367317, 3
478722, 3
108785, 3
89475, 1
597246, 1
636582, 3
599852, 3
183695, 3
502785, 3
648200, 3
143673, 3
407759, 3
368772, 3
14856, 3
510941, 3
367879, 3
427438, 3
507499, 3
470735, 2
331256, 3
542379, 3
47908, 3
503449, 3
132179, 3
124487, 3
503456, 3
269891, 3
630098, 3
365884, 3
89550, 3
425540, 3
242533, 3
325736, 3
518529, 3
287433, 3
608729, 3
297332, 3
171801, 3
496714, 3
362864, 3
591841, 3
215633, 3
479127, 3
22189, 3
420753, 3
381173, 3
535370, 3
143140, 3
505875, 3
480238, 3
624154, 3
526470, 3
370984, 3
337151, 3
53682, 3
114107, 3
358340, 3
840, 3
462055, 3
200727, 3
186676, 3
273875, 3
217235, 3
380282, 3
54062, 3
542815, 3
594325, 3
475410, 3
22435, 3
292607, 3
568722, 3
453825, 3
272335, 3
381071, 3
465729, 3
93662, 3
597563, 3
192585, 3
382083, 3
438528, 3
78579, 3
263762, 3
166151, 3
261992, 3
457922, 3
538518, 3
623116, 2
167546, 3
202868, 3
104039, 3
339083, 3
109744, 3
132559, 3
622593, 3
50534, 3
51270, 3
572619, 1
417655, 3
358639, 3
343928, 3
101819, 1
112995, 3
340480, 3
589588, 3
266707, 3
233771, 3
300023, 3
104864, 3
141523, 3
423733, 3
67005, 3
263253, 3
192283, 3
618654, 3
373260, 3
8938, 3
194111, 3
252535, 2
601882, 3
43191, 3
91449, 3
263590, 3
542758, 3
311734, 3
551971, 3
638834, 3
498492, 3
186739, 3
249838, 3
542054, 3
137667, 3
266622, 3
498881, 3
72509, 3
291430, 3
500067, 3
103421, 3
320353, 3
313793, 3
536043, 3
108514, 3
13701, 3
642744, 3
396767, 3
300827, 2
178471, 3
321652, 3
264984, 3
236128, 3
640109, 3
304711, 3
608284, 3
602174, 3
497731, 3
399636, 3
616634, 3
387657, 3
534486, 3
53114, 3
523067, 1
349444, 3
520793, 3
294160, 3
497296, 2
63763, 3
208113, 3
642657, 3
164118, 3
445236, 3
356204, 3
541625, 3
411331, 3
500555, 3
301304, 3
472372, 3
278704, 3
71675, 3
109515, 3
295168, 3
535292, 3
46111, 3
303531, 3
575930, 3
7320, 3
664309, 3
167682, 3
591622, 3
388047, 2
104023, 3
512206, 3
200162, 3
55235, 3
597151, 3
151669, 3
481134, 3
433077, 3
394702, 3
364804, 3
499719, 3
658672, 3
163476, 3
77813, 3
488376, 3
434245, 3
1820, 3
150726, 3
198406, 3
430608, 2
107195, 3
298481, 3
113743, 3
50458, 3
133905, 3
228620, 3
545261, 3
468296, 3
137777, 3
58495, 3
539429, 3
527105, 3
435733, 3
85245, 3
44836, 1
86617, 3
99802, 3
122864, 3
640577, 3
652923, 3
416921, 3
85674, 3
273801, 3
577661, 3
439409, 3
326064, 3
245088, 3
233474, 3
573921, 3
121994, 3
13981, 3
597176, 3
112505, 3
37174, 3
387982, 3
452961, 3
45219, 3
661253, 3
392227, 2
286058, 3
103551, 3
242265, 3
249221, 3
91029, 3
635534, 3
438938, 3
578924, 3
529032, 3
302797, 3
442291, 3
36371, 3
627028, 3
639687, 3
459144, 3
57266, 3
125402, 3
512851, 3
512050, 3
530362, 3
550934, 3
526029, 3
116760, 3
74473, 3
369762, 3
311222, 3
263643, 3
355116, 3
604169, 1
411081, 3
114986, 3
569869, 3
41611, 3
463109, 3
655210, 3
496923, 3
237370, 3
508103, 3
549585, 3
607967, 3
347654, 3
572032, 3
607786, 3
446348, 3
31500, 3
492070, 3
465878, 3
567595, 3
189195, 3
208973, 3
431077, 3
483035, 3
81868, 3
231705, 3
168913, 3
393467, 3
435377, 3
658505, 3
610568, 3
217787, 3
662139, 3
212132, 3
7707, 3
67835, 3
325931, 3
227067, 3
337764, 3
118530, 3
192550, 3
317139, 3
278697, 3
568743, 2
342229, 3
523220, 2
146067, 3
64848, 3
181084, 3
423956, 3
459672, 3
517395, 3
573116, 3
535547, 3
169093, 3
551028, 3
151077, 3
353068, 3
393718, 1
559796, 3
536449, 3
116225, 3
661959, 3
235975, 3
655030, 3
48050, 3
148069, 3
596585, 3
71169, 2
16178, 3
210261, 3
112414, 3
21237, 3
292021, 3
237235, 3
308700, 3
358338, 3
256954, 3
446493, 3
344174, 3
366624, 3
227258, 3
152319, 3
588258, 3
375288, 3
87018, 3
243849, 3
597731, 3
507717, 3
350951, 3
204056, 3
251547, 3
289117, 3
548819, 3
639840, 3
411637, 3
129766, 3
590126, 3
425189, 3
455955, 3
489559, 3
154384, 3
558247, 3
381672, 3
68595, 3
81298, 3
392493, 3
328080, 3
286659, 3
333995, 3
215892, 2
164016, 3
598603, 3
635270, 3
66639, 3
348978, 3
186924, 3
352733, 3
433824, 3
265281, 2
53862, 3
438684, 3
81821, 3
361974, 3
467819, 3
367643, 3
448919, 3
405412, 3
64479, 3
258672, 3
461786, 3
25580, 3
236333, 3
588144, 3
644457, 3
625964, 3
473136, 3
373745, 3
52522, 3
251312, 3
521237, 3
562371, 3
272645, 3
451307, 3
13079, 3
373391, 3
197384, 3
648489, 3
460687, 3
107695, 3
545902, 3
367411, 2
105500, 3
126776, 3
303387, 3
232037, 3
144265, 3
25339, 3
616136, 3
264871, 2
628280, 3
274406, 3
43058, 3
600741, 3
22985, 3
505231, 3
286852, 3
489595, 3
481729, 3
127411, 3
578782, 3
382697, 3
550120, 3
218264, 3
370499, 3
380074, 3
11650, 3
404913, 3
166828, 3
502203, 3
173164, 3
405310, 3
400641, 3
49952, 3
664295, 2
296061, 3
474235, 3
322001, 3
293852, 3
432760, 3
539522, 3
185259, 3
113155, 3
554674, 3
446160, 3
183356, 3
573618, 3
389209, 3
195299, 3
284420, 3
536472, 3
169659, 3
312095, 3
333690, 3
443930, 3
427948, 2
158820, 3
563950, 3
526829, 3
243618, 3
592044, 3
482051, 3
201611, 3
259473, 3
647613, 3
550857, 3
597819, 3
219434, 3
31090, 3
628660, 2
277976, 3
503965, 3
367687, 1
364, 3
151386, 3
617571, 3
36444, 3
471566, 3
15358, 3
287071, 3
611433, 3
97245, 3
476769, 3
450007, 3
613967, 3
437590, 3
440930, 3
372516, 3
465161, 3
527618, 3
172759, 3
615915, 3
660485, 3
501992, 3
217730, 3
593376, 3
433060, 3
494325, 3
252211, 3
316561, 3
614858, 3
174754, 3
537724, 3
265711, 3
169118, 3
404528, 3
317104, 2
345622, 3
354587, 3
616137, 1
162769, 3
15190, 3
211391, 3
140553, 3
284684, 3
630808, 3
177833, 1
319100, 3
15599, 3
425491, 3
223426, 3
638841, 3
604753, 3
39969, 3
21305, 3
347255, 3
366522, 3
252202, 3
375528, 3
4283, 3
285379, 3
55699, 3
14823, 3
58787, 3
515801, 3
198423, 3
456924, 3
653030, 3
655136, 3
590419, 3
429874, 3
534215, 3
151778, 2
363359, 3
624076, 3
414114, 3
303661, 3
341988, 3
332822, 3
149274, 3
127682, 3
342016, 3
341901, 3
430816, 3
3843, 3
62028, 3
159962, 3
571743, 3
467974, 3
588852, 3
79578, 3
43881, 3
77702, 3
285479, 3
85468, 3
446842, 3
286371, 3
9508, 3
221394, 3
389773, 3
547351, 3
414949, 3
121200, 3
636027, 3
52981, 3
361263, 3
307764, 3
305090, 3
134463, 3
183633, 3
371870, 3
433166, 3
154052, 3
368248, 3
224585, 3
278844, 3
282971, 3
310367, 3
104808, 3
443851, 3
285263, 3
608023, 2
293508, 3
623276, 3
548762, 3
590909, 3
434756, 3
348922, 3
491084, 2
356243, 3
79601, 3
307397, 3
246461, 3
400299, 3
517179, 3
90863, 3
582286, 3
605907, 3
553920, 3
303616, 3
245774, 3
619362, 3
145795, 3
31122, 2
610270, 3
179007, 3
263011, 3
248825, 3
213438, 3
435832, 3
631249, 3
534152, 3
123485, 3
437383, 3
127509, 3
598779, 3
104631, 3
286391, 3
511400, 3
324107, 3
252014, 3
335647, 3
270567, 3
271660, 3
233443, 3
379764, 3
14902, 3
504500, 3
546099, 3
156075, 3
618076, 3
233699, 3
633024, 2
647676, 3
550633, 3
389688, 3
328235, 3
637040, 3
253848, 3
282656, 3
226600, 3
218133, 3
274967, 3
61071, 3
360170, 3
262362, 3
306439, 1
623218, 3
155743, 3
617229, 3
236874, 3
156272, 3
110887, 3
44612, 3
459034, 3
128586, 3
475234, 2
81005, 3
247853, 3
517639, 3
123947, 3
273838, 3
150411, 3
491219, 3
310686, 3
281377, 3
261781, 1
7117, 3
457932, 3
571731, 3
580938, 3
266274, 1
611792, 3
51852, 3
376560, 3
63661, 3
468453, 3
405942, 2
561059, 3
528666, 3
496791, 3
293080, 3
504387, 3
331404, 3
337263, 3
106678, 3
264298, 2
17689, 3
526890, 3
605415, 3
495722, 3
442064, 3
407960, 3
664525, 3
656263, 3
581902, 3
349151, 3
236105, 3
210231, 3
81283, 3
99433, 3
200236, 3
618662, 3
68989, 3
493048, 3
24619, 3
87330, 3
397212, 3
381428, 3
333624, 3
168363, 3
567890, 3
298596, 3
496261, 3
267069, 3
31192, 3
526826, 3
309580, 3
568783, 3
68724, 3
356471, 3
256524, 3
262256, 3
341366, 3
361874, 3
204029, 3
297750, 3
27458, 3
156506, 3
115213, 3
104168, 3
161133, 3
410380, 3
516861, 3
433295, 3
418011, 3
442460, 3
652922, 3
373946, 3
176714, 3
631949, 3
312430, 3
2940, 3
539909, 3
425454, 3
542007, 3
633110, 3
336435, 3
116848, 3
106453, 3
45257, 3
655577, 3
562747, 3
365442, 3
629485, 3
393084, 2
363932, 3
72617, 3
518109, 3
217308, 3
266764, 3
149848, 3
456238, 3
223758, 3
575697, 1
523697, 3
364057, 3
426066, 3
101701, 3
565596, 2
307037, 3
579525, 3
213627, 3
82571, 3
74910, 3
393776, 3
127721, 3
86480, 3
42910, 3
603088, 3
5780, 3
377106, 3
381673, 3
199328, 3
499563, 3
387767, 3
408136, 3
537261, 3
276543, 3
249567, 3
234764, 2
286702, 3
23181, 3
190080, 3
86833, 3
432903, 3
578193, 3
295031, 3
461037, 3
189647, 3
107533, 3
180678, 3
451603, 3
429236, 3
578033, 3
308682, 3
32072, 3
136338, 3
603009, 3
278811, 3
112931, 3
407306, 3
285742, 3
249907, 3
446840, 3
578765, 3
652309, 3
577933, 3
463062, 3
73800, 3
16333, 3
272535, 3
117292, 3
527564, 3
164277, 3
244830, 3
353416, 3
153087, 3
79012, 3
496249, 3
322064, 3
115916, 3
27612, 3
414124, 3
514353, 3
183200, 3
490610, 3
159023, 3
273961, 3
242949, 3
131243, 3
231866, 3
512541, 3
559838, 3
304928, 3
42559, 3
193151, 3
639973, 2
259140, 3
97517, 3
162188, 3
635700, 3
163546, 3
604784, 2
657874, 2
582809, 1
482151, 3
422063, 3
421084, 3
79015, 3
640094, 2
536826, 3
563482, 3
130667, 3
240904, 3
394987, 3
342527, 3
554958, 3
16799, 3
106335, 3
172302, 3
418327, 3
176503, 3
389365, 3
349744, 3
271951, 3
295892, 3
649157, 3
470863, 3
180630, 2
445512, 3
299258, 3
563899, 3
24335, 3
239974, 3
154621, 3
636450, 3
12037, 3
599510, 3
539621, 3
41955, 3
31177, 3
331128, 1
311996, 3
442851, 3
420439, 3
485866, 3
359304, 3
63600, 3
33891, 2
454592, 3
526271, 3
522642, 3
482997, 3
621978, 3
460049, 3
203039, 3
510418, 3
622247, 3
54948, 3
432424, 3
647162, 3
466355, 3
533341, 3
565737, 2
341920, 3
442002, 2
547637, 3
245700, 1
160087, 3
60838, 3
464745, 3
637558, 3
289277, 3
59958, 3
530458, 3
76643, 3
49825, 3
655205, 3
264482, 1
517930, 3
438046, 3
324824, 3
486079, 3
640415, 3
495758, 3
470362, 3
585372, 3
187795, 1
311558, 3
536143, 3
65595, 3
485421, 3
307818, 3
18454, 3
110032, 3
653486, 3
590707, 3
59861, 3
152309, 3
522056, 3
143839, 3
425503, 3
140691, 3
424721, 3
503247, 3
75590, 2
555183, 3
97472, 3
341957, 3
313526, 3
60199, 3
180079, 3
283199, 2
51583, 3
472446, 3
275625, 3
604538, 3
179348, 3
499482, 3
24923, 3
504070, 3
151520, 3
182525, 3
400725, 3
654493, 3
252180, 3
91185, 3
39408, 3
461277, 3
142361, 3
574134, 3
237713, 3
266814, 2
97161, 3
85177, 3
654383, 3
69996, 3
611975, 3
600845, 3
504553, 3
98953, 3
404812, 2
236432, 3
460675, 3
511607, 3
405374, 3
387177, 3
295746, 2
404646, 3
586374, 3
497477, 3
159052, 3
110564, 3
410792, 3
146203, 3
572110, 3
598213, 3
27823, 3
578709, 3
353309, 3
59897, 3
276058, 3
120619, 3
415747, 3
400415, 3
109133, 3
371042, 3
424549, 3
30449, 3
6260, 3
137629, 3
321118, 3
44129, 3
332883, 3
247912, 3
182856, 3
173180, 3
461997, 3
551453, 3
113236, 3
136674, 3
648110, 3
583353, 3
219802, 3
384351, 3
307428, 3
339036, 3
336673, 2
550543, 3
121101, 3
113465, 3
416228, 3
390279, 3
200275, 3
601546, 3
502982, 3
377456, 3
598997, 3
247351, 3
471305, 3
29273, 3
534250, 3
380858, 3
60473, 3
395690, 3
277625, 3
157938, 3
437368, 3
325790, 3
145959, 3
206300, 3
264507, 3
345818, 3
16960, 3
101756, 3
165578, 3
332595, 3
260505, 3
133562, 3
349322, 3
46767, 3
622459, 3
518242, 3
1819, 3
475443, 3
67273, 3
42459, 3
131040, 3
115680, 3
136556, 3
102141, 3
21095, 3
500574, 3
85860, 3
536808, 3
300466, 2
207494, 3
73192, 3
583721, 3
45018, 2
293368, 3
256223, 3
88498, 3
19231, 3
201518, 3
230382, 3
99936, 3
376681, 3
478878, 3
235627, 3
227991, 3
388179, 3
111218, 3
571821, 3
511178, 3
198566, 3
241087, 3
651747, 3
626147, 3
460753, 3
319665, 3
352822, 3
525124, 3
333231, 3
556852, 3
175933, 3
625310, 3
486272, 3
28679, 3
162262, 3
149762, 3
517683, 3
532593, 3
440898, 3
643153, 3
166516, 3
415559, 3
599779, 3
212884, 3
72694, 3
284528, 3
196438, 3
163967, 3
608297, 3
166929, 3
491069, 3
343340, 3
2020, 3
183766, 3
360760, 3
236813, 3
28108, 3
509737, 3
252209, 3
351130, 3
465735, 2
230130, 3
134614, 3
345256, 3
111299, 3
384411, 3
499504, 3
247430, 3
557684, 3
333903, 3
442549, 3
559633, 3
519119, 3
441746, 2
122762, 3
233426, 3
177403, 3
139829, 3
204623, 3
574110, 3
37692, 3
613547, 3
493401, 3
176822, 3
496510, 3
159798, 3
555717, 3
40562, 3
398653, 3
358084, 3
7341, 3
205176, 3
534366, 3
425698, 3
292946, 3
33632, 3
226623, 2
608516, 3
40798, 3
162912, 2
313089, 3
63667, 3
402168, 3
205484, 3
157313, 3
563293, 2
481932, 3
439322, 3
514553, 3
502500, 3
392609, 3
394187, 3
71572, 3
128959, 3
344147, 3
258310, 3
632958, 3
619345, 3
205520, 3
16247, 3
121397, 3
661744, 3
607963, 3
373580, 3
257797, 3
517610, 1
610052, 3
599308, 3
337999, 3
20012, 3
273565, 3
245950, 3
204337, 3
24221, 3
216369, 3
519336, 3
137616, 3
491098, 3
415368, 3
329380, 3
373929, 3
357697, 3
373541, 3
251152, 3
560117, 3
62573, 3
453199, 3
628900, 3
621532, 3
193916, 3
418948, 3
445464, 3
510982, 3
19189, 3
608233, 3
399932, 3
31134, 2
329880, 3
484728, 3
448861, 3
604537, 3
107744, 3
540145, 3
635491, 3
94159, 3
102303, 3
526207, 3
437463, 3
539202, 3
149085, 3
87785, 3
470320, 3
414835, 3
580260, 3
149444, 3
211459, 3
139923, 3
224790, 3
317385, 3
83231, 3
206216, 3
428691, 3
416044, 3
503105, 3
303798, 3
519176, 3
68496, 3
348967, 3
630610, 3
230698, 3
192339, 3
644886, 3
300044, 2
134673, 3
636799, 3
245789, 3
58044, 3
494459, 3
649691, 3
390220, 3
590752, 3
589261, 3
292324, 3
219996, 3
626003, 3
500197, 3
527726, 3
255746, 3
340415, 3
390949, 3
161142, 3
135529, 3
179962, 3
28319, 3
292360, 2
429291, 3
285526, 3
465150, 3
602857, 3
295066, 3
636060, 3
627700, 3
505458, 3
15832, 3
379656, 3
529082, 3
286008, 3
988, 3
303357, 3
134526, 3
81558, 3
426576, 2
498903, 3
227013, 3
264042, 2
141611, 1
206913, 3
482769, 3
332649, 3
586, 3
111607, 3
624470, 3
314491, 3
416638, 3
171052, 3
495877, 3
565003, 3
40719, 3
212833, 3
500611, 3
458785, 3
510413, 3
259793, 3
288033, 3
536241, 3
558958, 3
547217, 3
643180, 3
55195, 3
128011, 3
590621, 3
547826, 3
111743, 3
344905, 3
276886, 3
389496, 3
332611, 1
417628, 3
401246, 3
75045, 3
219696, 3
180333, 3
608518, 3
133833, 3
638062, 3
538491, 3
425372, 3
619669, 3
636262, 3
459811, 3
341513, 3
410485, 3
20041, 3
202002, 3
435628, 3
661003, 3
263271, 3
499044, 3
639259, 3
91829, 3
443752, 3
292215, 3
272279, 3
320279, 3
660957, 3
372393, 3
662424, 3
238290, 3
139623, 3
491637, 3
595815, 3
426076, 3
11558, 3
64910, 3
254759, 3
655217, 3
45134, 3
412246, 3
587994, 3
346940, 3
309959, 3
469871, 3
141237, 3
580167, 3
4890, 3
419205, 3
615820, 3
118468, 3
70622, 3
235280, 3
298003, 3
169737, 3
369607, 3
298541, 3
70788, 3
535123, 3
371455, 3
520079, 3
171821, 3
89839, 3
357539, 3
27733, 3
572074, 3
388662, 3
210786, 3
192852, 3
11765, 3
626324, 3
462498, 3
50377, 3
310452, 3
614734, 3
370502, 3
540331, 3
408371, 3
284419, 3
454571, 3
166298, 3
556002, 3
67863, 3
483077, 3
39034, 3
134820, 3
65987, 3
134226, 3
165162, 3
143651, 3
416060, 3
383907, 3
248630, 3
185173, 3
614781, 3
365629, 3
617673, 3
274585, 3
551974, 3
131475, 3
339567, 3
182417, 2
200039, 3
623776, 3
486019, 3
593122, 3
618990, 3
312493, 3
224765, 3
391417, 3
428174, 3
89161, 3
173654, 3
461091, 3
311660, 3
45629, 3
166296, 3
247591, 3
12752, 2
135752, 3
14361, 3
136904, 3
284261, 3
330646, 3
243576, 3
109319, 3
491826, 3
627511, 3
563228, 3
319960, 3
80491, 3
346347, 3
447499, 1
263505, 3
427284, 3
558172, 3
448297, 3
473720, 3
166292, 3
541373, 3
150437, 3
507189, 3
377069, 2
10545, 2
607009, 2
648587, 3
68864, 3
420460, 3
415772, 3
320446, 3
392462, 3
201434, 3
164314, 3
189371, 3
123247, 3
315549, 3
180048, 3
619557, 1
135663, 3
148497, 3
659325, 3
461601, 3
383845, 3
45026, 3
260596, 3
463345, 3
473879, 3
349165, 3
64489, 3
259688, 3
630696, 3
181765, 3
375509, 3
291817, 3
550712, 3
552850, 3
188998, 3
474836, 3
113262, 3
104373, 3
596393, 3
218698, 3
495744, 3
40946, 1
219196, 3
147248, 3
554101, 3
233227, 3
84016, 3
555963, 3
433275, 3
20561, 3
428717, 3
596813, 3
111631, 3
258415, 3
157521, 3
534991, 3
118943, 3
274313, 3
227412, 3
563830, 3
580070, 3
195673, 3
304650, 3
84492, 3
53235, 3
635800, 3
86808, 3
257271, 3
180548, 3
2208, 3
494127, 3
18818, 3
563619, 3
309470, 3
589073, 3
303751, 3
597492, 3
70862, 3
630406, 3
62900, 3
435619, 3
127495, 3
515383, 3
194112, 3
659134, 3
567088, 3
461011, 3
420306, 3
653444, 3
53055, 1
533533, 3
604185, 1
546270, 3
95753, 3
469724, 3
174431, 3
433031, 3
353645, 2
65791, 3
606176, 3
577745, 2
208149, 3
663332, 3
644284, 3
458743, 3
3512, 3
602504, 3
587130, 3
41169, 3
254420, 3
362664, 3
22539, 3
479515, 3
492399, 3
236372, 3
417191, 3
574950, 2
399245, 3
490917, 3
111781, 3
291391, 3
658817, 3
58694, 2
74448, 3
14267, 3
660895, 2
414941, 3
76493, 3
189414, 3
301903, 3
237444, 3
641018, 3
33224, 3
378576, 3
88199, 3
646495, 3
289115, 3
230885, 2
291593, 3
625212, 3
427163, 3
164239, 3
503745, 3
44072, 3
645185, 3
288111, 3
406795, 3
373418, 3
217399, 3
123595, 3
581038, 3
571361, 3
22734, 3
387457, 3
33463, 3
373649, 3
273514, 3
367351, 3
79962, 3
442256, 3
555467, 3
39103, 3
478517, 3
327704, 3
240434, 3
72309, 3
313693, 3
602498, 2
556065, 3
516593, 3
353759, 3
101120, 3
218805, 3
578076, 3
445326, 3
227418, 3
194816, 3
596420, 3
150098, 3
653007, 3
365644, 3
205546, 3
432323, 2
211000, 1
610656, 3
302083, 3
84981, 3
642258, 3
624604, 3
202453, 3
167783, 3
491941, 2
584402, 3
440920, 3
315444, 3
538912, 3
496059, 3
220306, 3
397527, 3
231478, 3
145915, 3
119316, 3
33809, 3
285125, 3
314750, 3
512024, 2
607983, 3
235250, 3
7487, 1
227333, 2
142505, 3
348370, 3
615007, 3
455322, 3
547119, 3
368142, 3
556709, 3
346680, 3
513295, 3
136848, 2
328709, 3
503044, 3
169260, 3
185273, 3
211819, 3
489062, 3
466774, 3
479837, 3
560801, 3
652385, 3
303395, 3
65217, 3
189810, 3
177825, 3
476572, 3
605703, 3
410561, 3
574676, 2
172410, 3
224371, 3
136697, 3
545462, 3
20631, 3
657212, 3
505059, 3
525441, 3
365403, 3
287262, 3
212261, 3
108890, 3
85631, 3
639345, 3
475649, 3
222398, 3
547429, 3
417285, 3
234561, 3
389596, 3
145391, 3
317427, 3
76210, 3
585629, 3
413091, 3
215239, 2
578407, 3
301786, 3
381536, 3
51085, 3
615714, 3
26305, 3
197887, 3
145726, 3
35715, 3
514039, 3
135827, 3
103450, 3
250048, 3
469617, 3
340546, 3
616016, 3
427798, 3
58745, 3
645435, 2
563582, 3
526541, 3
104172, 3
522558, 3
23667, 3
151616, 3
112166, 3
532713, 3
595862, 3
368695, 3
525861, 3
158262, 3
507860, 3
500906, 3
602239, 3
113881, 3
181567, 3
367144, 3
241815, 3
10258, 3
421585, 3
318700, 3
567999, 1
517742, 3
330043, 3
186390, 3
107418, 3
310066, 3
526319, 3
660988, 3
511380, 3
246715, 3
385392, 3
419807, 3
55758, 3
442492, 3
400117, 3
535986, 3
339199, 3
526066, 3
133949, 3
110233, 3
177463, 3
31741, 3
252707, 3
570919, 3
167172, 3
398928, 3
268099, 3
273601, 3
641426, 3
82202, 3
139386, 3
305248, 3
536719, 3
184406, 3
79812, 3
486704, 3
98333, 3
60821, 2
549903, 3
359681, 3
647605, 3
272115, 3
126185, 3
261761, 3
355351, 3
304830, 3
178227, 3
68896, 3
284945, 3
664215, 3
231920, 3
128098, 3
684, 3
104673, 3
39509, 3
291442, 3
38302, 3
368111, 3
228723, 3
477690, 3
411450, 3
11646, 2
608758, 3
577878, 3
101492, 3
121300, 3
49845, 2
449310, 3
475066, 3
433583, 3
147775, 3
382136, 1
138544, 3
568308, 3
422056, 3
375202, 3
45527, 3
530364, 3
570709, 3
473167, 3
650684, 3
126276, 3
106126, 2
406762, 3
461101, 3
139869, 3
566944, 3
633084, 3
422142, 3
573293, 3
221593, 3
213070, 3
194218, 3
198712, 3
498195, 3
639509, 3
639985, 3
489866, 3
189705, 3
414367, 3
452618, 3
448011, 3
607196, 3
67729, 3
157750, 3
254063, 3
566796, 3
72502, 3
491861, 3
355811, 3
102830, 3
162698, 3
104200, 3
127252, 3
415250, 3
313522, 3
87547, 3
596170, 3
650291, 3
382241, 3
366641, 3
237216, 3
48312, 3
102670, 3
611130, 3
641197, 3
565495, 3
501499, 3
420066, 3
604186, 3
578444, 3
539882, 3
493026, 3
597365, 3
660712, 3
148294, 3
549124, 3
514372, 3
474879, 3
592158, 3
574204, 3
545828, 3
589902, 2
553283, 3
643203, 3
137366, 3
509812, 3
433407, 3
637265, 3
548657, 3
283592, 3
459540, 3
6308, 3
251506, 3
40945, 3
297493, 3
283290, 3
69689, 3
606292, 3
549574, 3
250949, 2
21405, 3
8439, 3
142427, 3
176685, 3
123562, 3
539396, 3
101557, 3
476895, 3
383729, 3
13676, 3
153538, 1
621886, 3
92047, 3
370338, 3
658746, 3
501375, 3
459621, 3
544752, 3
656867, 3
36004, 3
394245, 3
223430, 3
102019, 3
411139, 3
50565, 3
319995, 3
231565, 3
47737, 3
373204, 3
661122, 3
312205, 2
250734, 3
140792, 3
432630, 3
7463, 3
68084, 3
58, 3
11718, 3
623002, 3
264658, 2
490221, 3
577440, 3
649467, 3
80680, 3
513883, 3
294060, 3
45895, 3
545429, 3
365268, 3
483279, 3
402812, 3
284589, 3
265494, 3
436929, 2
224341, 1
168378, 3
63006, 3
319975, 3
564848, 3
90727, 3
4624, 3
84954, 3
92630, 3
18377, 3
124833, 3
522177, 2
574773, 3
198167, 3
372719, 3
279924, 3
402551, 3
292448, 3
564712, 2
423668, 3
230094, 3
226275, 3
471711, 3
346206, 3
373666, 3
141694, 3
109052, 3
173057, 3
207185, 3
130327, 3
480539, 3
28290, 3
608649, 3
87723, 3
292981, 3
640187, 3
326344, 3
63319, 3
30888, 3
610145, 3
340809, 3
359647, 3
50542, 2
654305, 3
45602, 3
11998, 3
349959, 3
352324, 3
549482, 3
123740, 3
602858, 3
271423, 3
257849, 3
415262, 3
191658, 3
425638, 3
658987, 3
533320, 3
311313, 3
52554, 3
191100, 3
415580, 3
315475, 3
539388, 3
95282, 3
544218, 3
550615, 3
476932, 3
175076, 3
54139, 3
381079, 3
315888, 3
456682, 3
362535, 3
113429, 3
369337, 3
228711, 3
281880, 3
3892, 3
259996, 3
364602, 3
267380, 3
512500, 3
33799, 3
608031, 1
393497, 3
85418, 3
125744, 3
304579, 3
489969, 3
128001, 3
425050, 3
447771, 3
133950, 3
566813, 3
166273, 3
14164, 3
92412, 3
456114, 3
654428, 3
299317, 2
8990, 3
279574, 3
331357, 3
639992, 3
57236, 3
288407, 3
133309, 3
6443, 3
642174, 3
97488, 3
13590, 3
506867, 3
467833, 3
355066, 3
253081, 3
235422, 3
318423, 3
13855, 3
511318, 3
663554, 3
395234, 3
7876, 3
310631, 3
488812, 3
538630, 3
571956, 3
385062, 3
559729, 3
166672, 3
530373, 2
239724, 3
300236, 3
259172, 1
620118, 3
317546, 3
23631, 3
664730, 3
441344, 3
493006, 2
620816, 3
155324, 3
469027, 3
22885, 3
49305, 3
525123, 3
273964, 3
57006, 3
502378, 3
634825, 3
555072, 3
531356, 3
206565, 3
313928, 3
636706, 3
581724, 3
242796, 3
503171, 3
304931, 3
489778, 3
465655, 3
385159, 3
212820, 3
613711, 3
397950, 3
224972, 3
177232, 3
207356, 3
216116, 3
164925, 3
75774, 3
269773, 3
585774, 3
591727, 3
111, 3
171989, 3
642248, 3
176741, 3
58639, 3
236264, 3
8648, 3
561232, 3
219271, 3
559994, 3
379367, 3
290239, 3
462687, 3
227760, 1
474219, 3
2914, 3
492444, 3
216040, 3
200228, 3
566337, 1
115270, 3
260720, 3
452272, 3
294529, 3
197255, 3
367541, 3
562878, 3
492357, 3
544449, 3
396030, 3
511168, 3
246683, 3
152685, 3
379351, 3
404001, 3
300500, 3
265177, 3
621936, 3
649274, 3
200318, 3
2423, 3
40391, 3
96171, 3
198914, 2
309749, 3
72109, 3
116975, 3
280161, 3
173705, 3
561208, 3
288349, 3
105395, 3
228179, 3
367140, 3
222082, 3
2014, 3
8489, 3
323811, 3
381296, 3
187066, 3
259197, 3
143045, 2
117158, 3
460504, 3
479379, 3
617459, 3
371644, 3
24006, 3
648405, 3
612707, 3
237041, 3
183995, 3
240163, 3
158908, 3
75950, 3
524248, 1
632737, 3
444552, 3
552333, 3
176787, 3
285536, 1
156210, 3
590452, 3
146217, 3
30503, 3
568462, 3
588021, 3
434598, 3
307302, 3
322757, 3
248810, 3
102926, 3
18675, 3
393767, 3
275332, 3
561721, 2
487211, 3
638940, 3
177573, 3
467744, 3
14479, 3
99364, 3
241079, 3
550332, 3
355683, 3
31886, 3
633541, 2
437750, 3
279691, 3
452555, 3
227098, 3
613054, 3
153642, 3
450500, 3
610218, 3
540938, 3
188063, 3
29148, 3
60602, 3
91689, 3
97083, 3
434319, 3
544045, 3
368005, 3
109294, 3
48525, 3
361932, 3
174108, 3
453385, 3
27911, 3
216729, 2
33557, 3
444286, 3
262744, 2
46204, 3
489064, 3
129397, 3
229042, 3
546980, 3
626540, 3
306469, 3
455590, 3
623871, 3
46154, 3
584241, 3
265830, 2
308451, 3
103563, 3
664628, 3
22373, 3
561987, 3
634982, 3
400675, 3
269970, 3
102804, 3
328368, 3
510604, 3
154675, 3
328657, 3
251080, 3
216917, 1
238593, 3
213293, 3
580624, 3
218347, 3
236414, 3
295578, 3
394192, 3
286971, 3
41876, 3
171141, 3
497577, 3
103817, 3
509357, 3
660127, 3
349122, 3
576449, 3
330952, 3
240286, 3
289306, 3
526213, 3
447904, 3
385829, 3
620664, 3
594350, 3
315586, 3
103081, 3
21732, 3
56182, 3
436190, 3
513109, 3
544002, 3
606354, 3
314242, 3
644152, 3
352454, 3
266141, 3
367787, 3
455117, 1
397900, 3
151341, 3
253677, 3
188797, 3
287590, 3
294225, 3
219252, 3
558683, 3
322738, 3
157575, 3
143171, 3
152030, 3
537686, 3
530333, 3
314185, 3
545317, 3
108325, 3
579688, 3
290216, 3
536724, 3
192537, 3
578835, 3
508100, 3
181186, 3
331471, 3
319675, 3
502892, 3
295522, 3
221191, 3
599197, 3
196808, 2
412097, 3
392581, 3
642093, 3
427485, 3
428150, 3
420043, 3
443645, 3
346215, 3
124550, 3
606984, 2
228823, 3
143198, 3
552233, 3
343308, 3
558495, 3
133935, 3
430252, 3
310548, 3
322804, 2
51606, 3
139676, 3
98849, 3
631374, 3
440343, 2
155343, 3
164293, 3
330505, 3
268199, 3
116433, 3
35614, 3
653937, 3
101644, 3
314514, 3
424073, 3
552962, 3
464803, 3
571131, 3
341299, 3
280008, 3
519834, 3
274282, 3
76721, 3
481143, 3
111812, 3
437205, 3
87886, 3
166181, 3
595105, 3
389237, 3
357551, 3
549235, 3
461495, 2
549735, 3
540371, 3
111449, 3
595550, 3
453735, 3
256989, 3
383235, 3
169294, 3
494012, 3
55730, 3
315698, 3
87436, 3
360419, 3
641162, 3
476520, 3
250086, 3
286897, 3
390309, 3
383990, 3
365316, 3
121708, 3
609961, 3
182298, 2
588485, 3
165401, 3
317074, 3
560321, 2
214892, 3
569310, 2
267084, 3
155910, 3
537524, 3
560402, 3
157971, 3
625554, 3
130050, 2
579018, 3
658771, 3
577899, 3
95112, 3
250848, 3
348295, 3
432886, 3
478957, 3
203337, 3
479948, 3
620134, 3
465480, 1
28603, 3
175157, 3
515377, 3
596238, 3
120215, 3
173081, 3
589497, 3
223567, 3
492924, 3
180157, 3
168213, 3
287721, 3
398282, 3
481131, 3
393897, 3
128902, 3
465625, 3
555573, 3
92967, 2
177971, 3
641718, 2
18742, 3
167560, 3
136301, 3
470675, 3
275973, 3
151261, 3
1401, 3
39257, 2
542236, 3
521803, 3
324323, 3
425748, 3
437877, 3
350375, 3
577168, 3
191449, 3
98832, 3
87038, 1
241690, 3
375414, 3
504956, 3
3221, 3
62191, 3
260648, 3
309177, 3
587194, 2
590778, 3
17918, 3
422014, 3
478221, 3
232999, 3
397583, 3
622177, 3
348666, 3
127002, 3
218170, 3
10971, 3
62669, 1
421020, 3
657278, 3
577631, 3
518474, 3
1461, 3
520820, 3
651049, 3
581392, 3
656526, 3
281850, 3
88599, 3
293108, 3
119201, 3
64259, 3
433457, 3
481929, 3
444227, 3
453002, 3
435857, 2
63754, 3
509073, 3
332854, 3
534950, 3
373708, 2
415332, 3
594776, 3
606267, 3
466927, 3
571205, 3
69605, 3
463961, 3
656362, 1
126586, 3
584793, 3
62942, 3
654095, 3
475568, 2
603368, 3
18912, 3
432308, 3
307991, 2
87082, 3
215216, 3
30320, 3
518653, 3
245565, 3
488701, 3
18042, 3
117410, 3
428412, 1
36923, 3
107161, 3
213608, 3
350093, 3
64600, 3
468715, 3
418731, 3
335239, 3
374326, 3
633114, 3
651245, 3
559233, 3
481263, 3
385849, 3
418416, 3
508329, 3
435881, 3
661989, 3
414231, 3
320828, 3
35927, 3
534729, 3
80036, 3
257115, 3
326229, 3
386607, 3
116655, 3
377590, 3
113844, 3
396, 3
551530, 3
24494, 3
119643, 3
337615, 3
72166, 3
158910, 3
649681, 3
371354, 3
634845, 3
612061, 3
267374, 2
22850, 3
660053, 3
111243, 3
173598, 3
288625, 3
298852, 3
377203, 3
394912, 2
108664, 3
401026, 3
474864, 3
55445, 3
245384, 3
452006, 3
387293, 3
532109, 3
101140, 3
555831, 3
306808, 3
96635, 3
484051, 3
625537, 3
579578, 3
557322, 3
334380, 3
141351, 3
510133, 3
285002, 3
618809, 3
481472, 3
572397, 3
192501, 3
318946, 3
637439, 3
155055, 3
129020, 3
290959, 3
174214, 3
318397, 3
520446, 3
267994, 3
151009, 3
501013, 3
215445, 3
311446, 3
207997, 3
275551, 3
530093, 3
206389, 3
552044, 3
294659, 3
435908, 3
627792, 3
107516, 3
57981, 3
613646, 3
123162, 3
510810, 2
377576, 3
223754, 3
240365, 3
189188, 3
40313, 3
89573, 1
474518, 3
36484, 3
89446, 3
43110, 3
40220, 3
389337, 3
231627, 3
104361, 3
363520, 3
375510, 3
427962, 3
624501, 3
123536, 3
207280, 3
191593, 2
159161, 3
35760, 3
289390, 3
310155, 3
610502, 3
21024, 3
426898, 3
125073, 3
662116, 3
109353, 3
137790, 3
452156, 3
252291, 1
546054, 3
458937, 3
127668, 3
236188, 3
37181, 3
219084, 3
145410, 3
462104, 3
494676, 3
230665, 3
184042, 3
655995, 1
128729, 3
201765, 3
292949, 3
104657, 3
616865, 3
110925, 3
510501, 3
24209, 3
55368, 3
11819, 3
218879, 3
284606, 3
298765, 3
17897, 3
203813, 3
522143, 3
65796, 3
223199, 3
173475, 3
407961, 3
428203, 3
18125, 3
3099, 3
555187, 3
134870, 2
77693, 3
387870, 3
650064, 2
361598, 3
286482, 3
489549, 2
439265, 3
193295, 3
138118, 3
217876, 3
115771, 3
658336, 3
530733, 3
450331, 3
250753, 3
327392, 3
353011, 3
219497, 3
154513, 3
483368, 3
179881, 3
221565, 3
455177, 3
189032, 3
77422, 3
234591, 3
368390, 3
95927, 3
502830, 3
537181, 3
588795, 3
603057, 3
549183, 3
77608, 3
237080, 3
91373, 1
256, 3
498257, 3
203498, 3
658749, 3
398425, 3
93318, 3
306253, 2
65294, 3
253469, 3
443468, 3
564027, 3
198053, 3
545142, 3
28492, 3
71912, 3
61135, 3
343889, 3
496339, 3
3048, 3
416364, 3
364112, 3
338705, 3
267853, 3
611791, 3
380772, 3
460051, 3
331333, 3
646147, 3
513355, 2
6581, 3
396758, 3
582516, 3
192124, 3
610372, 3
516213, 3
41669, 3
233072, 3
73647, 3
101036, 3
29639, 3
104069, 3
309056, 3
159487, 3
363391, 3
100656, 3
28316, 3
499122, 3
609466, 3
655433, 3
608343, 2
115945, 3
599823, 3
52811, 3
430222, 3
541452, 3
597178, 3
233874, 2
73740, 3
160174, 3
57117, 3
578395, 3
274846, 3
219553, 3
498652, 3
579376, 3
31095, 3
479917, 3
258932, 3
88848, 3
53578, 3
409181, 3
638741, 3
352075, 3
294181, 3
572936, 3
112718, 3
655919, 3
636451, 3
9329, 3
230235, 3
224557, 3
198121, 3
659642, 3
391133, 3
331556, 3
551735, 3
578658, 3
509599, 3
663438, 3
540043, 3
2749, 3
218966, 3
4820, 3
381758, 3
80531, 3
443516, 3
357584, 3
394561, 2
654277, 3
131959, 3
121892, 3
93985, 3
500789, 3
398548, 3
129778, 3
212739, 3
325223, 3
232674, 3
396441, 3
463157, 3
31672, 3
10290, 3
614608, 3
510300, 3
44336, 3
482625, 3
574335, 3
254763, 3
419495, 3
157371, 3
636542, 3
385461, 2
244069, 3
575445, 3
332811, 3
420201, 3
345826, 3
163974, 3
130559, 3
663418, 3
217796, 3
186910, 3
411466, 3
146514, 3
306870, 3
280422, 3
28386, 3
372023, 3
120161, 3
13143, 3
482607, 3
7367, 3
340815, 3
66244, 3
3271, 3
20011, 3
490794, 3
631749, 3
583480, 3
578362, 3
186445, 3
410458, 3
588814, 3
466778, 3
102200, 3
471908, 3
511412, 3
592534, 3
346014, 3
549399, 3
595381, 3
483558, 3
132835, 3
148753, 3
424474, 3
166349, 3
590190, 3
434265, 3
533752, 3
238023, 3
38185, 3
340171, 3
206434, 3
31432, 3
129831, 3
2047, 3
516982, 3
284345, 3
487883, 3
488753, 3
502467, 3
632296, 3
632313, 3
9917, 3
9852, 3
394014, 3
36090, 3
113977, 3
363317, 3
623642, 3
450616, 3
439481, 3
644689, 3
67892, 3
34958, 3
308779, 3
180567, 3
508030, 3
451530, 3
294966, 3
478039, 1
436114, 3
485611, 3
8725, 3
139097, 3
223207, 2
277540, 3
135959, 2
423339, 3
482085, 3
436178, 3
535509, 3
389079, 3
228070, 3
28622, 3
482280, 3
3164, 3
312729, 3
416339, 3
160875, 3
643422, 3
512411, 3
355340, 3
645454, 3
118232, 3
318407, 3
385658, 3
375794, 3
354478, 3
368813, 3
631005, 3
441279, 3
503196, 3
147678, 3
271144, 3
330504, 3
338684, 3
655414, 3
119674, 3
474332, 3
11409, 3
374200, 3
313849, 3
536383, 3
218375, 2
184112, 3
391894, 3
461388, 3
45089, 2
211363, 3
641831, 3
518377, 3
133456, 3
308196, 3
141307, 3
604144, 3
93921, 3
210966, 2
519140, 1
144919, 3
46969, 3
464155, 3
87726, 3
110491, 3
462855, 3
148480, 3
186279, 3
506632, 3
12557, 3
380078, 3
315292, 3
169023, 3
352013, 3
623017, 3
353224, 3
76430, 3
84314, 3
95917, 3
66119, 3
478116, 3
57870, 3
82328, 3
105409, 3
458581, 3
414837, 3
135608, 3
389886, 3
102630, 3
658596, 3
657343, 3
375269, 3
560705, 3
415924, 3
55740, 3
66554, 3
313890, 3
246058, 3
107445, 3
738, 3
384175, 3
345584, 3
624431, 3
284666, 3
439347, 3
516324, 3
306774, 3
89050, 3
224550, 3
626070, 3
7151, 3
133649, 3
392602, 3
392478, 3
623397, 3
48485, 3
482372, 3
304220, 3
319386, 3
211524, 3
526391, 3
465212, 3
167124, 3
353246, 3
82917, 3
93350, 3
193995, 3
603326, 3
484073, 3
66613, 3
60087, 3
287160, 3
33576, 3
343942, 3
255229, 3
281673, 3
264431, 3
350483, 3
521276, 3
602358, 3
490264, 3
77389, 3
461761, 3
462118, 3
418019, 3
603801, 3
631756, 3
548229, 3
563260, 3
464313, 3
157289, 3
644197, 3
291290, 3
82475, 3
431220, 3
478422, 3
236857, 3
357793, 3
193005, 3
604294, 3
524399, 3
551195, 3
408044, 3
23817, 3
49993, 3
75580, 3
218440, 1
655285, 3
602361, 3
161483, 3
530903, 3
650533, 3
469806, 2
126683, 3
289434, 3
597928, 3
305104, 3
438043, 3
76623, 2
603704, 3
505392, 3
464748, 3
410963, 3
56393, 3
292089, 3
531151, 3
197283, 3
389771, 3
408571, 3
23796, 3
42937, 3
7953, 3
429850, 3
59476, 3
630542, 3
567668, 3
636518, 3
6573, 3
582420, 3
239162, 3
122971, 3
463171, 3
414214, 3
560404, 3
626797, 3
220641, 3
601499, 3
351813, 3
593143, 3
620365, 3
98739, 3
449494, 3
545915, 3
105644, 3
652518, 3
525355, 3
394018, 1
512512, 3
391987, 3
577667, 3
343442, 3
356074, 3
630603, 3
568415, 3
434802, 3
67019, 3
432944, 3
112565, 3
123679, 3
147314, 3
17049, 3
170394, 3
539808, 3
478431, 3
477085, 3
124799, 3
271813, 3
445144, 3
424911, 3
493994, 3
609355, 3
609992, 3
411646, 3
569763, 3
194533, 3
424659, 3
458145, 3
196186, 3
32838, 3
578008, 3
507485, 3
566955, 3
245026, 3
276977, 3
153426, 3
552464, 3
89450, 3
504783, 3
267217, 3
615548, 3
89588, 3
83612, 3
105438, 3
61990, 3
105544, 3
486023, 3
274499, 3
465842, 3
573215, 3
449331, 3
567781, 3
210661, 3
554334, 3
163365, 3
103633, 3
235283, 3
413670, 3
649092, 3
327096, 3
392330, 3
532569, 3
384974, 3
77752, 3
398698, 3
7299, 3
398334, 3
657166, 3
601544, 3
438877, 3
610507, 3
559975, 3
40060, 3
121134, 3
577175, 3
376042, 3
360223, 3
422454, 3
110349, 3
298606, 3
559609, 3
362456, 3
360036, 3
499533, 3
293323, 3
206014, 3
196205, 3
49623, 3
23981, 3
453994, 2
346749, 3
159479, 3
112766, 1
136761, 3
468215, 3
423450, 3
263907, 3
663770, 2
587, 3
198368, 3
563150, 3
609772, 3
222594, 3
267180, 3
161062, 3
556689, 3
454507, 3
423938, 3
226251, 3
567653, 3
177793, 2
147409, 3
442911, 3
455360, 3
661077, 3
31883, 3
611761, 3
254963, 3
421554, 3
645732, 3
383728, 3
620208, 3
24095, 3
428067, 3
283401, 3
115859, 3
209903, 3
465081, 2
516184, 3
235575, 3
339398, 3
322919, 3
645526, 3
525364, 3
42767, 3
662939, 3
109648, 2
591201, 3
585405, 2
161815, 3
168436, 3
9950, 3
446937, 3
498160, 3
438879, 3
90488, 3
515535, 3
473962, 3
566901, 2
650088, 3
204064, 3
438712, 3
522366, 3
542457, 3
453855, 3
494671, 2
234003, 3
472411, 3
437316, 3
496701, 3
364584, 3
103269, 3
345588, 3
568327, 3
186131, 3
86497, 3
97087, 3
23677, 3
480282, 3
127375, 3
586829, 3
420509, 3
488060, 3
256425, 3
377161, 3
348353, 3
511247, 3
308903, 3
227937, 3
600919, 3
368515, 3
75828, 3
232371, 3
625606, 2
621960, 3
656395, 3
134031, 3
215440, 3
165343, 3
550577, 3
495558, 3
122945, 3
161512, 3
67752, 3
213021, 3
488991, 3
425177, 3
409124, 3
499714, 3
260524, 1
258271, 3
428708, 3
554034, 3
246135, 3
436352, 2
3582, 3
30506, 3
485787, 2
167858, 3
658786, 3
296178, 3
174838, 3
382933, 3
229511, 3
84023, 3
535412, 3
157835, 3
327881, 3
520210, 3
119166, 3
597864, 3
346567, 3
214916, 3
375112, 3
390630, 3
559212, 3
25783, 3
454060, 3
316665, 3
150680, 3
528239, 3
346464, 3
649880, 3
277520, 3
479758, 3
440605, 3
277295, 3
246172, 3
228928, 3
44074, 3
187015, 3
283771, 3
63596, 3
146189, 2
365127, 3
280585, 3
462959, 3
145478, 3
601606, 3
418043, 3
63420, 3
157099, 3
182120, 3
289752, 3
664943, 3
530489, 3
388942, 2
226998, 3
168349, 3
158561, 3
63485, 3
535112, 3
610512, 2
242592, 3
274903, 3
51380, 3
284132, 3
178056, 3
455060, 3
487286, 3
131791, 3
555969, 3
452255, 3
48481, 3
585833, 3
72348, 3
314200, 3
288849, 3
151430, 3
351697, 3
31464, 3
49471, 3
649302, 3
477376, 3
25540, 3
524815, 3
150562, 3
407095, 3
141425, 3
465485, 3
555334, 3
587737, 3
499507, 3
355357, 3
272472, 3
361830, 3
164299, 3
629535, 3
12668, 3
409191, 3
406475, 3
114005, 3
30783, 3
451639, 3
396082, 1
250242, 3
37234, 3
35319, 3
294119, 3
122597, 3
347859, 3
279035, 3
420760, 3
657320, 3
621543, 3
638078, 3
117423, 3
564721, 3
27316, 3
397421, 3
297050, 3
537176, 3
92329, 1
154509, 3
217019, 3
79617, 3
537285, 3
453367, 3
577376, 3
641238, 3
287169, 3
589508, 3
605001, 3
128411, 3
221778, 3
189296, 3
334387, 3
286121, 3
312880, 2
257386, 3
250520, 3
424417, 3
92038, 3
388063, 3
79371, 3
126471, 3
662998, 2
483365, 3
210420, 3
641715, 3
579577, 3
283232, 3
226978, 3
264757, 3
286511, 3
291839, 3
118381, 3
135471, 3
392520, 3
79406, 3
124021, 1
468530, 3
268751, 3
520869, 3
102817, 3
131287, 3
596983, 3
509389, 3
497256, 3
554171, 3
351806, 3
309194, 3
586517, 3
407030, 3
647241, 3
189429, 3
661955, 3
330616, 3
103217, 3
655238, 3
351123, 3
496366, 3
362172, 3
277982, 3
139677, 3
349582, 3
312562, 3
362820, 3
234519, 3
394570, 3
87225, 3
464692, 3
249365, 3
616998, 3
547868, 3
539738, 3
424630, 3
482292, 3
543281, 3
646911, 3
652106, 3
12653, 3
51082, 3
579890, 3
73777, 3
380580, 3
404882, 3
194452, 3
201503, 3
83645, 3
613588, 3
662802, 3
83505, 3
221475, 3
96325, 3
31002, 3
304902, 3
284536, 3
210712, 3
542850, 3
397461, 3
431329, 2
166624, 3
111704, 3
151320, 3
541573, 3
562876, 3
626786, 3
23874, 3
212060, 3
87697, 3
545638, 3
577846, 3
580469, 3
298107, 3
128325, 3
23182, 3
345788, 3
79473, 3
576674, 3
662761, 3
270990, 3
497878, 3
117630, 3
286129, 3
20489, 3
43539, 3
359559, 3
366473, 3
566421, 3
612311, 3
335079, 3
96845, 3
419975, 3
556651, 3
484050, 3
506486, 3
160705, 3
272070, 3
513538, 3
410885, 3
278046, 3
285439, 3
227298, 3
374522, 3
388290, 3
34919, 3
315061, 3
527123, 3
624921, 3
80103, 3
536962, 3
599019, 3
147948, 2
588352, 3
45636, 3
206933, 3
189897, 3
312819, 2
374055, 3
643929, 3
614982, 3
623749, 3
25558, 3
494600, 3
433270, 3
450906, 3
21664, 3
622882, 3
268120, 3
214148, 3
171310, 3
393744, 2
37597, 2
32499, 3
564951, 2
649901, 3
22744, 3
386643, 3
633734, 3
531969, 3
235913, 3
561479, 3
154526, 3
68098, 3
379479, 2
285256, 3
78162, 3
189949, 3
623955, 3
247967, 3
48073, 3
294603, 3
341472, 3
181576, 3
319323, 3
305453, 3
357490, 3
635596, 3
597289, 3
283826, 3
207956, 3
77808, 3
628315, 3
112466, 3
288772, 3
132072, 3
28225, 3
114519, 3
199668, 3
8631, 3
628711, 3
190841, 3
470782, 3
152927, 3
159646, 2
397565, 3
210372, 3
596113, 3
361097, 3
186465, 3
257853, 3
202669, 3
349268, 3
36618, 3
357506, 3
23291, 3
13644, 3
638137, 3
450162, 2
134001, 3
653794, 3
190610, 3
557550, 3
17696, 3
534002, 3
540042, 3
364422, 3
324996, 3
659959, 2
392919, 3
106325, 3
83734, 3
512161, 3
571160, 3
461045, 3
589243, 3
454546, 1
223117, 3
267111, 3
362545, 3
662589, 3
256550, 3
126645, 3
313557, 3
11866, 3
300393, 2
369555, 3
329624, 3
498247, 3
655978, 1
375023, 3
436631, 3
301918, 3
599786, 3
114789, 3
12007, 3
449179, 3
585382, 3
253255, 1
188149, 3
631074, 3
501682, 3
588132, 3
122720, 3
529253, 3
175041, 3
147557, 3
317216, 3
16202, 3
664445, 3
215426, 3
373993, 3
639922, 3
462112, 3
397690, 3
572589, 3
46322, 3
116387, 3
611183, 3
513437, 2
286701, 3
498705, 3
474522, 3
276542, 3
577510, 3
658337, 3
203500, 3
255400, 3
58304, 3
118579, 3
638670, 3
446339, 3
59689, 3
275506, 3
68783, 3
117523, 3
600408, 3
562133, 3
553755, 3
287452, 3
172943, 3
466965, 3
190478, 3
505606, 3
330404, 3
582068, 3
550697, 3
472395, 1
563323, 3
290275, 3
20580, 3
387484, 3
124172, 2
247562, 3
524941, 3
564429, 3
412569, 3
584610, 3
348894, 3
634431, 2
203594, 3
612854, 3
580665, 3
535251, 3
589966, 3
381175, 3
495150, 3
135271, 3
489043, 3
215269, 3
294540, 3
116563, 3
642066, 3
53002, 3
413000, 3
352817, 3
603209, 3
69599, 3
516767, 3
139004, 3
169950, 3
17936, 3
55139, 2
607999, 1
376791, 3
548012, 3
124381, 3
308804, 3
614206, 3
78674, 3
285322, 3
150719, 3
488157, 3
333417, 3
316115, 3
179309, 2
308948, 3
438767, 3
567717, 3
106101, 3
217153, 3
265270, 3
421388, 3
408618, 3
73827, 3
121709, 3
138410, 3
391979, 3
147652, 3
375646, 3
269771, 3
500430, 3
373063, 3
326167, 3
536118, 3
74510, 3
115261, 3
172654, 3
83498, 3
665300, 3
84301, 3
38112, 3
207388, 3
34878, 3
523605, 3
392060, 2
23470, 3
635185, 3
157937, 3
656083, 2
397228, 3
558930, 3
211805, 3
235923, 3
111666, 2
592387, 3
246984, 3
320389, 3
310946, 2
474844, 3
652850, 3
51284, 3
99395, 3
175294, 2
247301, 3
329170, 3
527455, 3
510281, 3
591528, 3
318008, 3
43579, 3
72993, 3
232813, 3
354281, 3
607327, 3
49210, 3
270132, 3
55360, 3
657028, 1
420040, 3
656290, 3
484749, 3
640371, 3
269922, 3
469042, 3
3275, 3
17238, 3
415939, 3
664829, 3
244712, 2
208374, 3
334068, 1
990, 3
379263, 3
577862, 3
225311, 3
624536, 3
533120, 3
50339, 3
90189, 2
560784, 3
322532, 3
436960, 3
78211, 3
588967, 3
270368, 3
40173, 3
460232, 3
113671, 3
639708, 3
631991, 3
134006, 3
193024, 3
10902, 3
122160, 3
139899, 3
551315, 3
338839, 3
298379, 3
439930, 3
508091, 3
531529, 1
453918, 3
79635, 3
367034, 3
404437, 3
190103, 3
301965, 3
371915, 3
140860, 3
99132, 3
516505, 3
207003, 3
108919, 3
396344, 3
651093, 3
662034, 3
626720, 3
403986, 3
475588, 3
401064, 3
639772, 3
319245, 3
58046, 3
335095, 3
278522, 3
535074, 3
224594, 3
639146, 3
22398, 3
341718, 3
465412, 3
70554, 3
146258, 3
444778, 3
35237, 3
253983, 3
560631, 3
639458, 3
281931, 3
343269, 3
137449, 3
302678, 3
592638, 3
349433, 3
310892, 1
399342, 3
561459, 3
642007, 3
422230, 3
427583, 3
573453, 3
68501, 3
386845, 1
477927, 3
249127, 3
207303, 3
213739, 3
233317, 3
91615, 3
63538, 3
167790, 3
345377, 3
322510, 1
288695, 3
534190, 3
439107, 3
372710, 3
414144, 3
540330, 3
7019, 3
485545, 2
325377, 3
565126, 3
323220, 3
541914, 3
523030, 3
268334, 3
94366, 3
171682, 3
168957, 3
538831, 3
97348, 3
241180, 3
616598, 3
56811, 3
515204, 3
143105, 3
563764, 3
360479, 3
66944, 3
605496, 3
31867, 3
290841, 3
602187, 3
198964, 3
234684, 3
343546, 3
345759, 1
229256, 3
211735, 3
43419, 3
359586, 3
14910, 3
569192, 3
430707, 3
14577, 3
632827, 3
109616, 3
625887, 3
306156, 3
442829, 3
363626, 3
541621, 3
333849, 3
41714, 3
52304, 3
116092, 3
68916, 3
193825, 3
339170, 3
164703, 3
128713, 3
11349, 3
68224, 3
306283, 3
144343, 3
73511, 3
574939, 3
273883, 3
465313, 3
214569, 3
303091, 1
164824, 3
651345, 3
40853, 3
197697, 3
195504, 3
412174, 3
315622, 3
464302, 3
113318, 3
376548, 3
570319, 3
107841, 3
40668, 3
546731, 3
464386, 3
381702, 3
544664, 3
571886, 3
260930, 2
77326, 2
433252, 3
80394, 3
211547, 3
605324, 1
531833, 3
390924, 3
469820, 3
474022, 3
643678, 3
380688, 3
229883, 3
209553, 3
637170, 3
522952, 3
193299, 3
37186, 3
276186, 3
52277, 3
80656, 3
659605, 3
188557, 3
383229, 3
620100, 3
45656, 3
583782, 2
621057, 3
298390, 3
46887, 3
450943, 2
151875, 3
99129, 2
369182, 3
68979, 3
350153, 3
444017, 3
487065, 3
1110, 3
132415, 3
629006, 3
366148, 3
631229, 3
240935, 3
293171, 3
256024, 3
306187, 3
80892, 3
467806, 3
151474, 3
32297, 3
175967, 3
635735, 3
391053, 3
68497, 3
597960, 3
24593, 3
118061, 3
316064, 3
592007, 3
527400, 3
455073, 3
413238, 3
255000, 3
306335, 3
465640, 3
657692, 3
399939, 3
323473, 3
224266, 3
511798, 3
64606, 3
382481, 3
253432, 3
376841, 3
242170, 3
490694, 3
553848, 3
225137, 3
424368, 2
4250, 3
130764, 3
435922, 3
636936, 3
563596, 3
68895, 3
308396, 3
214383, 3
70002, 3
391814, 3
602171, 3
351191, 3
444637, 3
369843, 3
151659, 3
638927, 3
216779, 3
259336, 3
349799, 3
380664, 3
545019, 3
491853, 3
627527, 3
581066, 3
307237, 3
157068, 3
483078, 2
621696, 3
202807, 3
230581, 3
453368, 3
444925, 3
475502, 3
199999, 3
413574, 3
643581, 3
2145, 3
257905, 3
336616, 3
479875, 3
331123, 3
627010, 3
494442, 3
358185, 3
71908, 3
400913, 3
249609, 3
72377, 3
296056, 2
119243, 3
501296, 3
82817, 3
431350, 3
76975, 3
460506, 3
519511, 3
607224, 3
534586, 3
55989, 3
445434, 3
138188, 3
429292, 3
586352, 3
111182, 3
482563, 3
241135, 3
563826, 3
263820, 3
241622, 2
249258, 3
278368, 3
581623, 3
616909, 3
17162, 3
580239, 3
570349, 3
389144, 3
169330, 3
214942, 3
94723, 3
422311, 3
374497, 3
643871, 3
159840, 3
507719, 3
19486, 3
223120, 3
654920, 3
65637, 3
22010, 3
232802, 3
319677, 2
225505, 3
572991, 3
65762, 3
321, 3
279147, 3
241941, 3
653164, 3
486092, 3
86831, 3
639329, 3
241464, 3
239567, 3
72405, 3
356077, 3
444065, 3
539289, 3
134283, 3
37658, 3
53403, 3
411421, 3
310955, 3
652209, 3
403109, 3
153376, 3
251039, 3
211111, 3
251695, 3
208277, 3
462542, 3
413738, 3
131903, 3
503051, 3
97199, 3
609217, 3
388581, 3
165092, 3
585712, 3
370702, 3
54125, 3
85033, 3
551869, 3
12063, 2
245945, 3
252533, 3
489405, 3
334213, 3
317376, 3
336070, 3
272813, 3
93225, 3
419880, 1
359030, 3
608368, 3
496784, 3
552441, 3
76711, 3
106256, 3
56072, 3
631510, 3
129241, 3
8352, 3
423737, 3
305068, 3
292897, 3
78628, 2
190713, 3
155020, 3
164885, 3
450042, 3
209340, 3
117553, 3
393668, 3
58195, 3
225114, 3
665215, 3
263983, 3
320711, 3
468156, 3
153988, 3
34286, 3
541659, 3
460793, 3
527700, 3
517064, 3
67339, 3
338921, 3
584075, 3
184751, 3
278830, 3
576854, 3
568120, 3
323291, 3
577445, 3
177264, 3
385643, 3
558507, 3
530442, 3
366221, 3
405907, 3
322467, 3
358646, 3
181596, 3
548743, 3
646689, 3
386510, 3
58088, 3
80784, 3
92556, 3
373683, 3
519292, 3
593045, 3
341219, 3
372990, 3
651885, 3
335683, 3
47226, 3
566275, 3
135733, 3
80980, 3
487069, 3
145167, 3
492532, 3
539975, 3
330946, 3
137413, 2
487637, 3
298784, 3
606387, 3
549502, 3
282921, 3
453143, 3
299262, 3
664127, 3
461505, 3
644932, 3
291404, 3
71046, 3
101684, 3
653163, 3
526815, 3
624766, 3
403709, 3
233129, 3
386175, 3
644040, 3
449709, 3
526529, 3
617731, 3
221032, 3
223339, 3
8171, 3
475078, 3
210896, 1
52783, 3
531121, 3
1238, 3
180886, 3
336413, 3
529932, 3
269585, 3
369751, 3
570037, 3
314447, 3
47912, 3
148179, 3
628969, 3
54355, 3
603032, 3
123490, 3
54859, 3
339175, 3
64748, 3
7709, 3
4352, 3
300237, 3
431884, 3
515097, 3
410300, 3
269542, 3
325415, 3
145217, 2
392428, 3
111069, 3
523435, 3
398065, 3
314385, 3
616244, 3
304423, 3
201045, 3
300484, 3
72397, 3
655982, 3
13354, 3
639092, 3
394931, 3
664999, 3
607361, 3
648330, 3
5765, 3
617364, 3
236474, 3
226925, 3
154015, 3
257536, 2
366401, 3
516910, 3
656901, 3
453610, 3
207116, 3
162052, 3
149091, 3
332136, 3
182546, 2
363457, 3
158061, 3
418569, 3
84733, 3
457220, 3
201511, 3
437366, 3
420875, 3
566732, 3
453879, 3
173756, 3
490887, 3
135502, 3
181895, 3
172603, 3
361251, 3
474994, 3
146957, 3
409650, 3
114021, 3
43468, 3
387887, 3
577928, 3
1891, 3
254345, 3
408162, 3
188329, 3
129621, 3
595263, 3
233836, 3
224202, 3
252684, 1
518148, 3
639225, 3
419017, 3
444422, 3
111123, 3
446456, 3
190465, 3
453417, 3
38174, 3
163891, 3
184600, 3
240635, 3
559262, 3
611833, 3
602066, 3
481658, 2
382016, 3
122737, 3
606640, 3
320982, 3
485344, 3
186560, 3
10507, 3
333716, 3
337301, 3
78186, 3
499271, 3
30681, 3
13625, 3
52060, 3
131362, 3
42289, 3
219245, 2
632075, 3
196600, 3
507006, 3
158545, 3
598919, 3
422920, 3
276550, 3
277706, 3
388196, 2
242165, 3
62071, 3
61896, 3
162032, 3
641929, 3
250971, 3
663486, 3
336726, 3
548561, 3
499607, 3
489692, 3
145412, 3
502683, 3
509632, 3
633087, 3
173813, 3
409432, 3
138757, 3
75019, 3
569153, 3
91020, 3
578797, 3
639372, 3
392904, 3
404379, 3
295852, 3
211240, 3
665401, 3
303643, 3
118382, 3
555701, 3
102526, 3
371608, 3
64830, 3
10066, 3
228610, 3
73849, 3
82934, 3
280403, 3
83281, 3
596808, 3
81902, 3
379579, 3
510761, 3
330481, 3
478504, 3
31941, 3
597282, 3
171692, 3
293482, 3
70513, 3
143792, 3
208832, 3
78815, 3
457258, 3
349624, 3
43508, 3
268981, 3
470348, 3
160836, 3
574410, 3
622309, 3
481829, 3
69132, 3
128403, 3
453318, 3
224078, 3
393196, 3
30288, 3
32055, 3
29451, 3
323773, 3
562548, 3
543198, 3
451746, 3
298044, 3
427474, 3
19495, 3
305699, 3
316327, 3
496868, 3
655225, 3
402842, 3
563300, 3
307599, 3
68467, 3
611151, 3
397342, 3
624750, 3
599580, 3
305541, 3
388922, 3
95723, 3
68945, 3
17298, 3
548071, 3
431272, 3
652473, 3
266708, 3
62737, 3
312198, 3
504745, 3
187735, 3
400395, 3
205184, 3
330994, 3
93129, 2
282395, 3
43859, 3
414691, 3
170876, 3
207620, 3
197995, 3
380642, 3
647944, 3
73544, 2
468524, 3
69514, 3
636230, 3
439042, 3
500966, 3
262810, 3
259374, 3
298501, 3
141526, 3
173380, 3
456548, 3
303118, 3
348005, 3
441222, 2
292094, 3
516604, 3
180127, 2
237449, 3
596850, 3
25137, 3
388552, 3
648839, 3
599302, 3
67898, 3
261682, 3
545609, 3
473010, 3
476691, 3
278806, 3
588037, 3
659197, 3
168526, 3
84560, 3
152254, 3
129049, 3
163115, 3
250367, 3
7635, 3
46756, 3
223382, 3
177363, 3
370467, 3
614728, 3
470501, 3
24719, 3
487961, 3
607708, 3
395775, 3
181951, 3
120805, 3
28826, 3
492476, 3
253887, 3
412600, 3
72641, 3
350453, 3
142999, 3
353580, 3
445380, 3
260265, 3
492986, 3
552713, 3
652044, 3
404741, 3
232946, 3
464492, 3
529046, 3
290843, 3
496247, 3
393942, 3
589726, 3
504346, 3
57377, 3
443060, 3
291622, 3
112679, 3
493205, 3
502643, 3
182133, 3
491415, 3
92946, 3
642244, 3
412791, 3
45585, 3
246458, 3
655683, 3
357739, 3
280139, 3
252439, 3
14302, 3
326598, 3
512398, 3
271520, 3
453307, 3
86368, 3
501442, 3
157895, 3
154541, 3
336278, 3
360769, 3
289805, 3
418483, 3
594322, 3
29288, 3
605821, 3
164291, 3
335506, 3
113022, 3
637699, 3
220452, 3
300116, 3
70770, 2
67553, 3
586422, 3
7213, 3
198596, 3
131471, 3
339896, 3
293224, 3
611454, 3
630905, 3
4230, 3
69549, 3
191823, 3
500550, 3
467709, 3
277618, 3
145347, 3
379112, 3
170875, 3
510056, 3
83594, 2
489378, 3
250652, 3
150741, 3
273235, 3
120453, 3
125285, 3
626790, 1
475035, 3
13950, 3
298877, 3
202180, 3
180918, 3
216903, 3
514435, 3
67513, 3
126800, 3
280366, 3
557058, 3
99263, 3
21359, 3
455716, 3
90007, 3
501391, 3
187684, 3
540155, 3
645596, 3
253356, 2
273857, 3
332671, 3
455348, 3
429325, 3
492279, 3
479989, 3
215987, 3
291209, 3
263167, 2
618313, 3
652008, 3
508795, 3
423141, 3
474752, 3
866, 3
118089, 3
134171, 2
569244, 3
598526, 3
204752, 3
524932, 3
636506, 3
215009, 3
144073, 3
327227, 3
108309, 3
623417, 3
469098, 3
30541, 3
271024, 3
252267, 3
418380, 3
348336, 3
188153, 2
630717, 3
488346, 3
258835, 3
349876, 3
398660, 3
321972, 3
21083, 3
194823, 3
188533, 3
506301, 3
195016, 3
335762, 2
403213, 3
623377, 3
570743, 3
3598, 3
585611, 3
59515, 3
350187, 3
19605, 3
81545, 3
435012, 3
488703, 3
394043, 3
26204, 3
579665, 3
14212, 3
56132, 3
526800, 3
76917, 3
362474, 3
404337, 3
118161, 3
237671, 3
298103, 3
269028, 3
201412, 3
328564, 3
247633, 3
441358, 3
508115, 3
503202, 3
575146, 3
213701, 3
100632, 3
207262, 3
648108, 3
157091, 3
62647, 3
210775, 3
633721, 3
272779, 3
385441, 3
578964, 3
158799, 3
508295, 3
637047, 3
542896, 3
135022, 3
117, 3
200615, 3
473894, 3
118417, 3
417956, 3
590615, 3
73209, 3
163612, 3
27991, 3
431626, 3
227978, 3
205189, 3
241494, 3
279417, 3
420758, 3
639673, 3
605591, 3
462845, 3
214455, 3
430788, 2
424849, 3
343212, 3
60215, 3
441607, 3
91333, 3
248463, 3
156508, 3
288131, 3
394371, 3
182059, 3
377589, 3
555672, 3
522071, 3
457265, 3
342214, 3
276495, 3
590985, 3
58125, 3
147941, 3
404675, 2
288633, 3
660546, 3
403780, 3
617739, 3
595574, 3
518107, 3
357408, 3
7663, 3
435482, 3
511398, 3
546515, 3
460895, 3
465246, 3
345008, 3
174902, 3
458139, 3
200673, 2
125050, 3
457262, 3
76217, 3
60466, 3
437398, 3
567576, 3
296920, 3
86598, 3
406386, 3
30119, 3
275950, 3
495719, 3
518620, 3
330807, 3
235911, 3
45425, 3
171748, 3
371863, 3
311538, 1
4169, 3
324194, 3
67315, 3
560142, 3
291648, 3
137572, 3
273040, 3
331560, 3
471353, 3
29668, 3
339916, 3
223738, 3
447863, 3
529991, 3
453458, 3
451101, 3
435975, 3
33141, 3
646680, 3
358762, 3
25951, 3
362841, 3
334250, 3
237320, 3
587217, 3
568634, 3
115334, 3
364335, 3
166980, 3
490093, 3
422999, 3
412975, 3
354714, 3
137162, 3
74268, 3
223682, 3
305216, 3
155227, 3
410946, 3
556477, 3
169958, 3
397365, 3
197680, 3
528820, 3
471296, 3
215912, 3
317314, 3
157113, 3
503592, 3
604954, 3
342477, 3
599099, 3
345340, 3
263135, 3
517133, 3
587651, 3
320894, 2
242994, 3
262112, 3
105579, 3
89106, 3
491377, 3
348649, 3
656152, 2
630287, 3
96601, 3
221015, 3
19593, 3
433362, 3
197125, 3
440352, 3
324678, 3
173890, 3
160043, 3
461102, 3
422201, 3
306027, 3
490213, 3
72234, 3
644215, 3
38198, 3
427392, 3
263948, 2
454232, 1
569442, 3
13550, 3
637965, 3
42550, 3
465093, 1
295975, 3
603683, 3
89260, 3
181787, 3
318388, 3
570899, 3
299705, 3
59640, 3
86676, 3
600089, 3
396324, 2
76634, 3
419659, 3
516176, 3
566569, 3
124642, 3
26426, 3
547899, 3
572164, 3
374756, 3
524002, 3
283502, 3
118319, 3
62850, 3
89979, 3
75821, 3
414651, 2
131956, 1
488962, 3
94244, 3
559420, 3
524087, 3
581609, 3
322466, 3
203167, 3
209103, 3
535220, 3
428217, 3
201353, 3
526211, 3
83203, 3
635086, 3
329716, 3
119504, 3
653654, 3
346635, 3
345454, 3
383856, 3
329119, 3
196619, 3
223949, 3
100334, 3
497157, 3
646871, 3
82906, 3
582788, 1
549989, 3
207130, 3
359216, 3
589193, 3
252006, 3
403899, 3
109994, 3
275725, 3
660865, 2
21090, 3
376941, 3
352271, 2
365427, 3
370533, 3
418237, 3
382433, 3
70124, 3
579163, 3
396752, 3
281796, 3
122417, 3
18470, 3
379564, 3
587393, 3
612041, 3
481217, 3
251186, 3
164715, 3
401487, 3
199938, 3
508437, 3
417375, 3
70224, 3
516671, 3
658783, 3
59840, 3
518373, 3
71256, 3
541179, 3
640275, 3
584259, 1
148417, 3
467968, 3
203672, 3
299112, 3
357001, 3
592299, 3
176904, 3
641706, 3
344827, 3
452920, 3
501585, 3
358502, 3
599746, 3
482318, 3
288346, 3
86584, 3
116631, 3
402846, 3
244743, 3
279240, 3
44226, 3
649070, 3
505266, 3
161140, 3
228408, 3
320091, 3
540923, 3
383279, 3
199488, 3
442586, 3
328447, 1
405396, 3
640446, 3
324487, 3
483135, 3
281403, 3
349743, 3
39167, 3
267609, 3
463247, 3
241116, 3
612516, 3
632426, 3
355998, 3
314349, 3
422121, 3
440010, 3
151670, 3
135138, 3
406921, 3
275583, 3
202537, 3
516046, 3
433701, 3
392343, 3
402815, 3
172728, 3
238545, 3
655806, 3
571390, 3
147608, 3
392774, 3
306082, 3
618960, 3
114016, 3
336979, 3
146416, 1
573300, 3
372612, 3
173255, 3
144633, 3
26954, 3
441810, 3
413508, 3
237607, 3
287664, 3
226803, 3
124450, 3
613926, 3
385405, 3
583567, 3
364874, 3
233494, 3
362714, 3
475827, 3
568044, 3
407940, 3
76012, 3
60170, 3
593966, 3
260761, 3
245790, 3
306889, 2
562709, 3
428742, 3
43735, 2
624740, 3
606205, 3
565010, 2
601775, 3
339023, 3
100288, 3
544128, 3
224744, 3
556933, 3
97588, 1
111628, 3
378716, 3
344706, 3
14740, 3
214365, 3
298348, 3
366973, 3
70104, 3
544464, 3
431447, 3
553596, 3
447226, 3
148348, 3
179192, 3
521044, 3
509694, 3
354787, 3
342831, 3
184644, 3
164113, 3
481768, 3
521944, 3
185337, 3
569111, 3
416491, 3
466244, 3
112261, 3
208302, 3
145150, 3
439151, 3
9140, 3
327908, 3
662025, 3
481029, 3
154971, 3
600165, 3
141984, 3
84576, 3
180254, 3
480089, 2
176250, 3
244205, 3
350656, 3
514861, 3
609834, 3
87601, 3
529039, 3
628369, 3
447344, 3
269162, 3
591459, 3
553728, 3
321020, 3
582728, 3
592259, 3
369015, 3
98613, 3
479501, 3
547922, 3
292318, 3
571113, 3
622553, 3
28644, 3
190293, 3
530853, 3
321477, 3
304574, 3
581815, 3
612791, 3
242000, 3
161381, 3
500268, 3
599543, 3
312745, 3
403712, 3
127984, 3
388563, 3
85362, 3
166554, 3
62206, 3
476605, 1
348192, 3
616288, 3
142200, 3
62931, 3
620210, 3
537858, 3
418576, 3
371891, 3
355772, 3
388722, 2
420180, 3
633231, 3
243397, 2
103498, 3
576509, 3
370231, 3
505473, 3
60682, 3
519925, 3
419404, 3
516838, 3
471349, 2
33495, 3
263923, 2
368640, 3
383259, 3
497561, 3
227712, 3
91240, 3
347522, 3
538689, 3
315483, 3
83846, 3
639258, 3
376056, 3
193179, 3
568170, 2
437207, 3
106521, 3
541476, 3
315019, 3
68574, 3
132908, 3
657890, 3
641842, 3
272639, 3
276976, 3
604990, 3
7085, 3
465517, 3
600189, 3
513924, 3
425240, 2
619065, 3
537479, 3
141124, 3
284756, 3
104898, 3
578926, 3
80381, 3
144469, 3
389143, 3
372169, 3
587231, 3
162903, 3
121544, 3
338187, 3
360562, 3
4119, 3
41609, 3
641514, 3
303506, 3
3717, 3
321868, 3
118093, 2
223361, 3
53874, 3
40771, 3
366368, 3
583502, 3
406486, 3
329325, 3
564518, 3
219102, 3
291437, 3
169407, 3
554543, 3
369986, 3
596037, 3
274405, 3
358544, 3
408419, 3
282337, 3
656405, 3
480095, 3
165340, 3
199381, 3
519229, 3
375445, 3
75184, 3
208784, 3
655212, 3
361831, 3
637449, 3
196782, 3
52308, 3
136278, 3
470843, 3
40243, 3
126404, 3
204686, 2
85522, 3
71576, 3
547518, 3
509595, 3
514594, 3
490839, 3
505035, 3
250867, 3
79201, 3
250316, 3
12181, 3
55662, 3
562034, 3
322696, 3
163147, 3
348240, 3
289655, 3
174722, 3
338239, 3
409178, 3
655532, 3
506923, 3
116278, 3
304894, 3
125207, 3
592607, 3
252165, 2
425485, 3
117821, 3
276139, 3
261083, 3
190354, 3
548060, 3
629300, 3
33741, 3
348691, 3
357965, 3
235860, 3
93782, 3
129915, 3
357743, 3
17465, 3
523094, 3
499375, 3
163259, 3
316299, 3
369908, 3
6674, 3
296349, 2
529052, 1
525628, 3
540381, 3
200580, 2
575838, 2
348187, 3
30419, 3
451362, 3
298276, 3
418139, 3
10760, 3
629744, 3
170014, 3
387789, 3
76272, 3
292045, 3
579336, 2
337243, 3
429182, 2
378633, 3
620743, 3
160138, 3
319226, 3
484550, 3
470412, 3
495739, 3
422353, 3
425107, 3
383885, 3
18564, 3
43855, 3
144984, 3
69781, 3
440009, 3
129366, 3
590423, 3
608019, 3
530097, 1
179896, 1
145499, 3
155472, 3
46987, 3
395901, 3
408486, 3
586807, 3
613897, 3
322386, 2
406849, 3
206037, 3
231151, 3
495680, 3
381979, 3
274261, 3
112242, 3
385519, 3
403632, 3
115016, 3
408482, 3
281647, 3
122300, 3
191950, 3
575819, 3
422402, 3
107963, 3
347392, 3
480772, 3
56232, 3
64332, 3
586448, 3
484332, 3
36348, 3
234746, 3
285804, 3
41211, 1
112947, 3
99097, 3
152578, 3
491170, 3
587134, 3
496877, 3
627425, 3
333366, 3
609978, 3
290970, 3
572580, 3
156292, 3
170576, 3
283853, 3
89581, 3
347812, 3
545524, 3
177940, 3
535885, 3
23965, 3
592957, 3
10657, 3
607869, 3
309477, 3
644797, 3
223486, 3
318514, 3
387297, 3
136783, 3
20317, 3
624585, 3
301981, 3
544507, 3
270467, 3
361445, 3
630719, 3
11137, 3
110346, 3
618160, 3
362551, 3
81230, 3
507514, 3
345332, 3
619732, 3
308259, 1
405423, 3
207343, 3
146998, 3
127300, 3
185032, 3
329915, 3
270695, 3
373947, 3
307683, 3
287297, 3
474460, 3
174386, 3
528939, 3
213287, 3
393398, 3
167119, 2
456837, 3
17659, 3
271988, 3
291581, 3
557595, 3
418507, 3
591980, 3
391143, 3
421391, 3
440560, 3
592605, 3
585934, 2
176169, 3
408443, 3
394715, 3
584289, 3
348307, 3
558580, 3
153163, 3
136113, 3
27483, 3
29423, 3
180558, 3
416484, 3
168000, 3
497271, 3
459698, 3
421132, 3
152930, 3
196734, 3
524590, 3
486659, 3
506650, 3
275696, 3
661062, 3
451556, 3
443883, 3
134947, 3
338013, 3
108938, 3
111684, 3
503407, 3
452023, 3
328033, 3
412625, 3
136066, 3
163743, 3
33429, 3
372858, 3
517502, 3
622243, 3
192226, 3
402117, 3
175209, 3
406424, 3
262521, 3
161756, 3
163807, 3
311884, 3
384765, 3
561253, 3
118499, 3
306719, 3
544031, 3
417652, 3
479923, 3
599507, 3
461636, 3
481931, 3
611108, 3
592558, 3
87791, 3
164129, 3
194457, 3
33983, 3
95932, 3
11328, 3
105398, 3
646254, 3
611307, 3
450586, 3
367241, 2
498525, 3
241228, 3
613817, 3
497443, 3
430681, 3
523072, 3
264639, 3
613496, 2
392286, 3
294494, 3
38774, 3
162883, 3
171589, 3
148857, 3
615174, 3
352948, 3
317637, 3
237394, 2
314126, 3
414780, 3
350074, 3
100174, 3
75577, 3
582873, 3
22633, 3
421309, 3
518907, 3
246692, 3
217336, 3
633690, 3
189903, 3
355789, 3
24303, 3
180780, 3
213706, 3
156291, 3
306430, 2
514577, 3
659420, 3
529925, 3
487440, 3
227872, 3
283841, 3
175115, 3
263259, 3
131325, 3
246533, 3
349262, 3
484573, 3
486790, 3
139444, 3
611731, 3
92304, 3
177788, 3
80399, 3
525470, 3
535867, 3
255242, 3
545193, 3
383013, 3
650861, 3
318506, 3
647243, 3
1452, 3
548108, 3
528690, 3
67090, 3
368334, 3
580367, 3
276836, 3
350217, 3
98289, 3
421030, 3
82562, 3
319786, 3
593752, 3
228764, 2
179127, 3
422193, 3
355776, 3
112267, 3
533479, 3
115084, 3
514869, 3
530563, 2
382559, 3
525387, 3
67354, 3
247626, 3
220196, 3
172592, 3
38460, 3
12561, 3
618484, 3
145548, 1
175443, 3
163174, 3
275900, 3
651987, 3
282190, 3
322143, 3
145104, 3
273369, 3
502721, 3
6664, 3
121836, 3
122329, 3
594679, 3
74223, 3
41206, 3
46209, 3
203068, 3
418786, 3
176642, 3
490315, 3
572432, 3
77511, 3
275123, 3
383005, 3
376339, 3
642571, 3
321228, 3
321037, 3
73598, 3
606086, 3
525192, 3
113736, 3
97514, 3
396304, 3
325655, 3
373922, 3
131191, 3
516549, 3
520870, 3
348979, 3
47804, 3
233490, 3
646305, 3
172768, 3
559209, 3
286837, 3
350635, 3
110812, 3
446774, 3
52873, 2
134842, 3
524970, 3
182622, 3
530244, 3
256651, 3
365824, 3
621364, 3
622007, 3
48379, 3
3426, 3
462679, 3
343099, 3
373402, 3
143584, 3
516750, 3
102082, 3
165058, 3
494365, 3
654431, 3
123146, 3
528596, 3
534826, 3
50501, 3
29384, 3
258249, 3
113901, 3
503930, 3
590038, 3
102711, 3
592380, 3
636020, 3
37036, 3
310005, 3
201523, 3
44452, 3
157560, 3
566277, 1
597300, 3
359940, 3
322439, 3
193339, 3
541150, 3
515826, 3
600398, 3
555429, 3
111412, 3
440337, 3
517809, 1
635236, 3
499862, 3
150515, 3
205959, 3
109121, 3
112023, 3
603279, 3
194805, 3
140065, 3
41731, 3
511118, 3
346727, 1
310271, 3
335974, 1
579310, 3
471674, 3
85219, 3
384362, 3
557475, 3
174748, 3
564483, 2
376250, 3
352541, 3
592663, 3
593933, 3
61773, 3
314312, 3
199326, 3
407237, 3
50290, 3
18841, 3
108378, 1
462023, 3
10779, 3
181888, 3
24521, 3
141743, 3
9116, 3
52673, 3
166689, 3
430753, 3
578936, 3
353413, 3
323013, 3
76115, 3
21158, 3
273492, 3
378128, 3
589735, 3
487546, 3
456709, 3
663288, 3
367689, 3
386461, 3
160778, 3
69763, 3
498117, 3
68267, 3
94316, 3
500037, 3
518324, 3
647101, 3
321253, 3
627105, 3
294214, 3
233174, 3
650521, 3
277872, 3
541527, 3
565442, 3
77796, 3
567632, 3
207834, 3
525479, 3
542133, 3
188702, 3
432351, 3
652708, 3
247133, 3
376466, 3
597393, 2
464063, 3
260191, 3
579284, 3
588737, 3
540021, 3
305317, 3
571857, 3
179575, 3
367182, 3
104113, 3
46234, 3
451001, 3
516536, 3
649504, 3
27805, 3
473830, 3
618551, 3
232178, 3
269080, 3
594481, 3
72955, 3
97451, 3
459308, 3
518793, 3
345010, 3
161134, 3
216821, 3
18621, 3
411690, 3
520639, 3
32773, 3
142030, 3
424375, 3
439804, 3
153685, 3
351957, 3
17449, 3
243347, 3
52233, 3
115009, 3
264556, 3
403056, 3
211657, 3
527265, 3
213840, 3
593963, 3
150573, 3
67594, 3
500891, 3
134804, 3
267400, 3
239839, 2
354329, 3
247991, 2
515425, 3
354071, 3
25241, 3
172601, 2
319452, 3
113650, 1
356065, 3
53673, 3
315620, 3
272099, 3
291158, 3
586265, 2
352688, 3
386329, 3
651120, 3
93836, 3
183057, 3
501423, 3
130153, 3
398580, 3
313003, 3
586407, 3
34134, 3
527437, 3
540942, 3
625454, 3
335279, 3
72505, 3
489461, 3
569225, 3
513892, 3
350058, 3
394180, 3
83900, 3
592499, 3
185393, 3
277387, 3
83056, 3
436457, 3
643861, 3
549093, 3
71627, 3
583871, 3
185100, 3
545991, 3
624791, 3
477233, 3
381474, 3
53029, 3
320498, 3
447366, 3
466535, 3
451452, 3
299638, 3
125910, 3
595292, 3
141821, 3
81530, 2
206825, 3
438593, 3
147750, 3
547286, 3
102130, 3
128273, 3
519230, 3
525519, 3
206295, 3
122660, 3
563340, 2
597638, 3
400967, 3
607422, 3
318139, 3
455685, 3
13781, 3
160929, 3
130108, 3
382194, 3
596724, 3
188704, 1
155799, 3
214963, 3
300130, 3
646656, 3
120576, 3
517363, 3
463007, 3
464440, 3
151347, 3
273188, 3
143500, 3
552325, 3
320291, 3
606170, 3
86331, 3
550422, 3
89066, 3
302707, 3
146449, 3
332326, 3
151207, 2
56372, 3
155091, 3
257883, 3
529110, 3
645758, 3
608801, 3
244691, 3
475580, 3
229803, 3
588307, 3
117342, 3
36070, 3
138847, 3
66666, 3
214784, 3
373281, 2
470578, 3
472138, 3
341125, 3
472015, 2
644482, 2
424611, 3
231941, 3
516690, 3
436369, 3
302650, 3
91969, 3
500389, 3
439153, 3
571951, 3
226455, 3
117997, 3
293269, 2
480335, 3
42455, 3
596981, 3
627868, 3
573258, 3
156928, 3
502339, 3
418785, 3
87413, 3
467861, 3
256534, 3
161620, 3
652056, 3
353898, 3
263283, 3
89176, 3
146905, 3
360035, 3
562124, 3
616902, 3
287335, 3
619722, 3
356167, 3
189125, 3
89797, 3
482147, 3
91076, 3
418301, 3
74526, 3
616746, 3
52157, 3
428863, 3
581896, 3
354150, 3
301726, 3
339484, 3
281986, 3
480072, 3
511036, 3
436185, 3
471228, 2
512283, 3
309905, 3
618971, 3
350653, 3
465361, 3
113737, 3
365972, 3
16417, 3
330066, 3
566446, 3
367552, 3
446199, 3
578660, 3
296846, 2
650999, 3
291231, 3
163888, 3
214248, 3
329282, 3
245630, 3
397487, 3
243030, 3
578111, 3
371090, 3
611690, 3
507793, 3
22538, 3
316510, 3
611962, 3
547034, 3
409008, 3
147527, 3
24650, 3
621541, 3
622625, 3
27708, 3
564674, 3
647031, 3
642347, 3
230006, 3
289519, 2
298691, 3
151062, 3
477658, 3
369489, 3
149197, 3
244647, 3
240770, 3
256065, 3
109919, 3
199094, 3
226166, 3
288833, 3
35454, 3
398835, 3
643626, 3
24887, 3
117347, 3
653230, 3
160931, 3
170291, 3
411986, 3
400716, 3
538647, 3
91575, 3
634065, 2
66727, 3
221310, 3
309721, 3
336872, 3
587355, 3
307196, 3
274681, 3
299998, 3
421591, 3
398108, 3
569292, 3
59911, 3
269822, 3
205725, 3
575926, 3
177855, 1
206275, 3
14728, 3
471260, 3
634301, 3
75446, 3
286698, 3
368188, 3
664970, 3
664599, 3
594599, 3
105447, 3
531110, 3
103903, 3
349229, 3
210442, 3
428895, 3
143707, 3
130100, 3
24927, 3
553684, 3
323165, 3
103000, 3
372427, 2
36757, 2
77279, 3
535903, 3
347744, 3
205025, 3
621794, 3
55356, 3
120130, 3
396887, 3
232065, 2
332370, 3
617123, 3
608772, 3
268144, 1
625569, 3
58763, 3
610792, 3
534576, 3
202215, 3
314125, 3
430334, 3
218095, 3
596967, 1
536672, 3
157140, 3
212816, 3
462332, 3
201204, 3
166965, 3
329804, 3
214566, 3
164869, 3
537108, 3
342066, 2
258663, 3
520039, 3
114868, 3
37367, 3
409789, 3
588781, 3
331136, 3
307782, 3
208583, 3
118554, 3
474713, 3
130525, 3
223396, 3
26714, 3
627308, 3
111160, 3
308755, 3
279898, 3
11547, 3
601093, 3
76192, 3
125742, 3
23300, 3
221679, 3
301300, 3
197931, 3
315992, 3
179753, 3
523703, 3
305855, 3
255580, 3
201970, 3
408201, 3
137262, 3
482242, 3
199101, 3
375395, 3
163598, 3
147779, 2
651884, 3
106035, 3
17170, 3
511495, 3
600940, 3
14557, 3
264246, 3
264865, 3
299784, 3
459160, 3
46175, 3
584841, 3
91547, 3
650815, 3
137780, 3
423152, 3
651119, 3
282443, 3
379282, 3
38224, 3
457042, 3
158782, 3
363286, 3
337024, 3
25699, 3
292277, 3
232108, 3
94024, 3
394899, 3
499732, 3
562740, 3
16755, 3
654636, 3
383369, 3
245158, 3
213511, 3
276505, 3
604023, 1
363607, 3
293966, 3
419917, 3
461454, 3
387759, 3
411478, 3
35924, 3
470779, 3
223812, 3
209731, 3
516462, 3
240692, 3
107622, 3
583482, 3
375997, 2
437754, 3
378136, 3
454885, 3
160125, 3
481525, 3
260120, 3
187549, 3
252144, 3
471598, 3
273803, 3
608941, 3
562774, 3
475670, 1
384274, 3
63, 3
342304, 3
114425, 3
468591, 3
48855, 3
553088, 3
140868, 3
336197, 3
578983, 3
565739, 3
379469, 3
652736, 3
255563, 3
366554, 3
299217, 3
283251, 3
340971, 3
645818, 1
455319, 3
64525, 3
473759, 3
135120, 3
442252, 3
410070, 3
352994, 3
270668, 3
194623, 3
391395, 3
423533, 3
294005, 3
343886, 3
354242, 3
253242, 3
537301, 3
169049, 3
100419, 3
41466, 3
582374, 3
138104, 3
225970, 3
305675, 3
613527, 3
364968, 3
30210, 3
231950, 2
220700, 3
280606, 3
78726, 3
503733, 2
524695, 3
325108, 3
277048, 3
104251, 3
44953, 3
482745, 3
131830, 3
153725, 3
435134, 3
254162, 3
53562, 3
492030, 3
53288, 3
353976, 3
270284, 3
51348, 3
327056, 3
395779, 3
480844, 3
168197, 3
622034, 3
286733, 3
452378, 3
336242, 3
628120, 3
222507, 3
440932, 2
411066, 3
635718, 3
602464, 3
348314, 3
183048, 3
249268, 3
145115, 3
494637, 3
247860, 3
122908, 3
194343, 3
210428, 3
127450, 3
349634, 3
54481, 3
354558, 3
187783, 3
456762, 3
497143, 3
573239, 3
156804, 3
479588, 3
490176, 3
403090, 3
388823, 3
249193, 3
289567, 3
280268, 3
620262, 3
524031, 3
596834, 3
110058, 3
148578, 3
591327, 3
434105, 3
47240, 3
173908, 3
9840, 3
144457, 3
334223, 3
470876, 3
335281, 3
215456, 3
39525, 3
610170, 3
255182, 3
652969, 3
463874, 3
328106, 3
423755, 3
442139, 3
153792, 3
589204, 3
335743, 3
359027, 2
114366, 3
496427, 3
300937, 3
607007, 3
197535, 3
97703, 3
508868, 3
291834, 3
351849, 3
317888, 3
247292, 3
145418, 3
529999, 3
158642, 3
20611, 3
139080, 3
655546, 3
467023, 3
491128, 3
569635, 3
42170, 3
405511, 3
311542, 3
251946, 3
590143, 3
62233, 3
538193, 3
391254, 3
91945, 3
394183, 3
364862, 3
97384, 3
375723, 3
411199, 3
141656, 3
384862, 1
399303, 3
231451, 2
531715, 3
479265, 1
165210, 3
251171, 3
651183, 2
488717, 1
287105, 3
378926, 3
203225, 3
519471, 3
272504, 3
357172, 3
38496, 3
579861, 3
1022, 3
120804, 3
166249, 3
209058, 3
438453, 3
57031, 3
525455, 3
301680, 3
600136, 3
539928, 2
358966, 3
50293, 3
610180, 3
480216, 3
492685, 3
519486, 3
200601, 3
44643, 3
562411, 3
149586, 3
73433, 3
577666, 3
425536, 3
526663, 3
46941, 3
437946, 3
388745, 3
297071, 3
566775, 3
266940, 3
571084, 3
317833, 3
499075, 3
544468, 3
360117, 3
252311, 1
109716, 3
415716, 3
203177, 3
76177, 3
640772, 3
585177, 2
530974, 3
117815, 3
392260, 3
337897, 3
109382, 3
612561, 3
354718, 3
316749, 3
327373, 3
347262, 3
439603, 3
170953, 3
207361, 3
343438, 3
504682, 3
646082, 3
649876, 3
625352, 2
250361, 3
473206, 3
621349, 2
315866, 3
20453, 3
576791, 3
290584, 3
619094, 1
46959, 3
164658, 3
76390, 3
292472, 3
468098, 3
257096, 3
641699, 3
21440, 3
378880, 3
118432, 3
129450, 3
293905, 3
433154, 3
514609, 3
440223, 3
554349, 3
30055, 3
335669, 3
282848, 3
428458, 3
31098, 3
450185, 3
481115, 3
204613, 3
594086, 3
481184, 3
495802, 3
568572, 3
627986, 3
547793, 3
162055, 3
425159, 3
281861, 3
597991, 3
373080, 3
615763, 3
356330, 3
521917, 3
120157, 3
202194, 3
360108, 3
261348, 3
37003, 2
485228, 3
11071, 3
598948, 3
29892, 3
371165, 3
129198, 3
423001, 3
383978, 3
527381, 3
652574, 3
657322, 3
447505, 3
655599, 3
459240, 3
418055, 3
239669, 3
234268, 3
12862, 3
401708, 3
240950, 3
108171, 3
371020, 3
88843, 3
617611, 3
32782, 3
253558, 3
324169, 3
171290, 3
357280, 3
462805, 3
396136, 2
206415, 3
225452, 3
437870, 3
328504, 3
535458, 3
440372, 3
237592, 3
660086, 3
452173, 3
232780, 3
25866, 3
648699, 2
285857, 3
252023, 3
126342, 3
93598, 3
212345, 3
393564, 2
564380, 3
596342, 3
175747, 3
472470, 3
99908, 3
63112, 3
445721, 3
198781, 3
430395, 3
366977, 3
254364, 3
433227, 3
11307, 3
632174, 3
177739, 3
586252, 3
242317, 3
113933, 3
65405, 3
140178, 3
119965, 3
512246, 3
111337, 3
526755, 3
108083, 3
365879, 2
308495, 3
96784, 3
279517, 3
444631, 3
489964, 3
257640, 3
343637, 3
361959, 3
177669, 3
293774, 3
399493, 3
330313, 2
606572, 1
198721, 3
529573, 3
578468, 3
454615, 3
252371, 3
583547, 3
360356, 3
142093, 3
242532, 3
513121, 3
405682, 3
590542, 3
619887, 3
658195, 1
658973, 3
92836, 3
276678, 3
82949, 3
139531, 3
256686, 3
12324, 3
452404, 3
157381, 3
501881, 3
110108, 3
410810, 3
214505, 3
408581, 3
612892, 3
51867, 3
507214, 3
623801, 3
147250, 3
332668, 3
614786, 2
232306, 3
149714, 3
627724, 3
528169, 3
89901, 3
388395, 3
148706, 3
194163, 3
510089, 3
638290, 3
222769, 3
374425, 3
270923, 3
309399, 3
614642, 3
413114, 3
607013, 3
624704, 3
473713, 3
250992, 3
239273, 3
662182, 3
458656, 3
287771, 3
471781, 1
411287, 3
260991, 3
422456, 3
384823, 3
185147, 3
615031, 3
439024, 3
508845, 3
223640, 3
591450, 3
126012, 3
626415, 3
317123, 3
120361, 3
594274, 3
249203, 3
283696, 3
67219, 3
380409, 3
631757, 3
49463, 3
407614, 3
639398, 3
267545, 3
365103, 3
429748, 2
577363, 3
225917, 3
424499, 3
426694, 1
425472, 3
67104, 3
100900, 3
313060, 3
214068, 3
235054, 3
10350, 3
538907, 3
31877, 2
614724, 3
334817, 3
19002, 3
262934, 3
638245, 3
217871, 3
588619, 3
352534, 3
1213, 3
602731, 3
98720, 3
357451, 3
120188, 3
285911, 3
573779, 3
125335, 3
410397, 3
15231, 3
399847, 3
114240, 3
266094, 3
191256, 3
179141, 3
360638, 3
388012, 3
637177, 3
184478, 3
511393, 3
542210, 3
329879, 3
493052, 3
506385, 3
387329, 3
498131, 3
346326, 3
242745, 3
649719, 3
270137, 3
91486, 3
149927, 3
311866, 3
500751, 3
143975, 3
546472, 3
289009, 3
462242, 1
635876, 3
427074, 3
334115, 3
349181, 3
450734, 3
15413, 3
52479, 3
359109, 2
554879, 3
85143, 3
443475, 3
106184, 3
160283, 3
549023, 3
85635, 3
170650, 3
285578, 3
46712, 3
198259, 3
608524, 3
39896, 3
412814, 3
616716, 3
184899, 3
591013, 3
342172, 3
456888, 3
475704, 3
478496, 3
633205, 3
452564, 3
562609, 3
233279, 3
421232, 3
395024, 3
555541, 3
132753, 3
517167, 3
643436, 3
324920, 3
529994, 3
196538, 3
533451, 3
25521, 3
195267, 3
235527, 3
283675, 3
527875, 3
191497, 3
205029, 3
255040, 3
70959, 3
183771, 3
577974, 3
472046, 3
342508, 3
246652, 3
543935, 3
354323, 3
292500, 3
375447, 3
54640, 3
196064, 3
245199, 3
148853, 3
61028, 3
429656, 3
553420, 3
170825, 3
213814, 3
161723, 3
257133, 3
313900, 3
118296, 3
430017, 3
527361, 3
13519, 3
370698, 3
513706, 3
327842, 3
274782, 3
284362, 3
18505, 3
310240, 3
183373, 3
573937, 3
69903, 2
208846, 3
588134, 3
612120, 3
391843, 3
295547, 3
131810, 3
459774, 3
224347, 3
641542, 3
55516, 3
634264, 3
486917, 3
247685, 3
630396, 3
350647, 3
127643, 3
296231, 3
234364, 3
206597, 3
125536, 3
665155, 3
84248, 3
634813, 3
157863, 3
456164, 3
625349, 3
456234, 3
293940, 3
128531, 2
354085, 3
559285, 3
503595, 3
500600, 3
552937, 3
287821, 3
665312, 3
163707, 3
170167, 3
481696, 3
391116, 3
654423, 3
91608, 1
614362, 3
532275, 3
428185, 3
546581, 3
552721, 3
342306, 3
633759, 3
448236, 3
380461, 3
648207, 3
11096, 3
74693, 3
334283, 3
406826, 3
160437, 3
185664, 3
184451, 3
501865, 3
110200, 3
578728, 3
145851, 3
166772, 3
158549, 3
383297, 3
367171, 3
133478, 3
327727, 3
509690, 3
245523, 3
297551, 3
531537, 3
596406, 3
408575, 3
653067, 3
22714, 3
214703, 3
66423, 3
422992, 3
383613, 3
574406, 3
171182, 3
290311, 3
336263, 3
549861, 3
128253, 3
64804, 3
290830, 3
87319, 3
171676, 3
176834, 3
232650, 3
467111, 3
639513, 3
398194, 3
441762, 3
483966, 3
565244, 3
524742, 3
174349, 3
516894, 3
561826, 2
199986, 3
475955, 3
450896, 3
223940, 3
478245, 3
616507, 3
136194, 3
125817, 3
37182, 3
29950, 3
102749, 3
128610, 3
595193, 3
492044, 3
495982, 3
135602, 3
276157, 3
441916, 3
121432, 3
395714, 3
197003, 3
186086, 3
306261, 3
313575, 3
523942, 1
517006, 3
67202, 3
390381, 3
396741, 3
372827, 1
55174, 3
133306, 2
158805, 3
93471, 3
332788, 3
584269, 3
455356, 3
140311, 3
345228, 3
512296, 3
61795, 3
299782, 3
288348, 3
158483, 3
612679, 2
190679, 3
651178, 3
198242, 3
90571, 3
532291, 3
422205, 3
88822, 3
322780, 3
3216, 3
113829, 3
451567, 3
264150, 3
339443, 3
120513, 3
177039, 3
499182, 3
499763, 3
5065, 3
569321, 3
128099, 3
38253, 3
612016, 3
654439, 3
11958, 3
389521, 3
278367, 3
481426, 3
55994, 3
444030, 1
525710, 3
626913, 3
164235, 3
265194, 3
67650, 3
136326, 2
321810, 3
251352, 3
527586, 3
497254, 3
444830, 3
185059, 3
121913, 3
33740, 3
518885, 3
134973, 3
319526, 3
499225, 3
495694, 3
182607, 3
560693, 3
348767, 3
243216, 3
94036, 3
203928, 3
53917, 3
502968, 3
144262, 3
507123, 3
534558, 3
322979, 3
600476, 3
262782, 3
139387, 2
4239, 3
577420, 3
133651, 3
628986, 3
633170, 3
197451, 3
435343, 3
537816, 3
490161, 3
535562, 3
504450, 3
153403, 3
64509, 3
656434, 3
54748, 3
248956, 3
204200, 3
523026, 3
300188, 2
522304, 3
283832, 3
55022, 3
128604, 3
174479, 3
174180, 3
319699, 3
454978, 3
620437, 3
330508, 3
557525, 3
308202, 3
558465, 3
322999, 3
343480, 3
572630, 3
29053, 3
104378, 3
518528, 3
625752, 3
32215, 3
358481, 3
450624, 3
491668, 3
46626, 3
33669, 3
213185, 3
137056, 3
495480, 3
60708, 3
12583, 3
277641, 3
547039, 3
647670, 3
438348, 3
659237, 3
4816, 3
456257, 3
561342, 3
398340, 3
554098, 3
312296, 3
469913, 3
423995, 3
199733, 3
130904, 3
393806, 3
519459, 3
131497, 3
346449, 3
622384, 3
523186, 3
277635, 3
366134, 2
222969, 2
328990, 3
134779, 3
616703, 3
142947, 3
394545, 3
635173, 3
168372, 3
175813, 3
107678, 3
38724, 3
268091, 3
582010, 2
384359, 3
207433, 3
295697, 3
398360, 3
174965, 3
81734, 3
527654, 3
564033, 3
349390, 3
223176, 3
268313, 3
400298, 3
580891, 3
53422, 2
360955, 3
461573, 3
395208, 3
443923, 3
654341, 3
188985, 3
599653, 3
451960, 3
559189, 3
31362, 3
326998, 3
513717, 3
577159, 3
217128, 1
102441, 3
49788, 3
72464, 3
196767, 3
345734, 3
603947, 3
20093, 3
142881, 2
450706, 3
292699, 3
377611, 3
555098, 3
54917, 3
556070, 3
455389, 3
432272, 3
274277, 3
604922, 3
604078, 3
368305, 3
655135, 3
408089, 3
454272, 3
126151, 2
362189, 3
77873, 3
165566, 3
493243, 3
253464, 3
316560, 3
102709, 3
321106, 3
177728, 1
180503, 3
252737, 3
496208, 3
380169, 3
277145, 3
571571, 3
295689, 3
4224, 3
504430, 3
413863, 3
86861, 3
32009, 3
290043, 3
435699, 3
282225, 3
431174, 3
152457, 3
2708, 3
212035, 3
224781, 3
28435, 3
399684, 3
213345, 3
371611, 3
623892, 3
338892, 3
511192, 3
428511, 3
450877, 3
68067, 3
574076, 3
267517, 3
181660, 2
644735, 3
146646, 3
181814, 3
536305, 3
597995, 3
73892, 2
363572, 3
336597, 3
418378, 3
222133, 3
455200, 3
546064, 3
510668, 3
291812, 3
568890, 3
61390, 3
364877, 3
34862, 3
612622, 3
271477, 3
65516, 3
337496, 1
539120, 3
235638, 3
599113, 3
253408, 3
36093, 3
30641, 2
306108, 3
561863, 3
94275, 3
317235, 3
462383, 3
173671, 3
247008, 3
21468, 3
186735, 3
619676, 3
128700, 3
132974, 3
601967, 3
260460, 3
46505, 3
301386, 2
6745, 3
206668, 3
619836, 3
535078, 3
119877, 3
192388, 3
593000, 2
268722, 3
142767, 3
244687, 3
622233, 3
409360, 3
417496, 3
304031, 3
120821, 3
271880, 3
473823, 1
609336, 3
516312, 3
268338, 3
453617, 2
655956, 3
299414, 3
304897, 3
71843, 3
260363, 3
17262, 3
605512, 3
98733, 3
285533, 3
335476, 3
244714, 3
49608, 3
504982, 3
629526, 3
573456, 3
94335, 3
381087, 3
114825, 3
492378, 3
113864, 3
216067, 2
564652, 3
620315, 3
411525, 3
446544, 3
442868, 3
301798, 3
644114, 3
604991, 3
194728, 3
165537, 3
589036, 3
559506, 3
194903, 3
301344, 3
436064, 2
642264, 3
479801, 1
60325, 3
11712, 3
225012, 3
619250, 3
224937, 3
108774, 3
648113, 3
654612, 3
20648, 3
639999, 3
458252, 3
130694, 3
19511, 3
344058, 3
228734, 3
636669, 3
184392, 3
64881, 3
93664, 3
477529, 3
149583, 2
510088, 3
288626, 3
201923, 3
213957, 3
393156, 3
463820, 3
427646, 3
634220, 3
551157, 3
84770, 3
319173, 3
48431, 3
605917, 3
276221, 3
102359, 3
449228, 3
536263, 3
351504, 3
58828, 3
215336, 3
308446, 3
186704, 3
356939, 3
506571, 3
497318, 3
159811, 3
537943, 3
200911, 3
531455, 3
568666, 3
575280, 3
179053, 3
450414, 3
588329, 3
181441, 3
167318, 3
216436, 3
559665, 3
423449, 3
71954, 3
146744, 3
629865, 3
279642, 3
226594, 3
259754, 3
204212, 3
336776, 1
266190, 3
533570, 3
171441, 3
247876, 3
14031, 3
254020, 3
396545, 3
88857, 3
328720, 3
508574, 3
40350, 3
277856, 3
306510, 3
95538, 3
354971, 2
493654, 3
300090, 3
270697, 3
536029, 3
401765, 3
577326, 3
640742, 3
65957, 3
431527, 3
560646, 3
4469, 3
571166, 3
209736, 3
382365, 3
515017, 3
272108, 3
210874, 3
510131, 3
589800, 3
130507, 3
309872, 3
65113, 3
525088, 3
311461, 3
636741, 3
649688, 3
603394, 3
174227, 3
451453, 3
211710, 2
302617, 3
567339, 3
162091, 3
63959, 3
321663, 3
401741, 3
467843, 3
481432, 3
52516, 3
579371, 3
638632, 2
661511, 3
54762, 3
92030, 3
462622, 3
351847, 3
627402, 3
473844, 3
114216, 3
373944, 3
278583, 3
211202, 3
154680, 2
152967, 3
134396, 3
36665, 3
248366, 3
369037, 2
446292, 3
34561, 3
449060, 2
631897, 3
90456, 3
305224, 3
103572, 3
542357, 3
378224, 3
388978, 3
300399, 3
236121, 3
273268, 1
587145, 3
103399, 3
226007, 3
380018, 3
536662, 3
445807, 3
142599, 3
479913, 3
659732, 3
571471, 3
34892, 3
641668, 2
134054, 3
610953, 3
470504, 3
320779, 3
251571, 3
51333, 3
253989, 3
270052, 3
661998, 3
433633, 3
608874, 3
267032, 3
71659, 3
147268, 3
297317, 3
451406, 3
622049, 3
611967, 3
191730, 3
579092, 3
546632, 3
518365, 3
531705, 3
133547, 3
73431, 3
45167, 3
607247, 3
344767, 3
67009, 3
368843, 3
278370, 2
30919, 3
233250, 3
450808, 3
54393, 3
277175, 3
596383, 3
156084, 3
146378, 3
180373, 3
206056, 3
345358, 3
270897, 3
70201, 3
429018, 2
193456, 3
553582, 3
397966, 3
262777, 3
647810, 3
296914, 3
143840, 3
40115, 1
322719, 3
485684, 3
427196, 3
337167, 3
410359, 3
213019, 3
414752, 3
552744, 3
341563, 3
34946, 3
365158, 3
537281, 3
548077, 3
482299, 3
135626, 3
275033, 3
551923, 3
352672, 3
47775, 3
88352, 3
399844, 3
98131, 3
591934, 3
35243, 3
653257, 3
5461, 3
286570, 3
402708, 3
613300, 3
17987, 3
512018, 3
175339, 3
646831, 3
388335, 3
377725, 3
316123, 3
290459, 3
753, 3
642239, 3
424209, 3
127578, 3
313254, 3
295070, 3
610076, 3
586539, 3
630697, 3
303035, 3
246194, 3
221291, 3
319337, 3
519775, 3
451438, 3
21439, 3
148851, 3
268373, 3
581795, 3
184593, 3
258457, 3
578849, 3
544711, 3
74573, 3
277388, 3
296516, 3
513005, 3
22017, 3
374454, 3
341598, 3
596805, 3
77195, 3
306525, 3
208415, 3
388415, 3
654776, 3
114778, 3
631450, 3
35779, 3
399498, 3
97062, 3
50033, 3
38464, 3
110694, 3
107049, 3
575614, 3
476917, 3
497381, 3
33375, 3
639855, 3
110985, 3
102406, 3
607819, 3
35396, 3
429834, 3
336265, 3
584821, 3
108949, 3
350850, 3
615896, 3
535966, 3
231191, 3
506119, 3
248034, 3
637812, 3
129092, 3
361849, 3
592098, 3
561112, 3
407181, 3
270063, 3
134478, 3
270379, 3
187607, 3
135638, 3
465844, 3
224965, 3
418979, 3
254831, 3
177458, 3
69713, 3
631743, 3
566076, 3
33098, 3
90872, 3
417048, 3
381668, 3
517021, 3
642601, 3
429607, 3
495774, 3
139312, 3
456963, 3
429300, 3
637523, 3
336622, 3
4066, 3
428180, 3
594450, 3
454266, 3
349867, 3
534531, 3
639727, 3
251346, 2
88400, 3
95997, 3
190749, 3
406719, 3
665045, 3
4528, 3
660397, 2
288446, 3
184389, 3
477133, 3
520440, 3
544974, 3
376700, 3
181864, 3
32150, 3
132945, 3
357818, 3
267245, 3
144712, 2
364177, 3
639527, 3
467237, 2
532577, 3
439069, 3
482628, 3
238674, 3
479645, 3
593418, 3
225782, 3
51582, 3
403724, 3
182529, 3
367610, 3
206072, 3
430714, 3
32111, 3
443960, 3
374470, 3
367164, 3
75789, 3
545767, 3
46412, 3
503838, 3
354622, 3
174723, 3
458, 3
237881, 3
432551, 3
81061, 1
569247, 3
341681, 3
319939, 3
170226, 3
291562, 3
225740, 3
522595, 3
363328, 3
261817, 3
541919, 3
551539, 3
187400, 3
111174, 3
197509, 3
49432, 3
621870, 3
4505, 3
143151, 3
144484, 3
156708, 3
443591, 3
455981, 3
629038, 3
306142, 3
153822, 3
142243, 3
466078, 3
578904, 3
122599, 3
337165, 3
205416, 3
511077, 3
584989, 3
296084, 3
430848, 3
129440, 3
115557, 3
508352, 1
163086, 3
170053, 3
387655, 3
70473, 3
636133, 3
610810, 3
622797, 3
549409, 3
593129, 3
14134, 3
243307, 3
458661, 3
633917, 3
664983, 3
90338, 3
606505, 3
305014, 3
13252, 3
544828, 3
376512, 3
490829, 3
238682, 3
147435, 2
122125, 3
438770, 3
633951, 3
643205, 3
451003, 3
365487, 3
17448, 3
566046, 3
243330, 3
460323, 3
294845, 3
435290, 3
624489, 3
413014, 3
412062, 3
581746, 3
102004, 3
557418, 3
427692, 3
124427, 3
443252, 3
357170, 3
439035, 2
523396, 3
231469, 3
296934, 3
303557, 3
392988, 3
381126, 3
295149, 3
557459, 3
266751, 3
181442, 3
244926, 3
568455, 3
231863, 3
13859, 3
202165, 3
451818, 3
247442, 3
225139, 3
623006, 3
334957, 2
575082, 3
167936, 3
330921, 3
351700, 3
645880, 3
411849, 3
455355, 3
585227, 3
261982, 3
537031, 3
311147, 3
394026, 3
590790, 3
176158, 3
144307, 3
194666, 3
148522, 3
389287, 3
222076, 3
370401, 3
198209, 3
246286, 3
373223, 3
360789, 3
307699, 3
13827, 3
149984, 3
467672, 3
384764, 3
152214, 3
616818, 3
76385, 3
95782, 3
307724, 3
86005, 3
13424, 3
609754, 3
234475, 3
96434, 3
643471, 3
386772, 3
19581, 3
648787, 3
292997, 1
133479, 3
190391, 3
564247, 3
566085, 3
25800, 3
211372, 3
476936, 3
484574, 3
230252, 2
65966, 3
10703, 3
179546, 3
312134, 3
329763, 3
166802, 3
190998, 3
643537, 3
177986, 3
531664, 3
80117, 3
618569, 3
594529, 1
239240, 3
625640, 3
556569, 3
73044, 3
398969, 3
540320, 3
489283, 3
503488, 3
354543, 3
57511, 3
451415, 3
373308, 3
422963, 3
239738, 3
260177, 3
607742, 3
228473, 2
368310, 3
361336, 3
401436, 3
519422, 3
207270, 3
393871, 2
490979, 3
580031, 3
543027, 3
157410, 3
289995, 3
65868, 3
168830, 3
445979, 1
531653, 3
26396, 3
111096, 3
569922, 3
530518, 3
39269, 3
126066, 3
259464, 3
603828, 3
652539, 3
135372, 3
63197, 3
442277, 3
177753, 3
241961, 3
302394, 3
390050, 3
32434, 3
570367, 3
311077, 3
565655, 3
622632, 3
299128, 3
153018, 2
66692, 3
421515, 3
150893, 3
311085, 3
537429, 3
56504, 3
78169, 3
327763, 3
145960, 3
184859, 3
316472, 3
172406, 3
433081, 3
60484, 3
30381, 3
507191, 3
17419, 3
541195, 3
370221, 3
30578, 3
533511, 3
365841, 3
596532, 3
108555, 3
190263, 3
610971, 3
621008, 3
7354, 3
534528, 3
183479, 3
246809, 3
178096, 3
517274, 3
247934, 3
560154, 3
497410, 3
644165, 3
155240, 2
191111, 3
614586, 3
634677, 3
91861, 1
478130, 3
127413, 2
150026, 3
310052, 3
375144, 3
599123, 3
546826, 3
504102, 3
458968, 3
570421, 3
327098, 3
559429, 3
109198, 3
286077, 3
238388, 3
397945, 3
281110, 3
118646, 3
556811, 3
293589, 3
200113, 3
45258, 3
588590, 3
92247, 3
573019, 3
547147, 3
343835, 3
328937, 3
621614, 3
249747, 3
331864, 3
186122, 3
195187, 3
525434, 2
586740, 1
119756, 3
110468, 3
257699, 3
646859, 3
231664, 3
226885, 3
103523, 3
141946, 2
450559, 3
446175, 3
374309, 3
172276, 3
213136, 3
561751, 3
613033, 3
395828, 3
367715, 3
600306, 3
651254, 3
51769, 3
490939, 3
589530, 3
244509, 3
615274, 3
429897, 3
461718, 3
883, 3
160140, 3
664342, 3
13186, 3
383438, 3
96509, 3
200951, 3
5273, 3
626826, 3
494142, 3
159755, 3
420, 3
563475, 1
524429, 3
510722, 3
59862, 3
553437, 3
560042, 3
17245, 3
437833, 3
225626, 3
266229, 1
35626, 3
516463, 3
109152, 3
483553, 3
17450, 3
376230, 3
24901, 3
294252, 3
428649, 3
60317, 3
438095, 3
629898, 3
148287, 1
517688, 3
44979, 3
518263, 3
352613, 3
86512, 3
44465, 2
227590, 3
136073, 3
88201, 3
640756, 3
268891, 3
138624, 3
120542, 3
246535, 3
506308, 3
35656, 3
117818, 3
581803, 3
398614, 3
362258, 3
6209, 3
20553, 3
346396, 3
194014, 3
612547, 3
116312, 3
393438, 3
579485, 3
645717, 3
380245, 3
546070, 3
112272, 3
2493, 3
204172, 3
332851, 3
594366, 3
598262, 3
280986, 3
590437, 3
201249, 2
184178, 3
509123, 3
513397, 3
619553, 1
515239, 3
538534, 3
543545, 3
253427, 3
333049, 3
83120, 3
584951, 3
154906, 3
337405, 3
198570, 3
569584, 3
27587, 3
292824, 3
199308, 3
60643, 3
653175, 3
510879, 3
103458, 3
355302, 3
506644, 3
488969, 3
119515, 3
532717, 3
247376, 3
113505, 3
435854, 3
95573, 3
93094, 3
146853, 3
429434, 3
402320, 3
78595, 3
423277, 3
377451, 3
75982, 3
317512, 3
100012, 3
262232, 3
77055, 3
149622, 3
7049, 3
135306, 3
587658, 3
168707, 3
119341, 3
227223, 3
406054, 3
288559, 3
502967, 3
482106, 3
503245, 3
358505, 3
196932, 2
67263, 3
596157, 3
235686, 3
440168, 3
514827, 3
611710, 3
157223, 3
396282, 3
143578, 3
493532, 3
397016, 3
70668, 3
330928, 3
367051, 3
273542, 3
595589, 3
366311, 2
649421, 3
87997, 3
663992, 3
575111, 3
518034, 3
90705, 2
266570, 3
187523, 3
228585, 3
633306, 3
229785, 3
258468, 2
110216, 3
225133, 3
417992, 3
608214, 3
90555, 3
531410, 3
643915, 3
426721, 3
607834, 3
33221, 3
187081, 3
53181, 3
194873, 3
579694, 3
35032, 3
27180, 3
252954, 3
298287, 3
636047, 3
46612, 3
33828, 3
353475, 3
184926, 3
114556, 2
508877, 3
563417, 3
321773, 3
150265, 3
194188, 3
152232, 3
642504, 3
40301, 3
610630, 3
214189, 3
87288, 3
563722, 3
482308, 3
663303, 3
146589, 3
90174, 1
139482, 3
129168, 3
332386, 3
345730, 3
268024, 3
32793, 3
575025, 3
59998, 3
277981, 3
268275, 2
134112, 3
874, 3
67340, 3
168071, 3
284721, 3
586567, 2
183232, 2
29268, 3
115453, 3
82735, 3
540692, 3
233879, 3
241933, 3
34681, 3
158074, 3
485389, 3
300362, 3
124522, 3
661793, 3
127010, 3
622391, 3
263925, 3
401966, 3
32074, 3
215821, 3
383150, 3
533042, 3
316827, 3
205643, 3
256472, 3
601756, 3
500675, 3
105594, 3
459835, 3
423551, 3
49855, 3
556648, 3
330199, 3
201068, 3
462765, 3
304013, 3
268416, 3
425249, 3
275284, 3
570153, 3
440789, 3
493121, 3
513128, 3
261, 3
272738, 3
195533, 3
573806, 3
451849, 3
313211, 3
416, 3
364581, 3
633864, 3
313297, 3
576268, 3
262268, 3
464809, 2
462390, 3
551892, 3
370390, 2
522344, 3
603140, 3
357346, 3
4711, 3
258191, 3
220029, 3
469760, 3
236935, 3
99376, 3
652888, 3
362905, 3
422329, 3
389747, 2
243816, 3
372058, 3
210064, 3
88732, 3
579113, 3
186694, 1
396263, 3
334829, 3
36383, 3
448673, 3
581152, 3
615232, 3
437478, 3
159305, 2
534076, 3
337886, 3
49690, 3
249817, 2
268264, 3
285038, 3
86555, 3
344842, 3
438398, 3
43355, 3
474596, 3
652384, 3
284587, 3
412093, 3
402880, 3
279739, 3
73592, 3
601481, 3
384153, 3
606709, 3
96228, 3
92474, 3
322898, 3
436796, 3
287916, 3
641545, 3
366764, 3
135808, 3
412426, 3
140359, 3
71866, 3
133699, 3
162954, 3
537912, 3
417029, 3
606945, 3
607001, 2
211416, 2
500107, 3
95737, 3
325900, 3
54010, 3
471567, 3
103701, 3
461438, 3
553359, 3
640757, 3
206611, 3
612663, 2
153927, 3
209822, 2
472485, 3
204329, 3
590275, 3
112775, 3
286036, 3
26573, 3
619854, 3
212225, 3
135675, 3
4917, 3
40521, 3
535045, 3
369058, 3
19515, 3
606363, 3
449719, 3
267601, 3
316890, 3
547162, 3
330922, 3
302359, 3
281646, 3
115345, 3
52080, 3
256975, 3
464394, 3
641703, 3
456389, 3
93796, 3
40116, 3
214855, 3
472925, 3
332869, 3
7597, 3
147660, 3
509174, 3
632522, 3
256526, 3
311075, 3
235072, 3
180066, 3
267890, 3
128985, 3
113620, 3
96591, 3
187087, 3
200290, 3
544227, 3
623274, 3
629153, 3
281536, 3
225578, 3
599201, 3
609747, 3
454940, 3
651467, 3
318577, 3
535168, 3
250209, 3
277076, 3
339811, 1
478773, 3
368186, 3
375879, 3
236911, 3
135304, 3
279544, 3
634607, 3
81729, 3
605812, 3
44011, 1
297610, 3
133942, 3
38796, 3
121414, 3
271757, 3
316438, 3
97324, 3
656057, 2
347649, 3
48827, 1
160812, 3
468236, 3
463457, 3
5838, 3
444994, 3
135262, 3
645235, 3
202134, 3
544977, 3
362094, 3
120386, 3
509750, 3
118377, 3
412491, 3
643460, 2
198551, 3
318257, 3
419482, 3
214882, 3
256938, 3
154296, 1
617502, 3
184362, 3
555828, 3
449194, 3
401673, 3
108395, 3
254784, 3
252827, 3
234135, 3
464800, 3
327635, 2
434791, 3
33331, 3
342110, 3
446155, 3
35436, 3
30475, 3
73289, 3
367193, 3
474712, 3
622845, 3
189798, 3
293840, 3
230014, 3
317725, 3
38270, 3
473710, 1
218016, 3
380163, 3
578390, 3
560862, 3
298810, 3
30068, 3
637364, 3
561127, 3
540511, 3
328104, 3
390441, 3
75770, 3
576198, 3
303562, 3
450698, 2
153703, 3
502450, 1
530013, 3
93436, 3
506953, 2
488549, 3
120673, 3
234743, 3
626727, 3
510184, 3
454616, 3
571106, 3
188749, 3
96607, 3
373356, 3
83565, 3
462728, 3
487617, 3
620851, 3
225282, 3
185310, 3
56716, 3
270951, 3
632066, 3
86898, 3
455667, 2
300189, 3
379267, 3
2051, 3
419664, 3
589459, 3
85850, 3
536265, 3
463686, 3
92848, 3
563670, 3
257541, 3
605613, 2
289833, 3
487168, 3
639219, 3
505697, 3
525812, 3
265007, 3
442318, 3
505660, 3
199359, 3
417513, 3
152142, 3
569908, 2
619997, 3
662162, 3
76132, 3
64136, 3
637966, 3
448394, 3
398742, 3
161703, 3
476391, 3
212660, 3
209088, 3
309122, 3
15103, 3
355743, 3
33777, 3
616430, 3
301678, 3
626555, 3
406722, 3
594442, 3
473944, 1
614275, 3
336588, 3
284032, 3
553945, 3
51651, 3
113372, 2
663517, 3
19858, 3
310351, 3
437994, 3
153566, 3
238459, 3
103548, 3
157360, 3
565615, 3
234557, 3
142665, 3
552095, 3
353855, 3
220323, 3
70015, 3
591873, 3
597235, 3
10134, 3
364547, 3
595031, 3
547167, 3
24875, 3
166818, 3
88737, 3
180443, 3
21039, 3
452678, 2
269019, 3
32285, 3
449588, 3
97665, 3
464299, 3
259656, 3
433376, 3
89258, 3
330360, 3
209119, 3
24611, 3
265067, 3
371441, 3
115577, 3
448245, 3
604613, 3
483572, 3
541158, 3
16949, 3
556622, 3
591693, 3
45334, 3
56607, 3
503079, 3
532346, 3
624319, 3
132568, 3
552455, 3
22413, 3
210573, 3
192446, 3
114616, 3
159775, 3
69338, 3
318697, 3
645869, 3
411897, 3
107540, 3
63794, 3
548588, 3
657961, 3
522489, 1
624859, 2
13585, 3
424002, 3
243029, 3
111250, 3
629206, 3
217063, 3
363542, 3
53535, 3
139610, 2
579166, 3
261100, 3
637264, 3
575756, 3
102048, 3
367954, 3
438951, 3
57151, 3
308882, 3
172735, 3
647210, 3
158633, 3
116974, 3
74352, 2
126106, 1
529500, 3
535173, 3
445505, 1
605568, 3
16616, 3
73793, 2
609865, 3
200888, 3
542682, 3
418125, 3
500543, 2
194117, 3
6322, 3
585821, 3
121890, 3
544605, 3
368387, 3
141034, 3
302648, 3
444618, 3
657876, 3
324045, 3
637259, 3
451460, 3
229614, 3
339929, 3
502242, 3
186517, 3
367027, 3
130625, 3
587628, 3
413937, 3
523454, 3
328532, 3
197022, 3
431958, 1
603772, 3
205883, 3
633782, 3
369060, 3
131403, 3
650388, 3
267906, 3
591377, 3
337528, 2
72154, 3
97339, 3
43109, 3
240706, 3
387258, 3
537487, 3
565455, 3
447287, 3
465131, 3
248002, 3
492288, 3
218139, 3
524323, 3
367220, 3
402736, 3
176888, 3
132692, 1
452738, 3
637000, 3
497492, 3
76433, 3
80186, 3
485125, 3
150837, 3
292257, 3
124724, 3
129215, 3
310386, 3
192304, 3
443577, 2
58668, 3
375469, 3
448743, 3
421364, 3
144239, 3
474034, 3
514840, 3
630218, 3
268269, 3
530730, 3
464030, 3
368841, 2
622868, 3
167957, 3
259183, 3
456449, 3
338720, 3
583533, 3
576466, 3
198490, 3
54238, 3
559297, 3
520101, 3
382742, 3
503814, 3
259920, 3
28863, 3
134864, 3
220903, 3
400268, 3
323056, 3
553501, 3
161279, 3
87023, 3
349734, 3
480513, 3
134844, 2
318683, 3
431720, 3
311648, 3
568882, 1
341105, 3
117034, 3
237682, 3
339414, 3
632707, 3
438952, 3
306566, 2
664838, 3
625255, 3
200838, 3
486083, 2
44141, 2
250597, 3
569085, 3
123217, 3
63911, 3
43041, 3
53978, 3
237147, 3
227670, 3
16072, 3
152596, 3
7650, 3
234427, 3
63527, 3
69281, 3
183407, 2
106292, 3
26548, 3
390007, 3
299426, 3
506689, 3
370374, 3
473670, 3
459379, 3
564867, 3
549577, 3
482848, 3
483197, 3
464685, 3
153013, 2
458212, 3
472383, 3
349580, 3
82143, 3
391864, 3
196862, 3
498794, 3
448417, 3
597804, 3
327474, 2
360408, 3
139393, 2
72427, 3
418849, 3
91859, 3
423988, 3
11141, 3
311770, 2
653822, 3
224601, 2
318324, 1
381509, 3
426008, 3
633913, 2
355170, 3
279169, 3
348139, 3
123901, 3
96133, 3
233587, 3
489612, 3
29035, 3
656074, 3
480803, 3
648213, 3
635806, 3
371779, 3
363331, 3
182332, 1
415081, 3
191985, 3
487033, 3
525272, 3
243070, 3
275021, 3
559683, 3
629286, 3
560544, 3
81867, 3
499242, 3
186853, 3
61890, 3
475417, 3
307292, 3
549256, 3
47796, 3
359393, 3
330025, 3
624985, 3
518995, 2
212700, 3
386886, 2
254969, 3
513056, 3
344558, 3
610192, 3
276427, 3
180867, 2
576861, 3
659063, 3
397207, 3
476373, 3
309513, 3
388598, 3
262736, 3
58172, 3
511969, 3
197715, 3
584637, 3
511214, 3
70093, 3
546529, 3
267579, 3
594901, 3
78219, 3
194906, 3
348115, 3
1285, 3
611049, 3
494274, 3
418395, 3
228832, 3
139358, 2
208733, 3
257521, 3
283912, 3
53598, 3
286291, 3
268000, 3
615833, 3
427176, 3
249211, 3
527475, 3
317656, 3
9110, 3
480501, 3
252340, 3
502611, 3
561273, 3
651267, 3
456889, 3
629967, 3
430269, 3
568502, 3
435002, 3
109799, 3
598551, 3
616133, 3
296766, 3
570401, 3
212083, 3
110686, 3
379301, 3
418486, 3
499399, 3
514745, 3
497239, 3
584248, 3
211924, 3
25541, 3
646227, 3
470972, 3
338095, 3
355521, 3
215795, 3
263818, 2
245254, 3
228437, 3
242005, 3
296844, 3
66006, 3
453692, 3
296140, 3
235248, 3
251169, 3
297084, 3
360469, 3
245149, 3
263764, 2
546775, 3
95763, 3
442086, 3
103426, 3
273786, 3
109361, 3
316283, 2
67637, 3
62603, 3
634759, 3
448479, 3
83799, 3
523516, 3
206813, 3
191721, 3
466522, 3
572679, 3
428453, 3
529066, 2
564761, 3
73764, 3
532020, 3
338828, 3
593830, 3
599175, 3
451518, 1
627691, 3
251802, 3
490068, 3
261397, 3
130920, 3
422435, 3
46404, 3
566871, 3
646941, 3
555023, 3
425672, 3
309978, 3
50500, 3
181107, 3
483225, 2
313669, 3
613219, 3
271244, 3
482463, 3
784, 3
557634, 3
590268, 3
651600, 3
365083, 3
390489, 3
374067, 3
329555, 3
664241, 3
344294, 3
236415, 3
634239, 3
163513, 3
636259, 3
55224, 3
417943, 3
441765, 3
160299, 3
341272, 3
131251, 3
99193, 3
94431, 3
104789, 3
256778, 3
187001, 3
5267, 3
279465, 3
111257, 3
118017, 3
593068, 3
192774, 3
528311, 3
260717, 3
280992, 3
84735, 3
398278, 3
266905, 3
256423, 3
587982, 3
198099, 3
233482, 2
405056, 3
389619, 3
665000, 2
392091, 1
534524, 3
632929, 3
172385, 3
548233, 3
587577, 3
412631, 3
294375, 3
402853, 3
221221, 3
372648, 2
36812, 3
192248, 2
409259, 3
573942, 3
471024, 3
581049, 3
153190, 3
942, 3
177172, 3
105394, 3
341039, 3
111870, 3
298122, 3
212013, 3
362259, 3
454608, 3
376347, 3
184360, 3
42373, 3
375637, 3
6512, 3
416095, 3
416358, 3
284870, 3
638057, 3
291350, 3
45115, 3
441721, 3
141179, 3
495419, 3
169637, 3
611921, 3
440493, 3
21546, 3
166690, 3
283908, 3
517175, 3
512908, 3
203550, 3
514409, 3
529051, 1
49123, 3
509798, 3
452921, 3
541354, 3
147856, 3
133125, 3
246727, 3
469705, 3
468864, 3
207614, 3
292829, 3
13394, 2
528881, 3
361857, 3
419935, 3
552782, 3
121265, 3
534436, 3
22604, 3
326918, 3
256144, 3
198477, 3
507636, 3
409119, 3
357677, 2
240769, 3
137816, 3
424285, 3
415248, 2
89560, 3
338086, 3
8005, 3
353658, 3
90931, 3
257983, 3
428421, 3
151104, 3
136650, 3
286721, 3
594996, 3
114500, 3
450535, 3
409405, 3
76536, 2
188172, 3
93042, 3
475325, 3
546324, 3
212654, 3
584067, 1
295565, 3
473485, 3
106737, 3
119778, 3
486784, 3
605438, 3
450865, 3
255576, 3
307041, 3
634512, 3
252520, 3
304427, 3
521093, 3
166404, 3
186608, 3
430088, 3
564751, 3
59968, 3
92767, 3
424874, 3
249858, 3
591136, 3
424316, 3
367292, 3
605889, 3
385191, 3
566506, 3
101710, 3
318765, 3
376728, 3
457518, 3
410633, 3
246296, 3
136056, 3
177263, 3
573320, 3
309762, 3
582401, 3
184040, 2
169719, 3
379195, 3
42750, 3
143527, 3
192684, 3
392666, 3
253313, 3
272831, 2
57032, 3
636390, 3
280532, 3
37894, 3
221132, 3
311614, 3
635120, 3
243321, 3
422910, 3
1716, 3
579292, 3
314658, 3
347901, 3
585223, 3
273248, 3
458341, 3
642260, 3
46981, 3
495657, 3
520770, 3
7624, 3
95170, 3
550211, 3
20082, 3
169187, 3
129055, 3
652955, 2
11661, 3
664166, 3
167714, 3
475370, 3
280748, 3
445371, 3
489171, 3
365674, 3
580557, 3
422209, 3
571085, 3
195256, 3
518050, 3
652546, 3
92386, 3
349425, 3
270091, 3
508076, 3
321752, 3
212878, 3
121800, 3
456763, 3
363723, 3
439827, 3
440531, 3
478000, 3
497472, 3
568421, 3
354341, 3
205595, 3
67517, 3
111213, 1
103180, 3
207178, 3
213371, 2
636117, 3
630441, 2
232443, 3
212099, 3
599453, 3
187824, 2
659423, 3
332925, 3
607561, 3
486409, 3
126319, 3
345642, 3
243331, 3
305009, 2
291039, 3
631650, 3
99269, 3
524110, 3
9551, 3
234728, 3
475295, 3
554206, 3
174470, 3
108868, 3
255028, 3
261680, 3
365734, 3
144128, 3
565289, 3
348893, 3
423372, 3
637446, 3
36488, 3
500505, 3
533334, 3
457154, 3
432648, 1
215388, 3
586080, 2
420006, 3
554908, 3
155124, 3
600435, 3
549935, 3
293440, 3
287427, 3
28485, 3
65009, 3
183166, 3
244049, 3
625026, 3
256654, 3
515754, 3
644460, 3
388633, 3
460513, 3
120149, 3
458619, 3
513609, 3
647186, 3
477656, 3
320286, 3
12953, 3
536764, 3
597445, 3
354904, 3
78927, 2
326920, 3
536690, 3
26588, 3
662276, 2
529581, 3
347258, 3
289504, 3
147918, 3
18446, 3
343644, 3
29836, 3
250871, 3
81994, 3
488372, 3
242974, 3
47152, 3
464178, 3
210402, 3
590554, 3
465763, 3
397204, 3
618253, 3
341697, 3
414551, 3
37703, 3
166225, 3
10669, 3
282947, 3
477484, 3
601578, 3
143095, 3
76461, 3
113191, 3
200155, 3
21715, 3
170979, 3
75409, 3
394334, 3
344900, 3
199104, 3
51983, 3
227885, 3
322583, 3
219536, 3
245448, 3
250978, 3
340045, 3
60969, 3
448425, 3
661947, 2
282046, 3
320702, 3
163643, 3
48746, 3
4102, 3
265276, 3
191377, 3
293777, 3
592806, 3
518622, 3
571611, 3
110772, 3
206673, 3
374456, 3
213347, 3
152316, 3
635618, 3
420025, 3
520011, 3
253884, 3
118763, 3
131178, 3
34865, 3
187725, 3
504469, 3
515171, 3
392077, 2
635244, 3
539482, 3
434656, 2
160843, 3
602842, 3
660870, 3
295461, 3
548080, 3
373463, 3
653942, 1
47412, 3
550159, 3
598503, 2
468938, 3
620661, 2
656134, 3
105699, 3
322288, 3
621279, 2
223506, 2
241130, 3
581573, 3
388477, 3
570602, 3
482382, 3
198945, 3
218080, 3
158968, 3
411503, 3
566557, 3
308809, 3
531462, 3
93232, 3
252417, 3
22223, 3
377808, 3
635121, 3
623301, 3
463857, 3
186338, 2
254604, 3
479016, 3
499462, 3
488040, 3
399309, 3
505069, 3
107736, 3
615371, 3
28785, 3
254445, 3
218522, 3
559356, 3
642873, 3
144001, 3
649888, 3
520163, 3
602926, 3
335139, 3
206931, 3
176862, 3
266022, 3
544847, 3
367561, 3
216926, 3
584188, 3
286465, 3
208016, 3
533494, 3
316, 3
333486, 3
410499, 3
18464, 3
509147, 3
663298, 2
173402, 3
315115, 3
117528, 3
477896, 3
472633, 3
291628, 3
251854, 3
221584, 3
522175, 2
473101, 3
6951, 3
257465, 3
245599, 3
26373, 3
446270, 3
5323, 3
192317, 3
215320, 3
628311, 3
522965, 3
219119, 3
92942, 3
74476, 3
377937, 3
29632, 3
239795, 3
544126, 3
477165, 3
76242, 3
367267, 3
588117, 3
538107, 3
333054, 3
179023, 3
276397, 3
199996, 3
552444, 3
390167, 2
48837, 3
353910, 3
22204, 3
200185, 3
19020, 3
368509, 3
230346, 3
9088, 3
472941, 3
346008, 3
157475, 3
409587, 3
124824, 3
534012, 3
531245, 3
19748, 3
381935, 3
660149, 3
336961, 3
363010, 3
519901, 3
349110, 3
349174, 3
343531, 3
13215, 3
94655, 3
237972, 3
292284, 3
229651, 3
363915, 3
453032, 3
547780, 3
382333, 3
332896, 3
466253, 3
114638, 3
190253, 3
367768, 3
471860, 3
593989, 3
569200, 3
499957, 3
625743, 1
612713, 2
132142, 3
447113, 3
176462, 3
289620, 3
360659, 3
70485, 3
153455, 3
210213, 1
90342, 3
403514, 3
562437, 3
506747, 3
198170, 3
241760, 3
101077, 3
396427, 3
434049, 3
40410, 3
506545, 3
232613, 3
39982, 3
617111, 3
363455, 3
634215, 3
199651, 3
523173, 3
413456, 3
645108, 3
376722, 2
584288, 3
391394, 3
359874, 3
459795, 3
302481, 3
347935, 3
550968, 3
450355, 3
287847, 3
339763, 3
594758, 3
65632, 3
61378, 2
213006, 3
37529, 3
506106, 3
529020, 3
462444, 3
244808, 3
417790, 3
263052, 3
165538, 3
139514, 2
343336, 3
241672, 3
344433, 3
473296, 1
591041, 3
388531, 3
102437, 3
133073, 3
304854, 3
557407, 3
233881, 3
210254, 3
578059, 3
261583, 3
115372, 3
90004, 3
596553, 3
214471, 3
267568, 3
594222, 3
162642, 3
344105, 3
390150, 3
151378, 3
35798, 3
601504, 3
348508, 3
22022, 3
242435, 3
336792, 3
647166, 3
202711, 3
242594, 3
243562, 3
179469, 3
178883, 3
369318, 3
557662, 3
483201, 3
596188, 3
461956, 3
243121, 3
424196, 1
171838, 3
294122, 3
393571, 3
22602, 3
310571, 2
329834, 3
369020, 3
41377, 3
575530, 3
160388, 3
530194, 3
270995, 3
575628, 2
239370, 3
468207, 3
26021, 3
252603, 3
135813, 3
593138, 3
583868, 3
250033, 3
476820, 3
466472, 3
284042, 3
642197, 3
144465, 3
358534, 3
188647, 3
444134, 3
219295, 3
366371, 3
482018, 3
414200, 3
634788, 3
548209, 3
191646, 1
473456, 3
437017, 2
353285, 3
515292, 3
539892, 3
588589, 3
613877, 3
358478, 3
418852, 3
507893, 3
623662, 3
310086, 3
451831, 3
606850, 3
110847, 3
459579, 3
566469, 3
621412, 2
304103, 3
641510, 3
413010, 3
562994, 3
465276, 3
339366, 3
547013, 3
585154, 3
185437, 3
588522, 3
121920, 3
264200, 3
577346, 3
487305, 3
97516, 2
168819, 3
500863, 3
85365, 3
85342, 3
592250, 3
134452, 3
584033, 3
393811, 2
299972, 3
491191, 3
483797, 3
407841, 3
285538, 3
132878, 3
556402, 3
573848, 2
177846, 3
95771, 3
415602, 3
123918, 3
495463, 3
7699, 3
371325, 3
114729, 3
197693, 3
272155, 3
653244, 3
119606, 3
351185, 3
283919, 3
146701, 3
550310, 3
533638, 3
541708, 3
122342, 3
109315, 3
541318, 3
143801, 3
398128, 3
55531, 3
567092, 3
628936, 3
107596, 3
197821, 2
442067, 3
655620, 3
602854, 3
432339, 3
477968, 3
353308, 3
102458, 3
477108, 3
531487, 3
606939, 3
492796, 3
333204, 3
20707, 3
442020, 3
557556, 3
413800, 2
83437, 3
46079, 3
503980, 3
271916, 3
436034, 3
489654, 3
29856, 3
229403, 2
387944, 3
479977, 3
540481, 3
331073, 3
282396, 3
215056, 3
580553, 1
229117, 1
623477, 2
324751, 3
388587, 3
377598, 3
122583, 2
209922, 3
233889, 3
337013, 3
76062, 3
487857, 3
202484, 3
334836, 3
327788, 3
493569, 3
370472, 3
522840, 3
443980, 3
145925, 3
593563, 3
282509, 3
590849, 3
374744, 3
532581, 3
449735, 3
595186, 3
3788, 3
307920, 3
259603, 3
488815, 3
200324, 2
191915, 2
182289, 3
375883, 3
360976, 3
128535, 3
320648, 3
298473, 3
561512, 3
553738, 3
438262, 3
477716, 3
41192, 3
467970, 3
400264, 3
426951, 3
173009, 3
407417, 3
237722, 3
175875, 3
28891, 3
177088, 3
16225, 3
427462, 3
442334, 3
572968, 3
495176, 2
436777, 3
621520, 3
662071, 3
153749, 3
35838, 3
99201, 3
400338, 3
376106, 3
137161, 3
103804, 3
112240, 3
606260, 3
491278, 3
329797, 3
640097, 3
511211, 3
333408, 3
92884, 3
71097, 3
78382, 3
532123, 3
59399, 2
120433, 3
630433, 3
440961, 3
500548, 3
57432, 2
11031, 3
329319, 3
431910, 3
621485, 3
460633, 1
400507, 3
463348, 3
552463, 3
29771, 3
277168, 3
399944, 3
397855, 3
353607, 3
424520, 3
548958, 3
163599, 3
429162, 3
507939, 3
194107, 3
332142, 3
335715, 3
121595, 3
639330, 3
58445, 3
531559, 3
399383, 3
255840, 3
432338, 3
116723, 3
372622, 3
427370, 3
104975, 3
33066, 3
601130, 3
491359, 3
237388, 3
253741, 3
545520, 3
375246, 3
585299, 3
180806, 3
541848, 3
437954, 3
371102, 3
115668, 3
293743, 3
623244, 3
235815, 3
82808, 3
296730, 3
247946, 3
55115, 3
365248, 3
589114, 3
200546, 3
9910, 3
512215, 3
637140, 3
48861, 3
250693, 3
116567, 3
506139, 3
317202, 3
145206, 3
178081, 3
364075, 3
278673, 3
61458, 3
456967, 3
415077, 3
434708, 3
640037, 3
348546, 3
245814, 3
38837, 3
201130, 3
246149, 3
338881, 3
342896, 3
144023, 3
506501, 3
283520, 3
387872, 3
519563, 3
480236, 3
661264, 3
652318, 3
111709, 3
659410, 3
383740, 3
472093, 3
636744, 3
446046, 3
552557, 3
605068, 1
653332, 3
638392, 2
184334, 3
266059, 3
127551, 3
240525, 3
483031, 3
17765, 3
277966, 3
162511, 3
131740, 3
389176, 3
591695, 3
402373, 3
104861, 3
138070, 3
96876, 3
343181, 3
79202, 3
257592, 3
351808, 3
126488, 3
206030, 3
3721, 3
607567, 3
304937, 3
23563, 3
32904, 3
182827, 3
315092, 3
286558, 3
625664, 3
513950, 3
282968, 3
282749, 3
431059, 3
314244, 3
632318, 3
635761, 3
322181, 3
229560, 2
628981, 3
8341, 3
222783, 3
329001, 3
649525, 3
296134, 3
928, 3
492579, 3
326311, 3
174030, 3
489494, 3
316905, 3
18517, 3
163573, 3
341226, 3
88484, 3
652491, 3
606718, 3
101610, 3
267176, 3
568968, 3
595358, 3
137367, 3
413277, 3
391107, 3
42833, 3
31632, 3
562236, 3
288066, 3
249322, 3
286341, 3
418366, 3
156133, 3
601668, 3
649808, 3
528249, 3
451050, 3
488125, 3
164782, 3
519335, 3
425899, 3
612935, 3
479488, 3
49708, 3
113341, 3
162447, 3
444231, 3
314309, 3
184709, 3
455546, 3
417997, 3
150196, 3
31060, 3
360812, 3
271774, 3
613274, 3
55520, 3
501851, 3
618957, 3
522919, 3
528821, 3
119371, 3
415998, 3
336424, 3
523977, 3
108027, 3
138354, 3
14218, 3
316846, 3
12123, 3
128942, 3
120723, 3
381703, 3
620248, 3
250913, 3
354847, 3
305232, 3
625191, 3
14377, 3
455779, 3
603096, 3
520016, 3
662081, 3
426828, 3
148251, 2
173237, 3
75621, 3
65831, 3
196118, 3
534453, 3
135185, 3
200468, 3
26767, 3
570259, 3
145842, 3
87403, 3
631222, 3
139142, 3
355248, 3
264209, 2
388165, 3
546162, 3
346124, 3
173592, 3
555953, 3
103049, 3
163623, 3
298058, 3
492303, 3
251225, 3
627233, 3
405293, 3
441953, 3
357310, 3
514093, 3
321495, 3
468680, 3
258740, 2
242676, 3
97122, 3
497764, 3
526088, 3
187060, 2
456613, 3
193849, 3
448177, 3
313864, 3
175486, 3
122807, 3
631118, 3
230483, 3
80981, 3
621253, 2
211991, 3
68252, 3
80972, 3
434501, 3
633698, 3
324076, 3
322318, 3
30856, 3
534177, 3
535629, 3
265314, 3
532668, 3
336973, 3
549541, 3
380653, 3
301511, 3
436130, 3
531988, 3
174841, 3
475398, 3
72524, 3
264977, 2
580825, 3
133978, 3
318135, 3
517082, 3
458763, 3
348169, 3
105720, 3
529118, 3
134964, 3
408788, 3
569416, 3
549050, 3
162687, 3
525788, 3
6594, 3
466135, 3
150923, 3
378161, 3
246846, 3
613703, 1
540847, 3
576086, 2
438628, 3
196305, 3
465690, 3
289560, 3
167380, 3
333453, 3
540931, 1
520211, 3
166168, 3
310299, 3
115099, 2
493343, 3
93953, 3
235647, 3
84594, 3
615945, 3
428434, 3
357361, 3
515032, 3
369049, 3
133316, 3
213878, 3
228064, 3
639032, 3
190269, 3
262557, 3
422896, 3
192534, 3
150875, 2
236768, 3
606024, 3
391598, 3
209139, 3
262029, 3
598211, 3
599861, 3
489032, 3
116015, 3
189601, 2
497677, 2
180559, 3
385975, 3
526820, 3
434316, 3
523035, 3
525268, 3
49016, 3
225455, 3
534965, 3
395264, 3
348431, 3
151522, 3
18955, 3
538847, 3
74450, 3
160088, 3
594079, 3
648339, 2
538286, 3
44602, 3
78970, 3
265282, 3
438830, 3
426267, 2
51540, 3
579041, 3
278516, 3
46391, 3
9095, 3
71109, 3
393097, 3
447051, 3
374002, 3
499511, 2
352786, 3
420687, 3
205740, 3
505799, 3
53840, 3
18258, 3
656989, 3
424191, 3
641624, 3
629007, 3
593820, 3
526974, 3
257501, 3
110979, 3
16212, 3
562017, 3
41636, 3
581939, 3
246086, 3
405916, 3
429953, 3
309459, 3
664046, 3
641875, 3
633216, 3
69917, 3
160878, 3
557476, 3
127512, 3
236898, 2
634429, 3
248161, 3
309690, 3
365633, 3
40109, 3
328075, 3
449133, 3
89014, 3
64973, 3
53567, 3
629666, 3
518839, 3
437540, 3
161428, 3
593015, 3
568678, 3
419526, 3
167286, 3
135951, 3
494443, 3
230172, 3
186197, 3
47852, 3
299754, 3
193593, 3
635457, 3
166255, 3
218995, 2
611219, 3
359582, 3
223073, 3
218437, 3
478721, 3
557379, 3
35430, 3
145791, 3
482565, 3
168645, 3
443500, 3
291363, 3
331151, 3
223727, 3
481475, 3
367629, 3
429963, 3
239683, 3
352162, 3
31441, 3
465909, 1
363639, 3
1090, 3
455494, 3
346224, 3
138543, 3
435851, 3
430410, 3
648759, 3
78184, 3
261969, 3
590311, 3
412852, 3
536834, 3
463491, 3
611937, 3
563851, 3
357325, 3
643771, 3
73286, 3
371712, 3
212526, 3
50729, 3
391352, 3
6, 3
645560, 3
309957, 3
654260, 3
613243, 3
56987, 3
440288, 3
514837, 3
434983, 3
261304, 3
18198, 3
618631, 3
123783, 3
215396, 3
521439, 3
148002, 3
552604, 3
94267, 3
461903, 3
448318, 3
487000, 3
623551, 3
251507, 3
374346, 3
464210, 3
499114, 1
424706, 3
521519, 3
119281, 3
627359, 3
280656, 3
198174, 3
497189, 3
307634, 3
130619, 3
58954, 3
201932, 3
359822, 3
530569, 3
35473, 3
513011, 3
137257, 3
318610, 3
109087, 3
488738, 3
392801, 3
493404, 3
111382, 3
425403, 3
252484, 3
431616, 3
208538, 3
544553, 3
265360, 3
609801, 3
6197, 3
81990, 3
625233, 3
298961, 3
543157, 3
94216, 3
527391, 3
195304, 3
526254, 3
259089, 3
178629, 3
243376, 3
92582, 3
198932, 3
441710, 3
436147, 3
62208, 3
62032, 3
49124, 3
395508, 3
91593, 3
126444, 3
500694, 3
243952, 3
274936, 3
489504, 3
45379, 3
355538, 3
618524, 3
272934, 3
575533, 2
467198, 3
302727, 3
603120, 3
449384, 3
32171, 3
212014, 3
382182, 3
462942, 3
11084, 3
442238, 3
223690, 3
305929, 3
39806, 3
461482, 3
436605, 3
30375, 3
237243, 3
334904, 3
113420, 3
619360, 3
311958, 2
638302, 3
547525, 3
245087, 3
134545, 3
359252, 3
20832, 3
636273, 3
269020, 3
192187, 2
637167, 3
397346, 3
3959, 3
138879, 3
423246, 3
461993, 3
461684, 3
359555, 3
657373, 3
359617, 3
187903, 3
441849, 2
568041, 3
403525, 3
200589, 3
38785, 3
649576, 3
301990, 3
103638, 3
304297, 3
73357, 3
311757, 3
385492, 3
334095, 3
115240, 3
548402, 3
326550, 3
577294, 3
400824, 3
60893, 2
30693, 3
189300, 3
328555, 3
350744, 3
472543, 3
17983, 3
304405, 1
656377, 3
641186, 3
150186, 3
110348, 3
122237, 3
573449, 3
170761, 3
173060, 3
18531, 3
206296, 3
509516, 3
493423, 3
623363, 3
91058, 3
337718, 3
332371, 3
271131, 3
19918, 3
114815, 3
492306, 3
99484, 3
292650, 3
340181, 3
224738, 3
320356, 3
286867, 3
418183, 3
166243, 3
168843, 3
313741, 3
133690, 3
132428, 3
230007, 3
169558, 3
385909, 2
595854, 3
215166, 3
169410, 3
4260, 3
591244, 3
132832, 3
7181, 3
174186, 3
4380, 3
296187, 3
523301, 3
480156, 3
256074, 3
554325, 3
434055, 3
572601, 3
185388, 3
575158, 2
176269, 3
322124, 3
553007, 3
665151, 3
650103, 3
627762, 3
322750, 3
41628, 1
438873, 3
495141, 3
92267, 3
150596, 3
445837, 3
517847, 3
618474, 3
320231, 3
635687, 3
259616, 3
491674, 3
32630, 3
159942, 3
320529, 3
22863, 3
205506, 3
622917, 3
378291, 3
527200, 2
340118, 3
277772, 3
541475, 3
550259, 3
43556, 3
394744, 3
538443, 3
515461, 3
656054, 3
113512, 3
218964, 3
79544, 3
158170, 2
256811, 3
605253, 3
11665, 3
635391, 3
9467, 3
606185, 3
212178, 3
484005, 3
277595, 3
100652, 3
235094, 2
419587, 3
234409, 3
54122, 3
469998, 3
594276, 3
161739, 3
212493, 3
182331, 2
276467, 3
255661, 3
9781, 3
73933, 3
135644, 3
556308, 3
504026, 3
290574, 3
301624, 3
93874, 3
60482, 3
92258, 3
387723, 3
561415, 3
621386, 3
14427, 3
11791, 3
519093, 3
58319, 3
252064, 3
284552, 3
174691, 3
51619, 3
398889, 3
323826, 3
419351, 3
217196, 3
216597, 3
253410, 3
229514, 3
622182, 3
117942, 3
516490, 2
114861, 3
84285, 3
313684, 3
320535, 3
248279, 3
551920, 3
562526, 3
533895, 3
309204, 3
470855, 3
658028, 3
613546, 3
362580, 3
598099, 3
391267, 3
31980, 1
254496, 3
398757, 3
442335, 3
655042, 3
83199, 3
638919, 3
27326, 3
616122, 3
172617, 3
271049, 3
591083, 3
427105, 3
324564, 3
173016, 3
615719, 3
216572, 3
297247, 3
46355, 3
496982, 3
311433, 3
167582, 3
215420, 3
609015, 3
387303, 3
96349, 3
568782, 3
156207, 3
161677, 3
9680, 3
186681, 3
213229, 3
356481, 3
271178, 3
661325, 3
48601, 1
396305, 3
52606, 3
511347, 3
85405, 3
268921, 3
152713, 3
479823, 3
367927, 3
575044, 3
87580, 3
484921, 3
339555, 3
506124, 3
130425, 3
540676, 3
26462, 3
631926, 3
299038, 3
313484, 3
27077, 1
496673, 3
22005, 2
282929, 3
344610, 3
196145, 3
638831, 3
52495, 3
66903, 3
416588, 3
570489, 3
33823, 3
97316, 3
405991, 3
76346, 3
544367, 3
321087, 3
211880, 3
65021, 3
89871, 3
594974, 3
133260, 3
116663, 3
243069, 3
481359, 3
574617, 3
421099, 3
34979, 2
29887, 3
108679, 3
456488, 3
592573, 3
389492, 3
62170, 3
211574, 3
506305, 3
198880, 3
289283, 3
281836, 3
31787, 2
154107, 3
243058, 3
80959, 3
540415, 3
332040, 3
91038, 3
9858, 3
610548, 3
44910, 3
449798, 3
236947, 3
497228, 3
524292, 3
587427, 3
388767, 1
643895, 3
38220, 3
474352, 3
538781, 3
409554, 3
231516, 3
429011, 3
528073, 3
251345, 3
325611, 3
119245, 3
337589, 3
223450, 3
534015, 3
160430, 3
141040, 3
437219, 3
459926, 3
639664, 3
40333, 3
98492, 3
397253, 3
474131, 3
285841, 3
326563, 3
543307, 3
30138, 2
564617, 3
341053, 3
603249, 3
390431, 3
190357, 3
565356, 3
460967, 3
243190, 1
658124, 3
119964, 3
620452, 3
464509, 3
441877, 3
266475, 3
94624, 3
370292, 3
28893, 3
552624, 3
341404, 3
221526, 3
549539, 3
619123, 3
339332, 3
439121, 3
21754, 3
203810, 3
69349, 3
269285, 3
411909, 3
222737, 3
566296, 3
616759, 3
235506, 3
362405, 3
347128, 3
340040, 1
286454, 3
341642, 3
212200, 3
39180, 3
317172, 3
204385, 1
554443, 3
428255, 3
321196, 3
402537, 3
237090, 3
373343, 3
537167, 3
557001, 3
281962, 3
349614, 3
180547, 3
587753, 3
145513, 3
489022, 3
206595, 3
57650, 2
123024, 3
660346, 3
324334, 3
600610, 3
195771, 3
552569, 3
430481, 3
263737, 3
158136, 3
315437, 1
219849, 3
437462, 3
353578, 3
115908, 3
204724, 3
613832, 3
384579, 1
544312, 3
429179, 3
91476, 3
146876, 3
488296, 3
261238, 1
332550, 3
453205, 3
113387, 3
474928, 3
499498, 3
543490, 3
39727, 3
617516, 3
448194, 2
217191, 3
335947, 3
601083, 3
555127, 3
163446, 3
650428, 3
418398, 3
16347, 3
300180, 2
337138, 3
480098, 3
79592, 3
28905, 3
613665, 3
243518, 3
103921, 1
272762, 3
82785, 3
511947, 3
167569, 3
362510, 3
168549, 3
242365, 3
551662, 3
291295, 3
499775, 3
167825, 3
442540, 3
426862, 3
49333, 3
16926, 3
452893, 3
30514, 1
394291, 1
463172, 3
341351, 3
439742, 3
373443, 3
589896, 3
41980, 3
246630, 3
231132, 3
576484, 3
419720, 3
440354, 3
158125, 3
214171, 2
326694, 3
8147, 3
662988, 3
75272, 3
168430, 3
47757, 3
413147, 3
310992, 3
239503, 3
12284, 3
197479, 3
436507, 3
242302, 3
91066, 2
595298, 3
470130, 3
9709, 3
578138, 3
563449, 3
491120, 3
331579, 3
229207, 3
465141, 3
635084, 3
554882, 3
345761, 3
472151, 3
442223, 3
479285, 3
367017, 3
630563, 3
505043, 3
151716, 3
296078, 3
651921, 3
101256, 3
358456, 3
105702, 3
259267, 3
448710, 3
414574, 3
291991, 3
563679, 3
588937, 3
213853, 3
560750, 3
128119, 3
334399, 3
83096, 3
306508, 3
481524, 3
480015, 3
2122, 3
487283, 3
325577, 3
335273, 3
78099, 3
429538, 3
122254, 3
384773, 3
313708, 3
458549, 3
249710, 3
267157, 3
262092, 3
410019, 3
549859, 3
91701, 3
469541, 3
491635, 3
403626, 3
548595, 3
443079, 3
199635, 3
308854, 3
315370, 3
192981, 3
100698, 3
189865, 3
90659, 3
59461, 3
257911, 3
602622, 3
334668, 3
359026, 2
482068, 3
404673, 3
404866, 3
507397, 3
49694, 3
455456, 3
128866, 3
75542, 3
390416, 2
467404, 3
457448, 3
483084, 3
301100, 3
14651, 3
384214, 3
20589, 3
586016, 3
592022, 3
493175, 3
375873, 3
26927, 3
385065, 3
96078, 3
589886, 3
24911, 3
323330, 3
105170, 3
502663, 3
63977, 3
444758, 3
212670, 3
17188, 3
208508, 3
284643, 3
226917, 3
167875, 3
502709, 3
359255, 3
546666, 3
622530, 3
524286, 3
512464, 3
237456, 3
453405, 3
207058, 3
620934, 3
266524, 3
86973, 3
7314, 3
83076, 3
90086, 3
336743, 3
159294, 3
185696, 3
511429, 3
15968, 3
525634, 3
403130, 3
372127, 3
517908, 2
610331, 3
30174, 3
333907, 3
646953, 3
130211, 3
480655, 3
302068, 3
39778, 1
252866, 3
218867, 1
255405, 3
315832, 3
208286, 3
42797, 3
76339, 3
280493, 3
664211, 3
643358, 3
124101, 3
189490, 2
236449, 3
528836, 3
178641, 3
519703, 3
123723, 3
490665, 3
322891, 2
74933, 3
101168, 3
553567, 3
442924, 3
390013, 3
566334, 3
515896, 3
593993, 3
472094, 3
337952, 3
210976, 3
178235, 3
563986, 3
218313, 3
99879, 3
376732, 3
83788, 3
7809, 3
603602, 3
356426, 3
664642, 3
274389, 3
76663, 3
459828, 3
341685, 3
488394, 3
148352, 3
171733, 3
416799, 3
474732, 3
571885, 3
92128, 3
479713, 3
530792, 3
151747, 3
489563, 3
197963, 3
394519, 2
143281, 3
621899, 3
503674, 3
161946, 3
391967, 2
219827, 3
531300, 2
294173, 3
506914, 3
320369, 2
233687, 3
211417, 2
62678, 3
114844, 3
535926, 3
183689, 3
597799, 3
120228, 3
38194, 3
73274, 3
306206, 3
131960, 3
319059, 3
50154, 3
524936, 3
559155, 3
82810, 3
574135, 3
602950, 3
100568, 3
146634, 3
279327, 3
108819, 3
180980, 3
463744, 3
569571, 3
614534, 3
493718, 3
577074, 2
169036, 3
522599, 3
161750, 3
265754, 2
196928, 3
122716, 3
333701, 3
84617, 3
151667, 3
116159, 3
307602, 3
51161, 2
360037, 3
616538, 3
348918, 3
90046, 3
420302, 3
311571, 3
443496, 3
117935, 3
189061, 2
337678, 3
550338, 2
64538, 3
352569, 3
423837, 3
424901, 3
75478, 3
228960, 3
520737, 3
155296, 3
26964, 3
85952, 1
658224, 3
589006, 3
261974, 3
374759, 3
360878, 3
224734, 3
579751, 3
358595, 3
554469, 3
120762, 3
369019, 3
553191, 3
367103, 3
518964, 3
163751, 3
597301, 3
548821, 3
208874, 2
143086, 3
242992, 3
498607, 3
315220, 3
138194, 3
270672, 3
109242, 3
225287, 2
414566, 3
344096, 3
662918, 3
571344, 3
159527, 3
345865, 3
381437, 3
175353, 3
511371, 3
492652, 3
205171, 3
6079, 3
286618, 3
596097, 3
355369, 3
428156, 3
109695, 3
629543, 3
19384, 3
227802, 3
594759, 3
42493, 3
540591, 3
157460, 3
182705, 3
426133, 3
14667, 3
247398, 3
48839, 3
2677, 3
1786, 3
31846, 3
244086, 3
320394, 3
440235, 3
454763, 3
652970, 3
664640, 3
465401, 3
660006, 3
360522, 3
159810, 3
128548, 3
556643, 3
515143, 3
487127, 3
329334, 3
260940, 3
157344, 3
574107, 3
188346, 3
571010, 3
372303, 3
399546, 3
595586, 3
475703, 3
137051, 3
614074, 3
255610, 3
425785, 3
266961, 3
243172, 3
340557, 3
486670, 3
283806, 3
115388, 3
601767, 3
560202, 3
253455, 3
323675, 3
444659, 3
401551, 3
440488, 3
228215, 3
594400, 3
104792, 3
302296, 1
580247, 3
57398, 3
437334, 3
285514, 3
416380, 3
579329, 3
645538, 3
59758, 3
344520, 3
639443, 3
637111, 1
24999, 3
46388, 3
657973, 3
185006, 1
345801, 3
643137, 3
333952, 3
507274, 3
38956, 3
622387, 3
277036, 3
403349, 3
38059, 3
390512, 3
488380, 3
648287, 3
612969, 3
66583, 3
573732, 3
643130, 3
121811, 3
181531, 3
329823, 3
226735, 3
94155, 3
445480, 3
312793, 3
355529, 3
62636, 3
170595, 3
552050, 3
47759, 3
462474, 3
17916, 3
446752, 3
365601, 3
49897, 3
362950, 3
341556, 3
614097, 3
500839, 3
530312, 2
285078, 3
99119, 3
598638, 3
627178, 3
568227, 3
231752, 3
13577, 3
50920, 2
9628, 3
314292, 3
405725, 3
418703, 3
108461, 3
333689, 3
561505, 3
552398, 3
360236, 3
332173, 3
295076, 3
252508, 3
83802, 3
248798, 1
606547, 3
38937, 3
465213, 3
580158, 3
271038, 3
33461, 3
407529, 3
370722, 3
55105, 3
483244, 3
194359, 3
88443, 3
66678, 3
75531, 2
444225, 3
257902, 3
143257, 3
630457, 3
195328, 3
338312, 2
559909, 3
625391, 3
627881, 3
651297, 3
502448, 3
66175, 3
327655, 3
615457, 3
468169, 3
588368, 3
313475, 3
53715, 3
81463, 3
441450, 2
273498, 3
488941, 3
370373, 3
364328, 3
262927, 3
391336, 2
642533, 2
420173, 3
421409, 3
600968, 2
358504, 3
208254, 3
106296, 3
464695, 3
662318, 3
533909, 3
79358, 3
501060, 3
204764, 3
587158, 3
389610, 3
331806, 3
332151, 3
219166, 3
274520, 3
564757, 3
471516, 3
217764, 3
571583, 3
514010, 3
563261, 3
151216, 3
89451, 3
315267, 3
557578, 3
497888, 3
61227, 3
509216, 3
620844, 3
289784, 3
369717, 3
456476, 3
368146, 3
172912, 3
197904, 3
570118, 3
251644, 3
522184, 3
562903, 3
478913, 3
632758, 3
467770, 3
664186, 2
643937, 3
93164, 3
659861, 3
76627, 1
46703, 3
565253, 3
664890, 3
201445, 3
370742, 3
265063, 3
44526, 3
191516, 2
372387, 3
179491, 3
114649, 3
301948, 3
578579, 3
652372, 3
610840, 3
451904, 3
61478, 3
309729, 3
592168, 3
135791, 3
92051, 3
623202, 3
260849, 3
304232, 3
421248, 3
39100, 3
137296, 3
137884, 3
645859, 3
218768, 3
223095, 3
412403, 3
552806, 3
244320, 3
312704, 3
143993, 3
256671, 3
557166, 3
10849, 3
553397, 3
191545, 3
49818, 3
318817, 3
437061, 3
416663, 3
149103, 1
612340, 3
319708, 3
661281, 3
90003, 3
224381, 3
361622, 3
177904, 3
650246, 3
340336, 3
146693, 3
478682, 3
7957, 3
484924, 3
336947, 3
130024, 3
591500, 3
485738, 3
75210, 3
206298, 3
490368, 3
16777, 3
195704, 3
63130, 3
250528, 3
559324, 3
126739, 3
413031, 3
341792, 3
412404, 3
84074, 3
238982, 3
508480, 3
542887, 3
2969, 3
79693, 3
458020, 3
483298, 3
140862, 3
462901, 3
460692, 3
29626, 3
120184, 3
316467, 3
4109, 3
406853, 3
651781, 3
43301, 3
467204, 1
26030, 3
541949, 3
215361, 2
462562, 3
629858, 3
528449, 3
585535, 3
182336, 3
173793, 3
57922, 3
639198, 3
530561, 1
264689, 3
548599, 3
153532, 3
272646, 3
249887, 3
30645, 3
99292, 3
165956, 3
187013, 3
212127, 3
315005, 3
129537, 3
480321, 3
647209, 3
421786, 3
498639, 3
546948, 3
542736, 3
137689, 3
156897, 3
516579, 3
175867, 3
426773, 3
143741, 3
187617, 3
18312, 3
415301, 3
487032, 3
152410, 3
230563, 3
6803, 3
454594, 3
145494, 3
185019, 3
626425, 3
575252, 3
536606, 3
120879, 3
633058, 3
541135, 3
324534, 3
363802, 3
224842, 3
316025, 3
165285, 3
518392, 3
662942, 3
499810, 3
195436, 3
403705, 3
532220, 2
474485, 3
638327, 3
25778, 3
257569, 3
479005, 3
527801, 3
289229, 3
610216, 3
76104, 3
557294, 3
649162, 3
293072, 2
12489, 3
503675, 3
259401, 2
139554, 3
185556, 3
653676, 3
422660, 3
495984, 3
182330, 3
156773, 3
207860, 3
334734, 2
26000, 3
52348, 3
380295, 3
265985, 3
248262, 3
281473, 3
662583, 3
529293, 3
196207, 3
460923, 3
437104, 3
172795, 3
186913, 3
85677, 3
316475, 3
527233, 3
635838, 3
407221, 3
369179, 3
89691, 3
387658, 3
320990, 2
169818, 3
600994, 3
137088, 3
495290, 3
380761, 3
126972, 3
352877, 3
654777, 1
159362, 3
169233, 3
434577, 3
436471, 3
398603, 3
58603, 3
117093, 3
132452, 3
198588, 3
208108, 3
118242, 3
611398, 3
658429, 3
209052, 3
92376, 3
271043, 3
601497, 3
243317, 3
457345, 3
418744, 3
568679, 3
45495, 3
556252, 3
482416, 3
206560, 3
294646, 3
601948, 3
354386, 3
335742, 3
347130, 3
260338, 3
411804, 3
204760, 3
346266, 3
59584, 3
624809, 3
542721, 3
343837, 3
608370, 3
285687, 3
573433, 3
224216, 3
177209, 3
114691, 3
521978, 3
383538, 3
195021, 3
393950, 3
439288, 3
72476, 3
204984, 3
616815, 3
293985, 3
130009, 3
393052, 3
613283, 3
9369, 3
138091, 3
532158, 3
630410, 3
268415, 3
507486, 3
512368, 3
333793, 3
606562, 1
177268, 3
184853, 3
551838, 3
115047, 3
96871, 3
561086, 3
616077, 3
150313, 3
607979, 3
336627, 3
27158, 3
191097, 3
226539, 3
280907, 3
46889, 3
472596, 3
105418, 3
106138, 3
590649, 3
261423, 3
335056, 3
655895, 3
658990, 3
442324, 3
432416, 3
335956, 3
493783, 3
447426, 3
458400, 3
604732, 3
521482, 3
202064, 3
330326, 3
575326, 2
446699, 3
73975, 3
171233, 3
261216, 3
217032, 3
655945, 3
583110, 3
146970, 3
461231, 3
174817, 3
481128, 3
573257, 3
507222, 3
52482, 3
638827, 1
518702, 2
135615, 3
125336, 3
79218, 3
424445, 3
533175, 3
329538, 3
552074, 3
645662, 2
264825, 2
32542, 3
580190, 3
486729, 3
326130, 3
650596, 3
409494, 3
529242, 2
332427, 2
637922, 3
503850, 3
195899, 3
510378, 3
418993, 3
506370, 3
488148, 3
89745, 3
261468, 3
443403, 3
607166, 2
415887, 3
209670, 3
405181, 3
131228, 3
182003, 3
68816, 3
443070, 3
25441, 3
550858, 3
620536, 3
219690, 3
631859, 3
90226, 3
64328, 3
612933, 3
89182, 3
470730, 3
184181, 3
527879, 3
622091, 3
157193, 3
68114, 3
610764, 3
512711, 3
237512, 3
218289, 3
299277, 3
458061, 3
438094, 3
240875, 3
360213, 3
163417, 3
144202, 3
194918, 3
372475, 3
212836, 3
153709, 3
276512, 3
397630, 3
523979, 3
237336, 3
590003, 2
281591, 3
564270, 3
540191, 3
410960, 3
382527, 3
371904, 3
608542, 3
402050, 3
471684, 3
267732, 3
58041, 2
589608, 3
128019, 3
194362, 3
319493, 3
368203, 3
451233, 3
138942, 3
272086, 3
289587, 3
78653, 3
185694, 3
360964, 3
235021, 3
246932, 3
291889, 3
243812, 3
324548, 3
404171, 3
529813, 3
165627, 3
391702, 3
580731, 3
530777, 3
504250, 3
352007, 3
302778, 3
140620, 3
590310, 3
313088, 3
379471, 2
465638, 3
510686, 3
150928, 3
614331, 3
572473, 3
267404, 3
88526, 3
464627, 3
181355, 2
385141, 3
252944, 3
11257, 3
517493, 3
204467, 3
582024, 2
524235, 3
213355, 3
228398, 3
60036, 3
318082, 3
324852, 3
271790, 3
545889, 2
420266, 3
84407, 1
166299, 3
141247, 3
471734, 3
305455, 3
157189, 3
86578, 3
179185, 3
24173, 3
96555, 3
35965, 3
324900, 3
494388, 3
181314, 3
551235, 3
351667, 3
571292, 3
306234, 3
470084, 3
448379, 3
563462, 3
561535, 3
15980, 3
74727, 3
197249, 3
108245, 3
34741, 3
536615, 3
591429, 3
19611, 3
648805, 3
221875, 3
320693, 3
61042, 3
29144, 3
540121, 3
231645, 3
464641, 2
344229, 3
319167, 3
647157, 3
157090, 3
535716, 3
36434, 3
23108, 3
260723, 3
587029, 3
602955, 3
80961, 3
160331, 3
287121, 3
531285, 3
176149, 3
150498, 3
595984, 3
110237, 3
176029, 3
73816, 3
51154, 3
217339, 3
121302, 3
508766, 3
486303, 3
634019, 3
547125, 3
242427, 3
629183, 3
511392, 3
399376, 3
188917, 3
223658, 3
451655, 3
375239, 3
547354, 3
512980, 3
533706, 3
297335, 3
42256, 3
566641, 2
320893, 3
215665, 3
635105, 3
207832, 3
152205, 3
490369, 3
134641, 3
639553, 3
273504, 2
322991, 3
235006, 3
402393, 3
595769, 3
335336, 3
414618, 3
573769, 3
102729, 3
78770, 3
559527, 3
18552, 3
263603, 3
137752, 3
562818, 3
234560, 3
131017, 3
301471, 3
99267, 3
425965, 2
589868, 3
269700, 3
76281, 3
380, 3
158530, 3
118817, 3
447911, 3
421087, 3
440744, 3
369571, 3
663112, 3
81988, 3
306116, 3
22891, 3
407008, 3
124613, 3
255678, 3
483169, 3
515746, 3
646678, 3
29411, 3
22403, 3
458643, 3
409028, 3
81973, 3
177512, 3
300131, 3
365580, 3
543771, 3
506613, 3
260432, 3
357587, 3
496049, 3
191464, 3
593913, 3
642747, 3
443234, 3
201230, 3
390450, 3
30482, 3
439735, 3
384006, 3
8626, 3
608346, 3
245860, 3
491763, 3
653373, 2
28793, 3
582616, 3
649577, 3
571924, 3
130541, 3
497963, 3
409377, 3
520412, 3
395321, 3
215060, 3
217910, 3
288781, 3
395336, 2
326682, 3
571255, 3
393693, 3
632323, 3
335357, 2
660721, 3
256304, 3
161051, 3
539963, 3
424272, 3
646273, 3
526384, 3
157219, 3
512519, 2
91614, 3
20238, 3
452226, 3
329217, 3
451928, 2
410947, 2
563835, 2
103821, 3
482468, 3
124684, 3
77898, 3
545812, 3
447853, 3
469396, 3
281463, 3
310503, 3
5992, 3
202216, 3
627214, 3
623356, 3
240449, 3
126497, 3
348348, 3
194766, 3
59100, 3
86827, 3
81975, 3
268158, 3
369106, 3
136228, 3
392231, 2
545612, 3
65925, 3
46364, 1
598844, 3
333765, 3
146095, 3
476787, 3
239668, 3
448519, 2
51428, 3
235191, 3
538865, 3
67639, 3
166789, 3
451853, 3
386807, 3
357209, 3
194270, 3
227155, 3
270667, 3
493195, 3
123983, 3
25691, 3
649172, 3
363741, 3
287152, 3
59806, 3
68707, 3
181873, 3
511535, 3
249098, 3
529183, 3
267386, 3
414202, 3
296822, 3
119408, 3
656758, 3
143616, 3
205991, 3
343471, 3
554072, 3
121088, 3
384623, 3
112984, 3
264170, 3
561562, 3
312778, 3
278579, 3
210937, 3
487974, 3
507812, 3
229967, 3
328410, 3
528983, 3
135585, 3
343298, 3
206220, 3
643032, 3
2212, 3
60180, 3
178789, 3
224274, 3
281227, 3
307380, 2
63714, 3
641158, 3
640513, 3
123956, 3
487619, 3
109471, 3
281865, 3
419913, 3
216678, 3
323071, 3
549058, 3
313908, 3
293661, 3
499922, 3
380937, 3
392880, 3
567687, 2
513868, 3
41961, 3
534609, 3
351803, 3
45577, 3
430064, 2
370563, 3
221856, 3
208489, 3
196297, 3
257490, 3
604116, 3
302588, 3
227416, 3
329627, 3
384771, 3
133962, 1
81864, 1
235277, 3
222456, 3
453772, 3
363797, 3
123181, 3
110916, 3
654648, 3
185662, 3
118683, 3
171625, 3
439712, 3
603191, 3
228859, 3
310234, 3
175237, 3
200781, 3
403919, 3
260782, 3
385287, 3
495105, 3
32067, 3
14884, 2
449710, 3
523053, 3
188496, 3
297819, 3
141541, 3
48352, 3
119852, 3
655640, 3
56165, 3
253404, 3
190665, 2
428787, 3
403096, 3
305094, 3
385160, 3
515684, 3
193834, 1
528979, 3
147008, 2
342754, 3
106388, 2
490186, 3
321894, 3
646429, 3
338657, 3
453944, 3
240386, 3
376368, 3
387824, 1
632772, 3
344861, 3
597552, 3
351762, 2
539667, 3
288078, 3
593039, 3
376760, 2
181534, 3
248693, 3
273613, 3
525827, 3
27950, 3
194232, 3
146666, 1
86781, 3
506365, 3
218543, 3
438276, 3
173658, 3
609332, 3
553284, 3
301248, 3
298865, 3
357937, 3
400770, 3
272924, 2
98587, 3
646597, 3
17237, 3
332830, 3
254495, 3
276728, 3
226593, 3
322988, 2
160128, 3
66929, 3
459100, 3
469562, 3
43545, 3
282496, 3
363879, 3
591071, 3
376297, 3
321498, 3
659770, 2
106881, 3
162329, 3
346277, 3
457137, 3
12901, 3
516493, 3
232663, 3
525438, 3
412622, 3
609272, 3
176940, 3
345626, 3
15637, 3
227302, 3
284861, 3
192324, 3
84563, 3
475531, 3
127977, 3
584133, 3
310475, 3
129066, 3
82733, 1
108758, 3
141333, 3
515489, 3
241517, 3
510897, 3
225629, 3
291484, 3
579228, 3
520670, 3
204954, 3
634895, 3
359806, 3
123651, 3
328501, 3
559282, 3
257704, 1
486427, 3
661089, 3
388861, 3
450562, 3
51718, 3
140406, 1
489927, 3
318715, 3
308075, 3
215331, 3
242499, 3
660948, 3
574411, 3
609863, 3
343883, 3
543095, 3
311389, 3
64381, 3
459955, 3
649875, 3
224782, 3
549302, 3
346581, 3
291821, 3
53180, 3
434025, 3
621238, 3
118779, 3
108839, 3
200619, 3
564454, 3
636465, 3
94987, 3
50658, 3
40206, 3
362548, 3
441519, 3
614689, 3
450935, 3
406969, 3
447349, 3
283499, 3
656621, 3
528379, 3
441553, 3
609120, 3
558577, 3
68819, 3
291201, 3
406050, 3
140163, 3
64488, 3
328397, 3
454922, 3
139489, 3
4810, 3
331165, 3
39474, 3
244357, 3
508330, 3
261381, 3
480779, 3
155884, 3
25832, 3
549762, 3
659567, 3
496699, 3
139760, 3
103303, 3
637334, 3
556480, 3
597662, 3
567501, 3
470905, 3
655828, 3
271417, 3
222161, 3
425882, 3
442576, 3
282429, 3
220547, 3
69336, 3
299402, 3
145416, 3
296105, 3
581494, 3
137193, 3
27000, 3
508628, 3
252008, 3
390099, 3
611899, 3
343278, 3
297156, 3
65152, 3
177730, 3
334659, 3
143506, 3
269788, 3
553164, 3
510003, 3
635054, 3
198324, 2
189253, 3
373381, 3
637822, 3
260082, 1
540322, 3
300306, 3
42920, 3
558628, 3
254033, 1
409970, 3
174378, 3
382177, 3
229165, 3
483029, 3
44294, 3
198897, 3
415302, 3
51701, 3
441461, 3
510865, 3
588335, 3
95890, 3
574710, 3
232834, 3
284254, 3
39786, 3
249136, 3
570881, 3
3467, 3
10864, 3
209289, 3
258660, 3
150553, 3
146802, 3
225559, 3
655752, 3
241479, 3
300622, 3
387910, 3
468432, 3
381746, 3
228116, 3
283136, 3
326017, 3
422387, 3
259908, 3
51117, 3
384293, 3
441823, 3
1346, 3
66177, 3
206041, 3
433866, 3
546771, 3
226160, 3
393659, 3
253454, 3
597616, 3
82876, 3
639786, 3
588385, 3
213618, 3
345797, 3
520400, 3
219667, 3
482431, 3
554909, 3
7732, 3
531185, 3
26785, 3
442310, 3
215651, 3
62056, 3
74475, 3
349188, 3
34189, 2
297884, 3
644447, 3
44383, 3
648440, 3
371045, 3
656699, 3
6177, 3
626962, 3
447599, 3
441231, 3
489491, 3
654584, 3
25375, 3
324243, 3
482717, 3
56916, 3
296476, 2
613093, 3
111230, 2
556778, 3
58802, 3
592536, 3
130898, 1
524045, 3
228715, 3
576113, 3
444396, 3
483980, 3
109225, 3
198330, 3
489320, 3
477164, 3
172550, 3
4897, 3
664680, 3
315361, 3
232716, 3
79798, 3
117237, 3
294705, 3
526557, 3
450190, 3
564966, 3
432100, 3
433452, 3
479993, 3
614459, 3
570031, 2
232478, 3
287211, 3
457686, 3
510837, 3
604629, 3
338427, 3
45732, 3
213386, 3
591030, 3
264587, 3
368069, 3
496971, 3
601918, 3
237160, 3
323621, 3
13961, 3
443686, 3
490818, 3
387746, 3
532571, 3
417661, 3
551813, 3
165774, 3
325047, 3
633927, 3
568356, 3
54494, 3
142422, 3
125583, 3
450643, 3
543855, 3
631655, 3
325789, 3
511308, 3
27324, 3
497558, 3
455793, 3
582367, 3
535066, 3
533390, 3
47484, 3
544755, 3
602457, 3
423365, 3
244349, 3
374085, 3
416393, 3
540979, 3
229487, 3
245853, 3
435781, 3
88489, 3
233526, 3
208643, 3
424684, 3
233642, 3
140523, 3
302698, 3
359814, 3
468828, 3
88035, 3
355456, 3
460947, 3
67992, 3
102979, 3
24720, 3
370853, 3
479914, 3
617653, 3
577677, 3
583214, 1
111990, 3
55813, 3
375282, 3
255579, 3
515244, 3
632726, 3
173142, 3
509399, 3
601695, 3
406617, 3
238866, 2
444895, 3
10852, 3
221615, 3
413426, 3
174918, 3
493819, 3
222125, 3
638799, 3
581499, 3
265628, 3
577897, 3
173823, 3
537497, 3
18071, 3
304160, 3
28090, 3
272100, 3
107007, 3
236327, 3
520095, 1
200646, 3
305779, 3
107543, 3
132953, 3
98768, 3
275883, 3
2734, 3
508793, 3
515145, 3
480780, 3
170729, 3
622883, 3
189516, 3
437178, 1
355956, 3
524879, 3
45455, 3
504339, 3
471867, 3
42223, 3
85607, 3
125696, 3
214373, 3
411760, 3
131377, 3
341596, 3
49772, 2
619433, 3
165165, 3
625455, 2
361772, 3
36024, 3
210037, 3
642199, 3
227077, 3
357992, 3
371151, 3
154939, 3
545475, 3
360358, 3
457855, 3
149977, 3
142551, 3
33363, 3
124533, 3
5739, 3
372089, 3
87787, 3
488355, 3
335734, 3
132770, 3
170662, 3
601884, 3
310736, 3
32819, 3
182955, 3
531739, 1
483014, 3
104902, 3
307415, 3
170189, 3
638642, 3
187349, 3
98335, 3
23598, 3
653408, 3
309483, 3
519993, 3
376155, 3
124701, 3
617882, 3
12930, 3
231772, 3
159687, 3
606426, 3
239747, 3
16631, 3
347676, 3
565488, 3
493177, 3
10516, 3
146473, 3
126984, 3
387296, 3
503810, 3
434533, 3
623639, 3
312259, 3
503405, 3
448237, 3
479499, 3
616880, 3
656795, 3
649587, 3
299625, 3
585758, 2
163222, 3
354793, 3
321597, 3
497367, 3
416223, 3
300950, 2
594665, 3
435680, 3
79773, 3
151112, 3
127684, 3
140009, 3
311423, 2
564495, 1
223435, 3
528903, 3
155823, 3
257720, 3
612437, 3
334445, 3
316997, 3
372133, 3
474721, 3
472917, 3
174956, 3
72540, 3
294672, 3
654779, 3
575510, 3
518103, 3
241609, 3
481227, 3
376984, 3
78678, 2
550217, 3
285316, 3
318398, 3
447077, 3
278980, 3
541101, 3
324931, 3
422665, 3
12936, 3
568090, 3
635089, 3
65232, 3
431520, 3
312168, 1
260124, 3
338638, 3
24268, 3
521092, 3
488607, 3
340077, 3
143392, 3
248929, 3
439185, 3
1266, 3
494636, 3
20895, 3
50103, 3
406513, 3
521453, 3
619415, 3
223249, 3
299322, 3
413850, 3
87346, 3
189639, 3
195375, 3
117449, 3
503596, 3
398492, 3
564403, 3
663985, 3
579331, 3
13650, 3
425044, 3
242103, 3
162117, 3
308405, 3
363012, 3
576800, 3
49233, 3
199368, 3
245815, 3
26103, 3
132993, 3
317595, 3
81409, 3
153651, 3
216017, 3
369838, 2
380365, 3
422956, 3
255815, 3
243087, 3
245758, 3
603770, 3
322563, 3
221782, 3
627618, 3
182485, 3
339354, 3
158501, 3
171643, 3
102438, 3
612219, 3
658379, 3
372953, 3
280053, 3
267995, 3
662636, 3
491780, 2
321799, 3
234356, 3
301831, 3
532064, 3
115470, 3
396936, 3
611100, 3
108591, 3
664467, 3
22510, 3
541245, 3
314712, 3
115854, 3
359905, 2
112268, 3
280405, 3
184870, 3
233295, 3
166633, 3
443848, 3
202490, 3
322889, 1
235651, 3
443029, 3
443356, 3
390544, 3
282439, 3
441178, 3
185774, 3
435804, 3
459114, 3
160270, 3
599350, 3
654081, 2
346691, 2
544072, 3
360442, 2
325915, 3
260944, 3
426428, 3
313085, 3
283229, 3
375060, 3
268511, 3
284943, 3
475281, 2
629809, 3
95024, 3
325688, 3
391421, 3
250936, 3
573149, 3
448046, 3
332018, 3
357889, 3
168427, 3
547163, 3
352837, 3
627127, 3
95934, 3
117165, 3
76834, 3
375906, 3
488352, 3
485481, 3
593777, 3
122435, 3
312775, 3
255825, 3
547528, 3
621737, 3
183103, 3
220709, 3
287317, 3
350834, 3
63894, 3
511305, 3
579964, 3
551895, 3
121147, 3
399474, 3
136175, 3
384872, 3
378798, 2
195723, 3
340431, 3
601917, 3
259649, 3
72948, 3
346194, 3
500995, 3
123474, 3
630244, 3
120756, 3
188083, 3
598790, 3
333558, 3
445304, 3
322987, 2
17972, 3
119216, 3
591329, 3
317845, 3
485818, 3
356314, 3
588268, 3
498988, 3
471317, 3
189904, 3
596381, 3
545632, 3
337653, 3
478867, 3
246508, 3
495670, 3
612388, 3
67598, 3
182128, 3
351545, 3
23767, 3
83679, 3
542536, 3
254484, 3
641839, 3
392877, 1
53431, 3
417742, 3
459802, 3
28528, 3
652621, 3
150698, 3
362954, 3
59704, 3
580499, 3
65342, 3
556808, 3
439908, 3
489199, 3
520762, 3
468928, 3
225824, 3
426644, 3
393616, 3
461556, 3
216360, 3
644225, 3
451118, 3
525240, 3
188602, 3
482270, 3
199629, 1
479694, 3
398650, 3
574639, 3
130534, 2
409863, 3
59794, 3
217058, 3
443634, 3
160545, 3
49516, 1
258115, 3
16956, 3
135369, 3
43705, 3
503773, 3
443600, 3
343986, 3
222968, 3
31456, 3
449740, 3
565218, 3
365347, 3
469823, 3
372995, 3
312606, 3
397316, 3
541069, 3
96001, 3
630700, 3
478469, 3
79811, 3
522373, 3
559822, 3
534235, 3
225386, 3
378362, 3
9685, 3
106240, 3
582705, 3
155181, 3
442203, 3
312025, 3
50796, 3
571398, 3
50280, 3
603438, 3
106846, 3
126020, 3
319273, 3
439047, 3
82689, 3
210134, 3
313235, 3
424034, 3
19066, 3
539484, 3
606243, 3
475854, 2
379383, 3
331741, 3
571507, 3
509385, 3
294167, 3
44042, 3
459902, 3
540300, 1
402923, 3
473709, 1
477773, 3
627159, 3
557970, 3
590987, 3
103369, 3
95497, 3
629383, 3
159817, 3
414455, 3
539025, 3
406748, 3
88865, 3
180316, 3
236971, 3
12297, 3
577160, 3
297128, 3
592646, 3
168490, 3
234528, 3
115686, 3
142105, 3
575807, 2
536032, 3
631153, 3
478213, 3
530580, 2
163251, 3
664771, 3
379793, 2
606341, 3
330987, 2
643201, 3
567773, 3
546788, 3
405612, 3
665230, 3
523589, 3
225351, 3
464575, 3
16859, 3
305761, 3
387490, 3
475366, 3
32636, 3
282198, 3
450566, 3
465547, 3
334114, 3
178825, 2
216178, 3
596965, 3
115476, 3
384774, 3
158735, 3
391405, 3
620807, 3
97733, 3
410993, 3
583387, 3
644433, 3
427720, 3
603735, 3
66160, 3
539315, 3
557013, 3
347144, 3
113843, 3
326784, 3
191956, 3
348576, 3
276665, 3
352755, 3
534336, 3
494467, 3
368915, 3
66329, 3
174143, 3
91427, 3
505039, 3
25255, 3
663430, 3
220736, 3
138143, 3
29274, 3
86856, 3
651529, 3
216720, 3
630201, 3
568496, 3
120482, 3
536767, 3
502674, 3
381699, 3
415748, 3
199332, 3
152437, 3
330734, 3
45440, 3
139629, 3
624337, 3
202662, 3
458199, 3
331751, 3
414541, 3
575233, 3
144163, 3
629186, 3
6804, 3
430576, 3
344988, 3
617907, 3
28060, 3
465499, 3
262000, 3
639365, 2
435360, 3
231327, 3
351609, 3
93316, 3
413569, 3
144863, 3
217774, 3
540583, 3
322542, 3
379000, 2
360285, 3
522878, 1
236112, 3
106641, 3
556182, 3
176483, 3
384639, 3
116400, 3
294738, 3
421051, 3
150981, 1
164706, 3
152182, 1
201048, 3
647747, 3
634, 3
255490, 3
399658, 3
84368, 3
544154, 3
602232, 3
301691, 3
307847, 3
117194, 3
55997, 3
497517, 3
609902, 3
351111, 3
160543, 3
375200, 3
452476, 3
503382, 3
68061, 3
337455, 3
342378, 3
385779, 3
29766, 3
515352, 3
190765, 1
23207, 3
631947, 3
438097, 3
592423, 3
103310, 3
610986, 3
498708, 3
96264, 3
654598, 3
132535, 3
222826, 3
107523, 3
172402, 3
564152, 2
463057, 3
296391, 3
631508, 3
14318, 3
289571, 3
657313, 3
182937, 3
603108, 1
600080, 3
306085, 3
553985, 3
656754, 3
243033, 3
565233, 3
90307, 3
35804, 3
244077, 3
245463, 3
641258, 3
382666, 3
608540, 3
193346, 3
376899, 3
1644, 3
338249, 3
547293, 3
350464, 3
399450, 3
60603, 3
411966, 3
197640, 3
5370, 3
269438, 3
448306, 3
474011, 3
233261, 2
388316, 3
555491, 3
4731, 3
405455, 3
532767, 3
620528, 2
217411, 3
141733, 3
470268, 3
659102, 3
299063, 3
291716, 3
567561, 3
245220, 3
608386, 3
548091, 3
61585, 3
70282, 3
482339, 3
280345, 3
160315, 3
650642, 3
401211, 3
298041, 3
593119, 3
1651, 3
307723, 3
647573, 3
60558, 3
169820, 3
72823, 3
3666, 3
237991, 3
129234, 2
215673, 3
21817, 3
602279, 3
278931, 3
4259, 3
200409, 3
222198, 3
430782, 3
459556, 3
283517, 3
8018, 3
539872, 3
429657, 3
508666, 3
490298, 3
524987, 3
119503, 3
165900, 3
655022, 2
53605, 3
38360, 3
86237, 3
172234, 3
348236, 3
531599, 3
224040, 3
293058, 3
20939, 3
504582, 3
466394, 3
508596, 3
440576, 3
578405, 3
232724, 3
130849, 3
220841, 3
92706, 3
477192, 3
382435, 3
346100, 2
647409, 3
382863, 3
52334, 3
474876, 3
581914, 3
451200, 3
187682, 3
99803, 3
615559, 3
162761, 3
208813, 3
536678, 3
160581, 3
652643, 3
30282, 3
336100, 3
35098, 3
171001, 3
409668, 3
406163, 3
285892, 3
251551, 2
67851, 3
84688, 3
520353, 3
528037, 3
647220, 3
446445, 3
460859, 3
357655, 3
15482, 3
172465, 3
77365, 3
473187, 3
174015, 3
448542, 3
426440, 3
175085, 3
214260, 3
655739, 3
201436, 3
102689, 3
605768, 3
459256, 3
452449, 3
283130, 3
476566, 3
202635, 3
393840, 3
113311, 3
427308, 3
89649, 3
599925, 3
50805, 2
538245, 3
186475, 3
265777, 2
432821, 3
351900, 2
267641, 3
73407, 1
131437, 3
211597, 3
191614, 3
624178, 3
507085, 3
603013, 3
309445, 3
7298, 3
373329, 3
41469, 3
554316, 3
370411, 3
79342, 3
452924, 3
186865, 3
226512, 3
258515, 3
344115, 3
575411, 1
570945, 3
634009, 3
461987, 3
424185, 3
401472, 3
185057, 3
259180, 3
191454, 3
263622, 3
499329, 3
614823, 3
664845, 3
514786, 3
216641, 3
153271, 3
486125, 3
265804, 3
442359, 3
235862, 3
498348, 3
464078, 2
481702, 3
536206, 3
393753, 3
54429, 3
68850, 3
386504, 3
284411, 3
234911, 3
584165, 3
89717, 3
73361, 3
254222, 3
625376, 3
125008, 3
602415, 3
279702, 3
574565, 3
570694, 3
530202, 3
624509, 3
151638, 3
636070, 3
421100, 3
110862, 3
149048, 3
183661, 3
414242, 3
173686, 3
329173, 3
212805, 3
626846, 3
153089, 3
637563, 3
155756, 3
636218, 3
591825, 3
203028, 3
508044, 3
24171, 3
84279, 3
44069, 3
595571, 3
92931, 3
345155, 2
174937, 3
3418, 3
56163, 3
245549, 3
288327, 3
320607, 3
193805, 3
522777, 3
493486, 3
52875, 3
83397, 3
559885, 3
543835, 3
654178, 3
492294, 3
519573, 3
539933, 3
522068, 3
598714, 1
259192, 3
186441, 3
467963, 3
95241, 3
123230, 3
366520, 3
388354, 3
396680, 3
552978, 3
528667, 3
201650, 3
376644, 3
655026, 3
463362, 3
449713, 3
446194, 3
68078, 3
337995, 3
279340, 3
217008, 3
199796, 3
634221, 3
382571, 3
198621, 3
90418, 3
316755, 3
597147, 3
603480, 3
260095, 2
545782, 3
205757, 3
220663, 1
478262, 3
331658, 2
559690, 3
164173, 3
421999, 3
28381, 3
600452, 3
346668, 3
116976, 3
89545, 3
446058, 3
372691, 3
549331, 3
454586, 3
186871, 3
338508, 3
284341, 3
601906, 3
593026, 3
603286, 3
13663, 3
324527, 3
566793, 3
551597, 3
114498, 3
477614, 3
608447, 3
514529, 3
547236, 3
531242, 3
353937, 3
135472, 3
27411, 3
640059, 3
405664, 3
269582, 3
547598, 3
50344, 3
182781, 3
449435, 3
268776, 3
156411, 3
129115, 3
335631, 3
147919, 3
601215, 3
154862, 3
194073, 3
93187, 3
359019, 3
664025, 3
499754, 2
391136, 3
97328, 2
196120, 3
84760, 3
647862, 3
416310, 3
255215, 3
643776, 3
69984, 3
660719, 3
472784, 3
376842, 3
307444, 3
303207, 3
617602, 3
140699, 3
355908, 3
579628, 3
62792, 3
333906, 3
571801, 3
645750, 3
356780, 3
290226, 3
617380, 3
662980, 3
414446, 3
16947, 3
606081, 3
373895, 3
498616, 3
624966, 3
290276, 3
294249, 3
406255, 3
574483, 2
323734, 3
320384, 3
73118, 3
477068, 3
494661, 3
433561, 3
106853, 2
165461, 3
528543, 3
425735, 3
393812, 3
172994, 3
33191, 3
579486, 3
327806, 3
83383, 3
352121, 3
428114, 3
624439, 3
129313, 3
433192, 3
519883, 3
227685, 3
265801, 3
12106, 3
519209, 3
595482, 3
621388, 3
617227, 3
149291, 2
409764, 3
336088, 3
434847, 3
116521, 3
203086, 3
239895, 3
503420, 2
285277, 3
292663, 3
263176, 2
72724, 3
532663, 3
67076, 3
230524, 1
236647, 2
448730, 3
48951, 3
621841, 3
372657, 3
408408, 3
577986, 3
337246, 3
258698, 3
61253, 3
32339, 3
56884, 3
30391, 3
577480, 3
542936, 3
95188, 3
118176, 3
50233, 3
60830, 3
317821, 3
112805, 3
67719, 3
367192, 2
75074, 3
534680, 3
72400, 3
98445, 2
609724, 3
109839, 3
506283, 3
27716, 3
598171, 3
9831, 3
396995, 3
431932, 3
210885, 3
590834, 3
143508, 3
422961, 3
301200, 3
451419, 3
456459, 3
524754, 3
571378, 3
132372, 3
348570, 3
398412, 3
518644, 3
284908, 3
119372, 3
625434, 3
328454, 3
462849, 3
521230, 3
330980, 3
128489, 3
222131, 3
220779, 3
60872, 3
370715, 3
594965, 2
319539, 3
492413, 3
640570, 3
434900, 3
59416, 3
359032, 3
324889, 3
323522, 3
243568, 3
333415, 3
336003, 2
261448, 3
304599, 3
307652, 2
623095, 3
209602, 3
450212, 3
452202, 3
412082, 3
60826, 2
455131, 3
364707, 3
317933, 3
289997, 3
117661, 3
49864, 3
84907, 3
446903, 3
514064, 3
68534, 3
643220, 3
639066, 3
276148, 3
500634, 3
323373, 3
63582, 3
291550, 3
255336, 3
164088, 3
499120, 3
427888, 3
46131, 3
348637, 3
308009, 3
167943, 3
208203, 3
354840, 3
554424, 3
103688, 3
393290, 3
311498, 3
650356, 3
205037, 3
297279, 3
130150, 3
259079, 3
333522, 3
190925, 3
171648, 3
380864, 3
159070, 3
425985, 3
354697, 3
158708, 3
282956, 3
631218, 3
146454, 3
252277, 3
421565, 3
164668, 3
85998, 3
71968, 1
583632, 3
437609, 3
616868, 3
567319, 3
164927, 3
113345, 3
522963, 3
562944, 3
340013, 3
153874, 3
474146, 3
526033, 3
149820, 1
415357, 3
558109, 3
658140, 3
496754, 3
62282, 3
70255, 3
113203, 3
576314, 3
274813, 3
342483, 3
597996, 3
16572, 3
45902, 3
341962, 3
561477, 3
573279, 3
76318, 3
221187, 3
556271, 3
65505, 3
409899, 3
31502, 3
355115, 3
461220, 3
17179, 3
76788, 3
265050, 3
266479, 3
652049, 3
213865, 3
537824, 3
290084, 3
648135, 3
59239, 3
613191, 3
370707, 2
309700, 3
406441, 3
616933, 3
374140, 3
79829, 3
654314, 3
486959, 3
28115, 3
285535, 3
83925, 3
557710, 3
97676, 3
430829, 3
396434, 3
495192, 3
650143, 3
194660, 3
250262, 3
349822, 3
257854, 3
562189, 3
424232, 3
338862, 3
637245, 3
362801, 3
618422, 3
192119, 3
36917, 2
95766, 3
281424, 3
300936, 2
529318, 3
213358, 3
362889, 3
418275, 3
630928, 3
652078, 3
411749, 3
352155, 3
636995, 3
15147, 3
4401, 3
199490, 3
481105, 3
345018, 3
664194, 3
382775, 3
555128, 3
129949, 3
281427, 3
439979, 3
449169, 3
190024, 3
518836, 3
501515, 3
3063, 3
499982, 3
475599, 3
613913, 3
283201, 2
29900, 3
163049, 3
641026, 3
347884, 1
30129, 3
160652, 3
31777, 3
161326, 3
238497, 3
519514, 3
279862, 3
125864, 3
273454, 3
624425, 3
611920, 3
512894, 3
598130, 3
378014, 3
652088, 3
52709, 3
209765, 3
213640, 3
322157, 3
553821, 3
373357, 2
517655, 3
345963, 3
619946, 3
469950, 3
345214, 3
48466, 3
650345, 3
522238, 3
586296, 3
439817, 3
27294, 3
407967, 3
384252, 3
534241, 3
591004, 3
562618, 3
44101, 3
83702, 3
68418, 3
592421, 3
511907, 3
327239, 3
279962, 3
28732, 3
354001, 3
392995, 3
55347, 3
459274, 2
399390, 3
389241, 2
517094, 3
429526, 3
439477, 3
439762, 1
22774, 3
334028, 3
431275, 3
64725, 3
372593, 3
642941, 3
292267, 3
259811, 3
543302, 3
102580, 3
88294, 3
152077, 3
111877, 3
66460, 3
142374, 3
73856, 3
536910, 3
32370, 3
305117, 3
325098, 3
322316, 3
71931, 3
272660, 3
96211, 3
160524, 3
371048, 3
248936, 3
400412, 3
181753, 3
491679, 3
176047, 3
172881, 3
482968, 3
624635, 3
496124, 2
232252, 3
509012, 3
128954, 3
158219, 3
136434, 3
22542, 3
647226, 3
113380, 3
463303, 3
456062, 3
482269, 3
591924, 3
404749, 3
532104, 3
69040, 3
319949, 3
535305, 3
453678, 3
425437, 3
354117, 3
569781, 3
322299, 3
339117, 3
33833, 3
342472, 3
525052, 3
444877, 3
170540, 3
613562, 3
586378, 3
606402, 3
528023, 3
280945, 3
492081, 3
327323, 3
562397, 3
196290, 3
148444, 3
325395, 3
658265, 3
130829, 3
598583, 3
365561, 3
184650, 3
14566, 3
319015, 3
330711, 3
508363, 3
105764, 3
557910, 3
595040, 3
276469, 3
655805, 3
499573, 3
599397, 3
420927, 3
473525, 3
142053, 3
505357, 3
417309, 3
604063, 3
482886, 3
10898, 3
659820, 3
357898, 3
479650, 3
324785, 3
109356, 3
65729, 3
316708, 3
159264, 3
546696, 3
91912, 3
465476, 3
402111, 3
190245, 3
174011, 3
270500, 2
558405, 3
624729, 3
110028, 3
570594, 2
540852, 3
643347, 3
642682, 3
245511, 3
319765, 3
626113, 3
392876, 3
577424, 3
654368, 3
103800, 3
169237, 3
510612, 3
540657, 3
364027, 3
499104, 3
560998, 3
555981, 3
459206, 3
499423, 3
585087, 3
523819, 3
356818, 3
495529, 3
351000, 3
115152, 3
359816, 3
283956, 3
36280, 3
160117, 3
364763, 3
635871, 3
242236, 3
449066, 3
484485, 3
15457, 3
189260, 3
186794, 3
40476, 2
240819, 3
438361, 3
660547, 3
38202, 1
194493, 3
76748, 3
116541, 3
40654, 2
522194, 3
494075, 3
52587, 3
206941, 3
311414, 3
245687, 3
11115, 3
128669, 3
181584, 2
540296, 3
28714, 3
302195, 3
170904, 2
258016, 3
602868, 3
75664, 3
511705, 3
87811, 3
381748, 3
233788, 3
31149, 3
532946, 3
573808, 3
463176, 3
259060, 3
493937, 3
346010, 3
92796, 1
9994, 3
314127, 3
523623, 3
183503, 2
528079, 3
471898, 3
388118, 3
313705, 3
146156, 3
603766, 3
464926, 3
626404, 3
612806, 3
441922, 3
501579, 3
306084, 3
564049, 3
337801, 3
158142, 3
399790, 3
273415, 3
165947, 3
285592, 3
352203, 3
657734, 2
255507, 3
77194, 3
158702, 3
367926, 3
410639, 3
347271, 3
662335, 3
309002, 3
230146, 3
323083, 3
146369, 3
468477, 3
410451, 3
375912, 3
385509, 3
2722, 3
187125, 3
597918, 2
233910, 3
22594, 3
331736, 3
100055, 3
174669, 3
578372, 3
354413, 3
576537, 3
374490, 3
10366, 3
351128, 3
496089, 3
110920, 3
18099, 3
341327, 3
183589, 3
31718, 3
440314, 3
581391, 3
237942, 3
85044, 3
237591, 3
480882, 3
357004, 3
536113, 3
300661, 3
160267, 3
150890, 3
251303, 3
204017, 3
348346, 3
136499, 3
232940, 3
296574, 3
447945, 3
298038, 3
484611, 3
447936, 3
597368, 3
541161, 3
454510, 3
396615, 3
583722, 3
195660, 3
304773, 3
377048, 3
341282, 1
72051, 3
230337, 3
142620, 1
6092, 3
505063, 3
185989, 3
408166, 3
353718, 3
393353, 3
462276, 3
474213, 3
191125, 3
587679, 3
167339, 3
233251, 3
654021, 3
393101, 3
127875, 3
315885, 2
216590, 3
111421, 3
246951, 3
597884, 3
175873, 3
400839, 3
465605, 3
443828, 3
235914, 3
349868, 3
101724, 3
342360, 3
153283, 3
488892, 3
350730, 2
603050, 3
263803, 3
413540, 3
281514, 3
217138, 1
199126, 3
416248, 3
225196, 3
282827, 3
223040, 3
235240, 3
472600, 3
663789, 2
13754, 3
613865, 1
207796, 3
276941, 3
479349, 3
409923, 3
129040, 3
194544, 3
27762, 3
486091, 3
641228, 3
562554, 3
623725, 1
539895, 3
576612, 3
335493, 3
531132, 3
414219, 3
393558, 3
87269, 3
354688, 3
192508, 3
603908, 3
389097, 3
559778, 3
632126, 3
230184, 3
161884, 3
458961, 3
499468, 3
255452, 3
420988, 3
265185, 3
522150, 3
211889, 3
493966, 3
603544, 3
373285, 1
334883, 3
437056, 3
594388, 3
138955, 1
18055, 3
46763, 3
144324, 3
545806, 3
437215, 3
263110, 1
173563, 3
367506, 2
119124, 3
28682, 3
591287, 3
119011, 3
114851, 3
490037, 3
358272, 3
550528, 3
290796, 3
441439, 3
105983, 3
337477, 3
254603, 3
644346, 3
260797, 3
33021, 3
231697, 3
320166, 3
272170, 3
574337, 3
520004, 3
284925, 3
47167, 3
568258, 3
152818, 3
372534, 3
610029, 3
105156, 3
233523, 3
237129, 3
236483, 3
25555, 3
251106, 3
127999, 3
375203, 3
659333, 3
319409, 3
54689, 3
142574, 3
61475, 3
559217, 3
395561, 3
71131, 3
55499, 3
155243, 3
243160, 3
21609, 3
468838, 3
458893, 3
473223, 3
43331, 3
249385, 2
622369, 3
277170, 3
635514, 3
52588, 3
512843, 3
592533, 3
15337, 3
303647, 3
589645, 3
109583, 3
437030, 3
44799, 3
410570, 3
9461, 3
375475, 3
59333, 2
468231, 3
27897, 3
437322, 3
299311, 3
287972, 3
538408, 3
290805, 3
304384, 3
512514, 3
345780, 3
13996, 3
295144, 3
458871, 3
137406, 3
147118, 3
72869, 3
406324, 3
246749, 3
642359, 3
137945, 2
99238, 3
140354, 3
138521, 3
491181, 3
634139, 3
658656, 3
599178, 3
288281, 3
322184, 3
500652, 3
339682, 3
506740, 1
14886, 3
515347, 3
243062, 3
73520, 3
586875, 3
20899, 3
283938, 3
231888, 3
613995, 3
471557, 2
377850, 3
306314, 1
233177, 3
26578, 3
586424, 3
366300, 3
119482, 3
502141, 3
298045, 3
351778, 3
151078, 3
295884, 3
378278, 3
194757, 3
220810, 3
43912, 1
471905, 3
656728, 3
261861, 3
428325, 2
246853, 3
66000, 2
408246, 3
246743, 3
255468, 3
376889, 3
312638, 3
487809, 3
113934, 3
345705, 3
303402, 3
196888, 3
239541, 3
181667, 3
315469, 3
81606, 3
206898, 3
93961, 3
26568, 3
60153, 3
434906, 3
629002, 3
241287, 3
629626, 3
300722, 3
92182, 3
644494, 3
327215, 3
322348, 3
119348, 3
42691, 3
104280, 3
40538, 3
397615, 3
242460, 1
336718, 3
443949, 3
453975, 3
393363, 3
6548, 3
289534, 3
474075, 3
6618, 3
510142, 3
328354, 3
543387, 3
385301, 3
457655, 3
597085, 3
377568, 3
287237, 3
61699, 3
487687, 3
351433, 3
350612, 3
393090, 3
434203, 3
232414, 3
125977, 3
597704, 3
315491, 3
134548, 3
598075, 3
120285, 3
591302, 3
146326, 3
355450, 2
292533, 3
181591, 3
560285, 3
306757, 3
268749, 3
619761, 3
371894, 3
255107, 3
128187, 3
494810, 3
219146, 3
550552, 3
389579, 3
595532, 3
325923, 3
646202, 3
433159, 3
427265, 3
81404, 3
206270, 3
493454, 3
437932, 3
199386, 3
55433, 3
286167, 3
276942, 3
156728, 3
455067, 3
45996, 3
618340, 3
205018, 3
447834, 3
619938, 2
331947, 3
174185, 3
391440, 3
312322, 3
581972, 3
484009, 3
448086, 3
416510, 3
293693, 3
392746, 3
204326, 3
279786, 3
44299, 3
27042, 3
444920, 3
220630, 1
642208, 3
408065, 3
528795, 3
232245, 3
380998, 3
276411, 3
241172, 3
604101, 2
102813, 2
175174, 3
413127, 3
572288, 3
319147, 3
189353, 3
295465, 1
588832, 3
650691, 3
48540, 3
398264, 3
249000, 3
178624, 3
381268, 3
53153, 3
450912, 3
30946, 3
511444, 3
228916, 3
390182, 3
26818, 3
166393, 3
486230, 3
217681, 3
557381, 3
161005, 3
636088, 3
346941, 3
45886, 3
555015, 3
645505, 3
35664, 3
561722, 3
319968, 3
319613, 3
5430, 3
377901, 3
200453, 3
140950, 3
319152, 2
413241, 3
69101, 3
267683, 3
467004, 3
287780, 3
542982, 3
241336, 3
10450, 3
186841, 3
202640, 3
210119, 3
2421, 3
244732, 3
124414, 3
504848, 3
543081, 3
578058, 3
99026, 3
103495, 3
100653, 3
632061, 3
602011, 3
440360, 3
417455, 3
344276, 3
415700, 3
141378, 3
582460, 3
65438, 3
129946, 3
580377, 3
47946, 3
564882, 3
560435, 3
509619, 3
378139, 3
263716, 3
494463, 2
658591, 3
563654, 3
628024, 3
601375, 3
294652, 3
259621, 3
627981, 3
209917, 3
452967, 3
107114, 3
466859, 3
625649, 3
483356, 3
484487, 3
570224, 3
519007, 2
87567, 3
741, 3
516854, 3
439312, 1
428065, 3
587338, 3
254510, 3
348161, 3
396313, 2
25172, 3
368215, 3
129590, 3
607438, 1
126152, 3
599242, 3
479401, 3
199258, 3
13148, 3
339329, 3
269437, 3
191418, 3
482845, 3
308946, 3
250059, 3
194986, 3
46008, 3
392160, 3
654124, 3
255054, 3
457218, 3
219521, 3
112631, 3
130675, 3
328496, 3
2608, 3
167489, 3
563968, 3
598091, 3
228288, 3
226865, 3
111254, 3
177537, 3
262593, 3
352152, 3
644875, 3
357826, 3
159784, 3
627839, 3
653123, 3
217146, 3
121502, 3
437361, 3
301526, 3
346034, 3
234738, 3
85879, 3
280545, 3
169653, 3
131982, 3
474709, 3
85611, 3
528357, 3
496625, 3
509794, 1
184477, 3
139644, 3
53427, 3
154661, 3
586813, 3
206819, 3
151462, 3
161048, 3
444034, 3
379979, 3
122618, 3
104320, 3
216543, 3
441309, 3
32090, 3
40461, 3
200345, 1
501789, 3
520982, 3
2396, 3
245856, 3
245738, 3
160635, 3
515916, 3
48324, 3
194616, 1
483388, 3
23628, 3
400468, 3
252294, 3
11613, 3
203078, 3
127959, 3
468099, 3
113303, 3
79370, 3
301736, 3
531120, 3
241062, 3
412144, 3
417590, 3
429520, 3
311786, 3
37543, 2
153121, 2
662237, 3
343361, 3
602802, 3
471251, 3
183347, 3
497164, 3
273145, 3
37362, 3
123229, 3
224962, 3
647950, 3
476455, 3
132583, 3
436587, 3
544958, 3
239304, 3
365019, 3
270530, 3
474362, 3
619324, 3
195492, 3
496234, 3
65268, 3
181063, 3
90736, 3
203367, 3
579800, 3
472710, 3
130480, 3
8846, 3
638567, 3
394503, 3
569461, 3
519055, 3
322377, 3
245136, 3
130755, 3
374369, 3
24253, 3
230690, 3
130305, 3
537149, 3
566272, 3
390649, 3
523983, 3
165749, 3
344124, 3
135023, 3
434328, 3
535768, 3
265078, 1
419182, 3
566433, 3
524800, 2
390655, 3
21948, 3
472492, 3
20026, 3
561934, 3
434672, 3
80148, 3
371715, 3
144708, 3
438243, 3
178908, 3
199497, 3
376580, 3
538209, 3
2348, 3
100973, 2
318097, 3
174828, 3
509701, 3
499243, 3
159927, 3
618317, 3
187382, 3
348473, 3
492881, 3
607090, 3
518872, 3
408188, 3
453557, 3
528360, 3
18205, 3
457750, 3
452288, 2
228813, 3
255958, 3
68403, 3
542741, 3
490345, 3
428200, 3
136704, 3
586956, 3
55902, 3
396398, 3
487155, 1
652986, 3
3210, 3
215890, 3
64405, 3
251846, 1
437277, 3
342200, 3
521869, 3
144396, 3
396868, 1
371142, 3
615902, 3
144847, 3
395429, 3
561605, 3
396852, 3
443266, 3
198468, 3
57493, 3
572836, 3
125266, 3
474245, 3
224178, 3
353636, 3
91224, 3
515531, 3
300784, 3
364790, 3
339723, 3
541985, 3
651514, 3
146452, 3
372016, 3
496413, 3
448956, 3
121598, 3
458930, 3
36253, 3
578553, 2
573978, 3
142745, 3
68433, 3
205868, 3
310657, 3
211783, 3
418650, 3
566178, 3
350508, 3
319478, 3
454914, 1
159526, 3
626675, 3
234665, 3
299559, 3
362020, 3
576211, 3
480687, 3
25497, 3
529328, 3
511184, 3
352987, 3
81945, 3
82376, 3
56112, 3
127496, 3
113540, 3
452465, 2
352187, 3
492585, 3
415885, 3
93457, 3
114280, 3
255155, 3
42043, 3
306503, 3
64465, 3
528686, 3
556111, 3
394053, 3
330192, 3
624025, 3
15613, 3
204646, 3
585316, 3
498329, 3
229588, 3
246050, 2
109674, 3
390422, 3
231171, 1
55537, 3
154135, 3
334557, 3
309077, 3
76232, 2
252270, 3
138168, 3
209390, 3
200348, 3
473565, 3
536749, 3
585003, 3
632632, 3
479022, 3
18958, 3
316089, 3
364739, 3
496190, 3
12469, 3
258600, 1
116664, 3
274212, 3
391802, 3
662456, 3
375556, 3
502994, 3
584546, 3
445888, 3
590673, 3
475164, 3
632533, 3
107730, 3
630847, 3
656329, 3
275023, 3
293419, 3
190971, 3
579916, 3
456764, 3
297461, 3
365931, 3
246474, 3
456337, 3
465876, 2
44332, 3
31749, 3
180039, 3
629071, 3
443510, 3
625164, 3
372182, 3
117452, 3
593652, 3
48118, 3
156330, 3
596833, 3
174546, 3
48253, 3
318526, 3
28580, 3
291588, 3
206176, 3
113760, 3
484392, 3
295952, 3
614474, 3
386509, 3
168394, 3
421688, 3
148144, 2
344009, 3
593961, 3
512746, 3
187799, 3
193526, 3
278729, 3
382896, 3
47617, 3
528683, 3
29521, 3
233764, 3
525909, 3
248258, 3
541187, 3
287150, 3
74275, 3
143345, 3
269033, 3
254054, 3
124584, 3
599659, 3
410858, 3
259283, 2
61972, 3
4385, 3
495827, 3
194635, 3
518073, 3
579324, 3
523473, 3
271414, 3
28721, 3
10441, 3
178401, 3
631572, 3
636241, 3
551363, 3
420650, 3
347202, 3
265555, 3
560525, 3
211384, 3
230859, 3
538142, 3
87117, 3
403489, 3
538133, 3
387923, 3
70988, 3
568561, 3
162353, 3
206888, 3
423221, 3
181279, 3
198917, 3
362925, 3
382767, 3
382319, 3
47404, 3
404617, 3
551203, 3
183152, 3
564863, 3
638061, 3
481191, 3
364461, 3
443164, 1
107489, 3
328597, 3
69935, 3
358566, 1
81627, 3
175269, 3
30557, 3
495428, 3
570728, 3
180205, 3
533343, 3
342644, 3
508595, 3
390353, 2
288347, 3
46188, 3
357582, 3
527953, 3
540451, 3
499395, 3
143997, 3
168663, 3
120402, 3
509436, 3
291178, 3
353727, 3
564190, 3
540709, 3
427332, 3
431221, 3
82080, 3
230266, 3
339312, 3
283192, 3
392727, 3
250289, 3
336567, 3
29588, 3
253487, 3
465403, 3
28765, 3
83926, 3
187475, 3
138369, 3
219056, 3
597594, 3
385612, 3
136651, 2
217602, 3
298260, 3
460825, 3
393501, 3
14552, 3
403173, 3
529107, 3
567254, 1
127995, 3
228686, 3
338112, 3
210169, 3
155750, 3
241380, 3
654208, 3
393797, 1
368745, 3
505968, 3
117475, 3
297151, 3
343799, 3
144530, 3
195844, 3
97971, 3
378554, 3
14475, 3
406398, 3
34637, 3
457063, 3
537608, 3
62134, 3
252251, 3
371812, 3
28116, 3
242322, 3
273633, 3
132680, 3
480328, 3
633292, 3
550917, 3
418163, 3
501091, 3
48522, 3
144727, 3
351974, 3
218562, 3
185342, 3
393724, 2
647472, 3
503197, 3
502858, 3
397200, 3
498040, 3
629466, 3
30860, 3
546957, 3
338270, 3
442644, 3
545363, 3
397431, 3
431861, 3
409206, 3
172482, 3
636326, 3
551521, 3
649099, 3
351151, 3
588882, 3
322796, 3
437658, 3
174222, 3
184812, 3
573435, 3
46989, 3
321657, 3
447412, 3
628355, 3
539875, 3
637799, 3
565519, 3
355725, 3
469522, 2
499446, 3
527171, 3
515858, 3
86095, 1
178106, 3
339596, 3
429349, 3
511664, 3
627048, 3
219727, 3
36040, 3
639607, 3
398351, 3
339011, 3
333186, 3
196507, 3
587160, 3
536679, 3
335642, 3
604330, 3
158683, 3
460451, 3
539988, 3
131389, 3
281688, 3
136680, 3
625462, 3
407036, 3
563176, 3
74716, 3
379850, 3
476451, 3
372558, 3
111919, 3
114233, 2
222378, 3
53849, 3
69367, 3
139437, 3
470203, 3
427657, 3
261110, 3
584140, 3
127954, 3
596603, 3
241333, 3
159581, 3
199808, 3
587984, 3
627059, 3
299753, 3
500047, 3
341416, 3
416796, 3
611287, 3
646184, 3
301130, 3
519720, 3
366430, 3
484183, 3
437567, 3
463242, 3
392814, 2
246842, 3
113835, 3
584623, 3
422831, 3
642787, 3
460096, 3
492658, 3
552425, 3
2690, 3
518560, 3
263645, 3
548817, 3
470707, 3
434984, 2
492645, 2
646667, 2
36041, 3
592242, 3
22153, 3
394609, 3
412324, 3
445680, 3
120070, 3
94458, 3
453114, 3
445, 3
137428, 3
453499, 3
199893, 3
372021, 3
502122, 3
411177, 3
215875, 3
535119, 3
501510, 3
320995, 3
77114, 3
82162, 1
237614, 3
238485, 3
92992, 3
531730, 3
308344, 3
361167, 2
444501, 3
315672, 3
88450, 3
18787, 3
416748, 3
143624, 3
466705, 3
332971, 3
578646, 3
272990, 3
397508, 3
137052, 3
433069, 3
633116, 3
15594, 3
196454, 3
644958, 3
310590, 3
215920, 3
269324, 3
246106, 3
633099, 3
401942, 3
455719, 2
285459, 3
458758, 3
599451, 3
285507, 3
625154, 3
574362, 3
411717, 3
85950, 1
136570, 3
436805, 3
425817, 3
144619, 3
5022, 3
532625, 3
589371, 3
210456, 3
433234, 3
335829, 3
391730, 3
102290, 3
81358, 3
30631, 3
21675, 3
543449, 3
489071, 3
26554, 3
6018, 3
141786, 3
527124, 3
162178, 3
435200, 3
362761, 3
439422, 3
585325, 3
68927, 3
635940, 3
517038, 3
211443, 3
278598, 3
53703, 3
603117, 3
539140, 3
636115, 3
218957, 3
556748, 3
303968, 3
295888, 3
276747, 3
169424, 3
33854, 3
396509, 3
463206, 3
550275, 3
546860, 3
96640, 3
350556, 3
252177, 3
202179, 3
346527, 3
154501, 3
147498, 3
623007, 3
253001, 2
217684, 3
88993, 3
320952, 3
60580, 3
224858, 3
614307, 3
405074, 3
651737, 3
285080, 3
3694, 3
87009, 3
541731, 3
260884, 3
570599, 3
600925, 3
442889, 3
562612, 3
564201, 3
46448, 3
459447, 3
272911, 3
196281, 3
17914, 3
148732, 3
95808, 3
449706, 3
504893, 3
488197, 3
292615, 3
309845, 3
59383, 3
117314, 3
567141, 3
479652, 3
561790, 3
63359, 3
215364, 3
206198, 3
351930, 2
416594, 3
181899, 3
575578, 2
115841, 3
578493, 3
455207, 3
233804, 3
394045, 3
513606, 3
170535, 3
198772, 3
50058, 3
91815, 3
524111, 3
145510, 3
394349, 3
444346, 3
261164, 3
197229, 3
145615, 3
621968, 3
42907, 3
244248, 3
256712, 3
181127, 3
216737, 3
288621, 3
649931, 3
136128, 3
91109, 3
308599, 3
74939, 3
98038, 3
640485, 3
420335, 3
142129, 3
315884, 3
231165, 3
456564, 3
227878, 3
586598, 2
659769, 2
303542, 3
649241, 3
294083, 3
578956, 3
43857, 3
78699, 3
124310, 3
9464, 2
302136, 3
457364, 3
299823, 3
512626, 3
520307, 3
560744, 3
546085, 3
400046, 3
490634, 3
141445, 3
248363, 3
316411, 3
409136, 3
91804, 3
406959, 3
562786, 3
197605, 3
362897, 3
562290, 3
419164, 3
624861, 3
487563, 3
133741, 3
305227, 3
502602, 3
344527, 3
54144, 3
314026, 3
389483, 3
399695, 3
350557, 3
342189, 3
28881, 3
343538, 3
549054, 3
517496, 3
318424, 2
213402, 3
594068, 3
348354, 3
95485, 3
72856, 3
588533, 3
167568, 3
595615, 3
547410, 3
151388, 3
454721, 3
222035, 3
263840, 3
206961, 3
359321, 3
647265, 3
248688, 3
235960, 3
437028, 2
401844, 3
17656, 3
379432, 3
622039, 3
580588, 3
161112, 3
127864, 3
228766, 3
556851, 3
107918, 3
620162, 3
584148, 3
450064, 3
279530, 3
246761, 3
201935, 3
266259, 2
99738, 3
497005, 3
405311, 3
643116, 3
164738, 3
343631, 3
409522, 3
260912, 3
485476, 3
379835, 3
308713, 2
452972, 2
503385, 3
17748, 3
29075, 3
522294, 1
46220, 3
309191, 3
337773, 3
15454, 3
641154, 3
517749, 3
259465, 2
379604, 3
376022, 3
604416, 3
36329, 3
83732, 3
600475, 3
213569, 3
659709, 3
25629, 3
578729, 3
24203, 3
78645, 3
33150, 3
17759, 3
576558, 3
308671, 3
196818, 3
85109, 3
112069, 3
253175, 3
18058, 3
219472, 3
227281, 3
661650, 3
41221, 3
283957, 3
490559, 3
496529, 3
77179, 3
518090, 3
348912, 3
388387, 3
210099, 3
534481, 3
295179, 3
208331, 3
566645, 3
131368, 3
314781, 3
596798, 3
413275, 3
447116, 3
522637, 3
396906, 3
219071, 3
642325, 3
205512, 3
71662, 3
385039, 3
264890, 3
472583, 3
71726, 3
352451, 3
9079, 3
441013, 3
198626, 3
337921, 3
429601, 3
328789, 3
638308, 3
318179, 3
476483, 3
663607, 3
621790, 3
349718, 2
583276, 3
561554, 3
13034, 3
244249, 3
219255, 3
253298, 3
543847, 3
609152, 3
171986, 3
570580, 3
60323, 3
531119, 3
299955, 2
218539, 3
399019, 3
338431, 3
4166, 3
262028, 2
23243, 3
658997, 3
125016, 3
524049, 3
655334, 3
305075, 3
70333, 2
468172, 3
50488, 3
246503, 3
256275, 3
515462, 3
63824, 3
497313, 3
124475, 3
565420, 2
325266, 3
406704, 3
156375, 3
364156, 3
369473, 3
541644, 3
386133, 3
309958, 3
19738, 3
543586, 3
234690, 3
22160, 3
636528, 3
296799, 3
406388, 3
267918, 3
630854, 3
408488, 3
356258, 3
347746, 3
514701, 3
219361, 3
612899, 3
298928, 3
144268, 3
509350, 3
359595, 3
229396, 3
515964, 3
166476, 3
358152, 3
104963, 3
253097, 3
311239, 3
627427, 3
277918, 3
523149, 2
259198, 3
572194, 3
348237, 3
169763, 3
13854, 3
578895, 3
622999, 3
45882, 3
414948, 3
55677, 3
318365, 3
44854, 3
600620, 3
261273, 3
64794, 3
402729, 3
168202, 3
477476, 3
175166, 3
90806, 3
552133, 3
374914, 3
442454, 3
141767, 3
41724, 2
180153, 3
145450, 3
265160, 3
547831, 3
569237, 3
307056, 3
330357, 3
541037, 3
398609, 3
233083, 1
535467, 3
517794, 3
118344, 3
430005, 3
97996, 3
454067, 3
503854, 3
533312, 3
516741, 3
151307, 3
50489, 3
547086, 3
658572, 3
42444, 1
310394, 3
502522, 2
497002, 3
526931, 3
357927, 3
563388, 3
350660, 3
389914, 3
501317, 3
619822, 1
284282, 3
218693, 3
187211, 3
188863, 3
282953, 3
165670, 3
383445, 3
403262, 3
333189, 3
311259, 3
240043, 3
506549, 3
406662, 3
609494, 3
372733, 3
167704, 3
30398, 3
282074, 3
579390, 3
53977, 3
573221, 3
449965, 3
542171, 3
473589, 3
426548, 3
6107, 3
196067, 3
184617, 3
183634, 3
325389, 3
146670, 3
130336, 3
58459, 2
652823, 3
156437, 3
222863, 3
182056, 3
6765, 3
388367, 3
43415, 3
168329, 3
546152, 3
491545, 3
356325, 3
94907, 3
640458, 3
421276, 3
254866, 3
653513, 3
581192, 3
277134, 3
338753, 3
627516, 3
652946, 3
87649, 3
635544, 3
102053, 3
629617, 3
83142, 3
359970, 3
117758, 3
472857, 3
273147, 3
490104, 3
272949, 3
171345, 3
637940, 3
460677, 1
520576, 3
630794, 3
578333, 3
615539, 3
588007, 3
20544, 3
502966, 3
12825, 3
210030, 3
393968, 3
635234, 3
13211, 3
50556, 3
23132, 3
562833, 3
292667, 3
192644, 3
640805, 3
220223, 3
411997, 3
556211, 3
560265, 3
449297, 3
593357, 3
528020, 3
193847, 3
627112, 3
609545, 3
367766, 3
307969, 2
3262, 3
200038, 2
393976, 3
422725, 3
338344, 2
547391, 3
489456, 3
114449, 3
420561, 3
320584, 3
613874, 3
239068, 3
260939, 3
198947, 3
385865, 3
308881, 3
636075, 3
653778, 3
356480, 3
323456, 3
272074, 3
116660, 3
462799, 3
403858, 3
624321, 2
210621, 3
72788, 3
207144, 3
156037, 3
613125, 3
495345, 3
310166, 3
323197, 3
543136, 3
184656, 3
293630, 3
176156, 3
489510, 3
169570, 3
517599, 3
461047, 2
571948, 3
152812, 3
552034, 3
438890, 3
571327, 2
655410, 3
251826, 3
47403, 2
191910, 1
525536, 3
37986, 3
416604, 3
276865, 3
29176, 3
554269, 3
558413, 3
30074, 3
105033, 3
50511, 3
229525, 3
152156, 1
87828, 3
31874, 3
229775, 3
451514, 3
134213, 3
534710, 3
114321, 3
301988, 3
642468, 3
211885, 3
1208, 3
177114, 3
413994, 3
232127, 3
629762, 3
273324, 3
271953, 3
493357, 3
548617, 3
275058, 3
125768, 3
501181, 3
595692, 3
58516, 3
452234, 3
162388, 3
590476, 3
586814, 3
589378, 3
144196, 3
144078, 3
629010, 3
425841, 3
655418, 3
311774, 3
255756, 3
327232, 3
245426, 3
421480, 3
422412, 3
75562, 3
479394, 3
134334, 2
315196, 3
20773, 3
94719, 3
280095, 3
38025, 3
76515, 3
48978, 3
398229, 3
99868, 3
471961, 3
586487, 3
567251, 3
334781, 3
462170, 3
295065, 3
305392, 3
316389, 3
427946, 3
146859, 3
56634, 3
286489, 3
365302, 3
426988, 2
24600, 3
149981, 3
79464, 3
656229, 2
377789, 3
502832, 3
337521, 3
16229, 3
532716, 3
64952, 3
311452, 3
12768, 3
443111, 3
164026, 3
177820, 3
629207, 3
273502, 3
427300, 3
115151, 3
184562, 3
352698, 3
287893, 3
523845, 3
94485, 3
646081, 3
130540, 3
93925, 3
568976, 3
412509, 3
518871, 3
559748, 3
571806, 3
408721, 3
500189, 3
27614, 3
411669, 3
397130, 3
419700, 3
653914, 3
327451, 3
441641, 3
512387, 3
257620, 3
572360, 3
376951, 3
45651, 3
397972, 3
620765, 3
93533, 3
612711, 3
283697, 3
523185, 3
385596, 3
349430, 3
238955, 3
330743, 3
397065, 3
45969, 3
235470, 3
224301, 3
589685, 3
264789, 3
142090, 3
645098, 3
275298, 3
321036, 3
408895, 3
96451, 3
389631, 3
130489, 3
583770, 3
204075, 3
617219, 3
548455, 3
261237, 3
173765, 3
281292, 3
313832, 3
71353, 3
361863, 3
158448, 3
291165, 3
210639, 3
96676, 3
525705, 3
624772, 3
455910, 3
36581, 3
40123, 3
309788, 3
222862, 3
562693, 1
217982, 3
573047, 3
454580, 3
384958, 3
453466, 3
617676, 3
501127, 3
166939, 3
51424, 3
399481, 3
392554, 3
171766, 3
606153, 3
310390, 3
149785, 3
558390, 3
635614, 1
66084, 3
274455, 3
193355, 3
533647, 3
653079, 3
586124, 3
483848, 3
187345, 3
318955, 3
337710, 3
575834, 2
591651, 2
652654, 3
218135, 3
98847, 3
237400, 3
459530, 3
506590, 3
23784, 3
128286, 3
632133, 3
471072, 3
526354, 3
374651, 2
626292, 3
550355, 3
243249, 3
568435, 3
34456, 3
503608, 3
631759, 3
417676, 3
76582, 1
411904, 3
94230, 3
63231, 3
258452, 3
628927, 3
295579, 3
258760, 3
231753, 3
268034, 3
393823, 3
492910, 3
396154, 3
423420, 3
635319, 3
183804, 3
284333, 3
487873, 3
558925, 3
603731, 3
403825, 3
424624, 3
148181, 3
2304, 3
620959, 3
624999, 3
558786, 3
63392, 3
449755, 3
466890, 3
320981, 3
415001, 3
447500, 3
664419, 3
243442, 3
76162, 3
397915, 3
483588, 3
602343, 3
237156, 3
71909, 3
229576, 3
77522, 3
625933, 3
302420, 3
345687, 3
132049, 3
208256, 3
420987, 3
138272, 3
204565, 3
251619, 3
241191, 3
62523, 3
435079, 3
474487, 3
58573, 3
571424, 3
381619, 3
636375, 3
39413, 3
94919, 3
328205, 3
158493, 3
280555, 3
43254, 3
575768, 3
479366, 3
177092, 3
367682, 3
377436, 3
402299, 3
55650, 3
164878, 3
263041, 3
81315, 3
332183, 3
496960, 3
418489, 3
341008, 3
364083, 3
72098, 3
87398, 3
572289, 3
132840, 3
13022, 3
321141, 3
99271, 3
633432, 3
460166, 3
47979, 3
664804, 3
510386, 3
494336, 3
312948, 3
320933, 3
309546, 3
182977, 3
338886, 3
665229, 3
243393, 3
355905, 3
391037, 3
530459, 1
294617, 3
227132, 3
43673, 3
533377, 3
120302, 3
382137, 3
120146, 3
51252, 3
436612, 3
218920, 3
536230, 3
475506, 2
295650, 3
619268, 3
30371, 3
24250, 3
662434, 3
191359, 2
387251, 2
426637, 3
145485, 3
525821, 3
525178, 3
655237, 3
267322, 3
126868, 3
574232, 3
624390, 3
166474, 3
481272, 3
128142, 3
299334, 2
567493, 3
392429, 3
273674, 3
86163, 3
82575, 3
157423, 3
207037, 3
390347, 3
344816, 3
373090, 3
427570, 3
393418, 3
206516, 3
563316, 3
236662, 3
337916, 3
40870, 3
564920, 3
218961, 3
218141, 3
649701, 3
289663, 3
353186, 3
512314, 3
639075, 3
557321, 3
312158, 3
210794, 3
77685, 3
556185, 3
73050, 3
584709, 3
82187, 3
4202, 3
96824, 3
582692, 3
304142, 3
303881, 3
490018, 3
123767, 3
85316, 1
366162, 1
583516, 3
282201, 3
134385, 3
48124, 3
605070, 3
591579, 3
19983, 3
274209, 1
230789, 3
407438, 3
63462, 3
272304, 3
583409, 1
195459, 3
557005, 3
229048, 3
146254, 2
181908, 3
216878, 3
497622, 3
121899, 3
644684, 3
87049, 3
172725, 3
463564, 3
108246, 3
173928, 3
479283, 3
29074, 3
318163, 3
195969, 2
114620, 3
436376, 3
493944, 3
618059, 3
456244, 3
618363, 2
384715, 3
486454, 3
214172, 3
400189, 3
535130, 3
565404, 3
387731, 3
210177, 3
622515, 3
369933, 3
614278, 3
214733, 3
367852, 3
526107, 3
146286, 3
483720, 3
567153, 3
94804, 3
491367, 3
174774, 3
624237, 3
500233, 3
380281, 3
397998, 3
530896, 3
545802, 3
329262, 3
234384, 3
59661, 3
610985, 3
63328, 3
365091, 3
320165, 3
601288, 3
576473, 3
497865, 3
631869, 3
207597, 3
519739, 3
42798, 3
199455, 3
456368, 3
290956, 3
351267, 3
308132, 3
245186, 3
132265, 3
97201, 3
583469, 2
598530, 3
354851, 2
378365, 1
600549, 3
97294, 3
279533, 3
541675, 3
84288, 3
160049, 3
557417, 3
510696, 3
203393, 3
355533, 3
47040, 3
130575, 3
416946, 3
168889, 3
52597, 3
324981, 3
379568, 3
59685, 3
128008, 3
556839, 3
81327, 3
51761, 3
245383, 3
564570, 3
593434, 3
497348, 3
90536, 3
511680, 3
362706, 3
193937, 3
543279, 3
619679, 3
653682, 3
38154, 3
188753, 3
178007, 1
57739, 3
598975, 3
345235, 3
252129, 2
313622, 3
158924, 3
196167, 3
304561, 3
460831, 3
309082, 3
84902, 3
440358, 3
236648, 3
52951, 3
274217, 3
552989, 3
613070, 3
289709, 3
105632, 3
651779, 3
339646, 3
276749, 3
135541, 3
57496, 3
247278, 3
646779, 2
504965, 3
502014, 3
524903, 3
302154, 3
602442, 2
143344, 3
2327, 3
123498, 3
122092, 3
291992, 3
182107, 3
350588, 3
478357, 3
457405, 2
402874, 3
641892, 3
301436, 3
509435, 3
76869, 3
381166, 3
112659, 3
152282, 3
452636, 3
549706, 3
160763, 3
639857, 3
179917, 3
446599, 3
222359, 3
7915, 3
203172, 3
631324, 3
213387, 3
280506, 3
664960, 2
620465, 3
221100, 1
363685, 3
254064, 2
84854, 3
259731, 3
25820, 3
218060, 3
286020, 3
476795, 3
133124, 3
642505, 3
221307, 3
253413, 2
299076, 3
354069, 3
314027, 3
306602, 3
180840, 3
607065, 3
470881, 3
618304, 3
465910, 3
396057, 3
15025, 3
208503, 3
159745, 3
23323, 3
595765, 2
222641, 3
661209, 1
369403, 3
290823, 3
188798, 3
59667, 3
384327, 3
463576, 3
223711, 3
436731, 3
49667, 3
554604, 3
314613, 3
322601, 3
324082, 3
550557, 3
110105, 3
165995, 3
117098, 3
437844, 3
506785, 3
132086, 3
209395, 3
267029, 3
217965, 3
274167, 3
486366, 3
363361, 3
342337, 3
74140, 3
155688, 3
568370, 3
277895, 3
627565, 3
427294, 3
147355, 3
120009, 3
390055, 3
284603, 3
405434, 3
449272, 3
51054, 3
135715, 3
13682, 3
281540, 3
262848, 3
393708, 3
657384, 3
204657, 3
257257, 3
594457, 3
423514, 3
317486, 3
345969, 3
26205, 3
515369, 3
460929, 3
232263, 1
3842, 3
401086, 3
441260, 3
141551, 3
546970, 3
115942, 3
150584, 3
285033, 3
339080, 3
513743, 3
246398, 3
509743, 3
214107, 1
118007, 3
538582, 3
334813, 3
174832, 3
99353, 3
643889, 3
496004, 3
445490, 3
131846, 3
27710, 3
275831, 3
115141, 3
168426, 3
226423, 3
579384, 3
442320, 3
183280, 1
370695, 3
112524, 3
324702, 3
618302, 3
410491, 3
33034, 3
399521, 3
187841, 3
220020, 3
609370, 3
106077, 3
617392, 3
350137, 3
398477, 1
349052, 1
659862, 3
187182, 3
11926, 3
147297, 3
168090, 3
405778, 3
194704, 3
425088, 3
466669, 3
451975, 3
406710, 3
289216, 3
227764, 3
514697, 3
403515, 3
131218, 3
630872, 3
632743, 3
578671, 3
365008, 3
642541, 3
414984, 3
68556, 3
124000, 3
363739, 3
79365, 3
1672, 3
257485, 3
498390, 3
485253, 2
313725, 3
530912, 3
303952, 3
54084, 3
250435, 3
149261, 3
326402, 3
9372, 3
86715, 1
196847, 3
615230, 2
192680, 3
169202, 3
248364, 2
215025, 3
550753, 3
633182, 3
164266, 3
215393, 3
211408, 3
488002, 3
576315, 3
121230, 3
298912, 3
10807, 3
466437, 3
524784, 3
82617, 3
491598, 3
124142, 3
357561, 3
388194, 3
566184, 3
385808, 3
439604, 3
186346, 3
451824, 3
265564, 3
9860, 3
83209, 3
593404, 3
110602, 3
174869, 3
626651, 3
569009, 3
521181, 3
406216, 3
482125, 3
415810, 3
304944, 3
435752, 3
420241, 3
84103, 3
471484, 3
239302, 3
204638, 3
397426, 3
367015, 3
506793, 3
462483, 3
487481, 3
103781, 3
525112, 3
381912, 3
626872, 3
428103, 3
285992, 3
86773, 3
458197, 3
38895, 3
265547, 3
90860, 3
14705, 3
259982, 3
631147, 3
232111, 3
524279, 3
35556, 2
356945, 3
7916, 3
327766, 3
439092, 3
356666, 3
209529, 3
444113, 3
108976, 3
655385, 3
167354, 3
230854, 3
221370, 3
581057, 3
626743, 3
278870, 3
383358, 3
471131, 3
101179, 3
363505, 3
218271, 3
267943, 3
248394, 3
190199, 3
492609, 3
582231, 3
516807, 3
389572, 3
125870, 3
54615, 3
438605, 3
27274, 3
62599, 3
317997, 3
452922, 3
603653, 3
221588, 3
635730, 3
94891, 3
627766, 3
441586, 3
653484, 3
292264, 3
392974, 3
387456, 3
630142, 3
597988, 3
249908, 3
340565, 3
604473, 3
551198, 3
294064, 3
34196, 3
185651, 3
237716, 3
344151, 3
26159, 3
385177, 3
519406, 3
490625, 2
203882, 3
411896, 3
168489, 3
590162, 3
82113, 3
215143, 3
171171, 3
148213, 3
104924, 3
301163, 3
18926, 2
34239, 3
232309, 3
560243, 3
362142, 3
522415, 3
391286, 3
273500, 3
653213, 3
522307, 3
169119, 3
515392, 3
342085, 3
645172, 3
650567, 3
197472, 3
341297, 3
42300, 3
331910, 3
381476, 3
45754, 3
182756, 3
145934, 3
170628, 3
494620, 3
305446, 3
168859, 3
442135, 3
655293, 2
17728, 3
326027, 3
257448, 3
164011, 3
17453, 3
63616, 3
119141, 3
451092, 3
665078, 3
443707, 3
291767, 3
642661, 3
91300, 3
120430, 3
134590, 3
179801, 3
76860, 3
29519, 3
244912, 3
417726, 3
194165, 3
70709, 3
290423, 3
502598, 3
612611, 3
417156, 3
382960, 3
93614, 3
235034, 3
119039, 3
547846, 3
521299, 3
535026, 3
477183, 3
109907, 3
452656, 1
440226, 3
72471, 3
610526, 2
655536, 3
544905, 3
254735, 3
212915, 3
253646, 3
64018, 3
494731, 3
336781, 3
587506, 3
438391, 3
540460, 3
656662, 3
85062, 3
314692, 3
592723, 3
281107, 3
460284, 3
367328, 3
384844, 3
173036, 3
427717, 3
325598, 3
64646, 3
38086, 3
578336, 3
174063, 3
510497, 3
345947, 3
293574, 3
355236, 3
88508, 3
326897, 3
462564, 2
68953, 3
153889, 3
325830, 3
157679, 3
458972, 3
640610, 3
547415, 3
464940, 3
655471, 3
59601, 3
265841, 3
578080, 3
228317, 3
647211, 3
188990, 3
558198, 3
540932, 3
330445, 3
32845, 3
206950, 3
314993, 3
590159, 3
531239, 3
32741, 3
276033, 3
456094, 3
597668, 3
60391, 2
165938, 3
342130, 3
79614, 3
512578, 3
249354, 3
577501, 3
537075, 3
357038, 3
285157, 3
14047, 3
204284, 3
381494, 3
548675, 3
103839, 3
142664, 3
143822, 3
219500, 1
24603, 3
204240, 3
408194, 3
262655, 3
210060, 3
39936, 3
982, 3
134782, 3
142740, 1
101021, 3
401478, 3
408778, 3
464163, 3
145287, 3
477661, 3
233580, 3
235243, 3
419225, 3
440030, 3
396449, 3
309812, 3
533896, 3
210120, 3
520854, 3
633517, 3
332492, 3
131400, 3
437921, 3
204814, 3
633009, 3
541437, 3
616749, 3
497850, 3
628544, 3
166246, 3
67570, 3
557102, 3
449947, 3
630595, 3
451862, 3
422241, 3
500065, 3
390875, 3
548254, 3
548125, 3
550459, 3
588523, 3
136251, 3
603197, 3
349259, 3
179161, 3
188711, 3
453755, 2
574491, 3
255782, 3
201322, 3
290549, 3
299530, 3
380915, 3
182910, 3
357237, 3
486482, 1
532248, 3
243667, 3
522657, 3
371301, 3
461267, 3
444695, 3
162364, 3
364396, 3
510447, 3
321906, 3
518625, 3
11934, 3
177399, 3
162678, 3
153644, 3
408945, 3
321664, 2
160660, 3
61247, 3
238042, 3
477212, 3
163504, 3
59961, 3
299478, 3
440943, 3
523082, 3
165192, 3
539633, 3
110214, 3
384226, 3
225506, 3
79953, 3
277000, 3
638793, 3
207190, 3
604504, 3
381571, 3
561376, 3
446177, 3
595901, 3
614031, 3
26589, 3
292379, 3
335178, 3
524326, 3
16378, 3
547717, 3
74946, 3
32060, 3
104795, 3
543417, 3
439832, 2
462484, 3
248031, 3
607150, 3
636164, 3
237888, 3
334327, 3
565155, 3
52552, 3
105827, 3
331158, 1
662677, 3
278887, 2
13506, 3
263329, 3
623054, 3
395652, 3
41374, 2
618673, 3
291587, 3
381468, 3
14571, 3
282890, 3
59389, 3
24433, 3
413039, 3
218722, 3
123241, 3
226715, 3
383782, 3
303611, 3
304352, 3
436180, 3
33587, 3
215419, 3
135607, 3
272894, 3
217921, 3
254104, 3
148847, 3
605922, 2
421433, 3
496682, 3
54647, 3
161408, 3
618057, 3
606708, 3
536638, 3
395818, 3
162663, 3
556190, 3
632308, 3
661748, 3
238463, 3
580636, 3
307121, 3
392674, 3
229517, 3
68027, 3
542734, 3
374525, 3
471679, 3
591786, 1
545788, 3
369796, 3
140849, 3
381841, 3
433240, 3
440681, 3
290004, 3
62732, 3
173028, 3
446462, 3
555439, 3
211429, 3
605429, 3
254679, 3
397181, 3
228333, 3
100685, 3
222078, 3
79042, 3
616344, 3
608469, 3
35542, 3
21574, 3
486690, 3
126991, 3
408439, 3
269043, 3
593577, 3
396765, 3
525769, 1
481238, 3
318395, 2
261794, 3
459135, 3
351577, 3
92181, 3
603849, 3
574144, 3
423409, 3
173092, 3
648634, 3
366728, 3
35647, 3
458732, 3
299397, 3
358934, 3
537906, 3
23283, 3
352941, 3
156885, 3
536464, 3
138630, 3
602116, 3
80266, 3
244886, 3
542935, 3
612688, 3
519880, 3
582801, 3
181183, 3
60234, 3
216569, 3
73163, 3
542468, 3
521964, 3
216085, 1
454886, 3
454632, 3
104097, 3
350454, 3
257794, 3
661725, 3
642730, 3
318030, 3
581748, 3
85935, 3
292310, 3
170422, 3
145882, 3
436638, 3
176200, 3
438030, 3
491772, 3
384713, 3
620010, 3
430584, 3
111442, 3
305896, 3
343436, 3
446560, 3
439811, 3
630624, 3
596908, 3
358500, 3
472264, 3
29732, 3
161822, 3
37774, 3
443891, 3
368337, 3
362494, 3
342988, 3
627065, 3
655160, 3
443454, 3
201685, 3
349494, 3
400721, 3
6497, 3
399461, 3
602019, 3
214584, 2
86721, 3
553804, 3
501796, 3
298099, 3
7685, 3
275993, 3
117761, 3
37878, 3
461124, 3
570698, 3
108082, 3
448395, 3
583241, 3
409074, 3
417851, 3
237539, 3
427133, 3
620779, 3
287846, 3
425784, 3
95130, 3
79668, 3
27152, 3
597814, 3
98725, 3
203147, 3
411084, 3
346597, 3
598518, 3
412825, 3
47491, 3
242733, 3
52902, 3
134461, 3
525491, 3
131584, 3
556206, 3
241177, 3
86650, 3
37471, 3
203427, 3
36085, 2
430363, 3
34277, 3
65541, 3
392461, 3
572680, 3
472688, 3
552820, 3
379131, 3
239859, 3
498666, 3
197209, 3
526582, 3
398347, 3
173112, 3
537164, 3
479292, 3
110060, 3
522274, 3
152106, 1
610133, 3
450477, 3
101829, 3
499617, 3
28971, 3
301906, 2
113167, 3
70028, 3
597105, 3
658089, 3
221720, 3
331423, 2
263269, 3
527677, 3
492599, 3
381224, 3
610802, 3
71063, 3
181937, 3
280382, 3
345893, 3
501769, 3
92440, 3
502897, 3
471255, 3
578246, 3
231801, 3
255715, 3
300077, 3
483167, 3
353793, 3
622270, 3
555539, 3
443830, 3
83257, 3
79511, 3
147199, 3
442777, 2
105995, 3
23828, 3
650444, 3
318833, 3
22790, 3
274658, 3
65825, 3
514995, 3
550467, 3
343014, 3
423463, 3
181558, 3
652733, 3
486661, 3
139907, 3
281281, 3
32807, 2
469012, 3
69735, 3
282209, 3
320550, 3
255343, 3
34548, 3
297902, 2
13436, 3
555177, 2
479174, 3
52852, 3
40275, 3
433692, 3
417215, 3
361231, 3
51962, 3
274534, 3
166477, 3
514449, 3
482980, 3
340328, 3
545428, 3
431354, 2
6118, 3
221845, 3
291151, 3
618639, 3
621465, 2
622643, 3
540476, 3
202394, 3
596985, 3
174505, 3
71935, 3
479355, 3
21364, 3
380799, 3
1192, 3
433937, 3
623888, 3
587173, 3
325663, 3
74154, 3
210349, 3
9965, 3
644634, 3
316512, 3
133729, 3
455626, 3
182351, 2
112453, 3
564144, 3
84323, 3
163932, 3
261136, 3
333200, 3
562016, 3
622704, 3
595961, 3
36769, 3
282456, 3
290578, 3
517736, 3
264175, 3
161800, 3
406584, 3
44692, 3
12660, 3
191178, 3
352281, 3
558658, 3
207462, 3
242055, 3
234839, 3
490338, 3
565796, 3
173337, 3
487083, 3
439002, 3
374173, 3
65070, 3
591193, 3
360382, 3
570914, 3
598018, 3
399875, 3
162426, 3
593105, 3
455307, 3
107934, 3
111291, 3
386652, 3
476294, 3
444651, 3
543673, 3
510804, 3
582945, 3
342352, 3
604495, 3
288370, 3
282118, 3
195709, 3
527913, 3
138515, 3
527997, 3
661920, 3
461163, 3
359444, 3
467710, 3
366359, 3
302222, 3
537371, 3
608595, 3
200970, 3
661098, 2
190520, 3
78860, 3
599932, 3
178862, 3
553625, 3
541679, 3
513250, 3
269943, 3
394747, 3
653774, 3
90320, 3
134155, 3
473252, 3
420826, 3
156725, 3
463663, 3
487146, 3
535348, 3
105626, 3
175850, 3
374660, 3
532541, 3
627043, 3
255595, 3
72665, 3
604292, 3
401494, 2
53796, 3
538325, 3
659048, 3
558914, 3
543917, 3
70889, 3
506069, 3
339452, 3
639815, 3
289883, 3
492377, 3
451962, 3
47957, 3
616147, 3
340257, 3
641771, 3
416299, 3
165229, 3
341740, 3
362372, 3
199569, 3
547221, 3
412370, 3
187621, 3
380793, 3
286707, 3
237929, 3
120991, 3
503236, 3
200107, 2
410640, 3
591394, 3
305302, 3
234681, 3
113441, 3
406627, 3
507458, 3
538936, 3
392916, 3
592906, 3
301116, 3
209432, 3
313151, 3
320194, 2
573492, 3
130840, 3
661076, 3
138761, 3
607945, 3
351366, 3
90508, 3
556658, 3
643225, 3
636149, 3
39370, 3
661396, 3
185729, 3
448637, 3
429624, 3
505647, 3
284800, 3
458106, 3
362655, 3
316351, 3
516631, 3
499509, 3
547659, 3
236345, 3
171956, 3
230616, 3
111386, 3
474858, 3
241323, 3
404256, 3
86798, 3
512276, 3
458936, 3
154786, 3
572776, 3
429219, 3
256598, 3
613896, 3
276649, 3
366821, 3
388155, 3
254411, 3
614375, 3
184850, 3
569721, 2
291417, 3
49844, 3
111526, 3
249167, 2
471747, 3
20660, 3
296060, 3
196968, 3
136710, 3
367492, 3
296744, 3
435912, 3
91950, 3
362630, 3
136525, 3
73114, 3
288282, 3
321583, 3
149713, 1
255584, 3
441153, 3
459497, 3
568403, 3
106576, 3
87608, 3
260666, 3
191731, 3
465135, 3
620130, 3
198200, 3
41601, 3
296207, 3
230931, 3
213521, 3
194250, 3
629695, 3
575684, 1
495471, 3
21907, 3
245454, 3
37484, 3
31354, 3
565396, 3
198660, 3
454348, 3
166752, 3
82500, 1
349199, 3
558430, 3
228587, 3
513997, 3
406044, 3
3814, 3
490967, 3
620997, 3
608778, 3
494732, 3
662920, 2
458490, 3
176679, 3
154574, 3
658937, 3
185347, 3
508800, 3
133902, 3
426779, 3
206412, 3
359560, 3
134157, 3
239732, 3
647926, 3
15462, 3
13913, 3
591252, 3
250567, 3
58510, 3
192004, 3
167483, 3
471856, 3
309165, 3
287905, 3
213993, 3
476945, 3
181338, 3
11384, 3
503691, 3
125679, 3
600277, 3
37337, 3
51581, 3
561185, 3
241957, 3
639462, 3
589084, 3
39046, 3
255324, 3
439907, 3
298444, 3
515808, 3
508883, 3
610577, 3
107225, 3
208051, 3
315726, 3
593179, 3
455232, 3
550637, 3
174028, 3
596361, 1
643295, 3
235845, 3
515735, 3
11592, 3
599292, 3
10892, 3
67521, 3
197297, 3
655943, 3
78473, 3
536608, 3
32333, 3
556270, 3
258055, 3
559476, 3
462472, 3
125249, 2
397586, 3
225044, 3
67383, 3
40777, 3
275702, 3
95570, 3
637721, 3
382744, 3
186908, 3
548898, 3
333582, 1
664887, 3
576406, 3
588243, 3
280059, 3
431177, 2
337228, 3
527106, 3
376421, 3
8167, 2
611539, 3
104014, 3
86562, 3
311089, 3
348947, 3
513169, 3
236770, 3
270610, 3
227070, 3
94541, 3
541838, 3
418867, 3
181797, 3
396597, 2
573347, 3
600958, 2
189047, 3
51637, 3
583352, 3
346333, 3
212900, 3
103510, 3
278875, 3
67048, 3
200553, 3
182283, 3
187115, 3
102646, 3
161560, 3
464546, 3
11119, 2
166124, 3
170849, 3
284483, 3
600269, 3
111579, 3
629022, 3
305272, 3
592212, 3
261558, 3
610459, 3
510436, 3
510172, 3
63055, 3
611653, 3
586774, 3
236092, 3
370733, 3
38758, 3
524717, 3
151357, 3
242370, 3
498425, 3
241579, 3
30910, 3
376649, 3
81134, 3
21953, 3
42041, 3
323601, 3
159263, 3
524701, 3
413667, 3
214969, 3
303849, 3
401614, 3
266604, 3
613010, 3
403863, 3
36474, 3
378757, 3
480658, 3
42102, 3
56099, 3
216781, 3
17583, 3
462150, 3
473, 3
307215, 3
443214, 3
489622, 3
423947, 3
324842, 3
360850, 3
230106, 3
340642, 3
221156, 3
406166, 3
544438, 3
411283, 3
307673, 3
480416, 3
199175, 2
274747, 3
150974, 3
161771, 3
588155, 3
163056, 3
353237, 3
314661, 3
637849, 3
62572, 3
402152, 3
551111, 3
581859, 3
82484, 3
537082, 3
386388, 3
562413, 3
58590, 3
58387, 3
452304, 3
249023, 3
464127, 2
660727, 3
572986, 3
299022, 3
547171, 3
417228, 3
92610, 3
598022, 3
537956, 3
6172, 3
269136, 3
161055, 3
364409, 3
541074, 3
482157, 3
147540, 3
447616, 3
508472, 3
563134, 3
626850, 3
430441, 3
445392, 3
480235, 3
147065, 2
341350, 3
569216, 3
552838, 3
290372, 3
207171, 3
284264, 3
307636, 3
647630, 3
321999, 3
120006, 3
559951, 3
114241, 3
149632, 3
294282, 3
331408, 3
48986, 1
224755, 3
612020, 2
235474, 3
466526, 3
435082, 3
408025, 3
349506, 3
391707, 3
438699, 3
243221, 3
391736, 3
15185, 3
356414, 3
444675, 3
437246, 3
140249, 3
150699, 2
585018, 2
300356, 3
592114, 3
537191, 3
270981, 3
460412, 3
642429, 3
126207, 3
112951, 3
274702, 3
328539, 1
323744, 3
561489, 3
101886, 3
110797, 3
585253, 3
357090, 3
507011, 3
20772, 3
647640, 3
365377, 3
502227, 3
413690, 3
270235, 3
400993, 3
202379, 3
84736, 3
416419, 3
395764, 3
255939, 3
306986, 3
50061, 1
204323, 3
290075, 3
220228, 3
140762, 3
595366, 3
350554, 3
359924, 3
567749, 3
474048, 3
89160, 2
506606, 2
242825, 3
423653, 3
463839, 3
156010, 3
540419, 3
314597, 3
584699, 3
537820, 3
4500, 3
125992, 3
194974, 3
512176, 3
246234, 3
362870, 3
394346, 3
91565, 3
245411, 3
517203, 3
264666, 3
572660, 3
645547, 3
584441, 3
379162, 3
181233, 3
409477, 3
119739, 3
461031, 1
460023, 3
145198, 3
345054, 3
58315, 3
375327, 3
644079, 3
267836, 3
550623, 3
274080, 3
258303, 3
616512, 3
283572, 3
363427, 3
95738, 3
13214, 3
392444, 2
537865, 3
599372, 3
468007, 3
9026, 3
90758, 3
269720, 3
382091, 3
10508, 3
192328, 3
581615, 3
505929, 3
154602, 3
162382, 3
618478, 3
605542, 3
328491, 3
385297, 3
25334, 3
347251, 3
400874, 3
560319, 3
49785, 3
4627, 3
423375, 3
97672, 3
316940, 3
67715, 3
443819, 3
363575, 3
643869, 3
198950, 3
29978, 3
267028, 3
509626, 3
100977, 3
32576, 3
183672, 1
42280, 3
178040, 1
452165, 3
277899, 3
410356, 3
537735, 3
331704, 3
287798, 3
396005, 3
560008, 3
616310, 3
474973, 3
561941, 3
138674, 3
195125, 3
572180, 3
44046, 3
149318, 3
90878, 1
141265, 3
403343, 3
177442, 3
17807, 3
280899, 3
561523, 3
317273, 3
114222, 3
219163, 3
120339, 3
577617, 3
605798, 3
207522, 3
588641, 3
410681, 3
358902, 2
348273, 3
497538, 2
292393, 3
447750, 3
336841, 3
619049, 3
55390, 3
452550, 3
76107, 3
233999, 3
413915, 3
201460, 3
662201, 3
262879, 3
551775, 3
587210, 3
448831, 3
651669, 3
487775, 3
463794, 3
313028, 3
286001, 3
559675, 3
421065, 3
465018, 3
460144, 3
559987, 3
409648, 3
168946, 3
259707, 2
279010, 3
468293, 3
535446, 3
465235, 3
614145, 3
450352, 2
26641, 3
502156, 3
612339, 3
399867, 3
407861, 3
4242, 3
57275, 3
215389, 3
550181, 3
460015, 3
450484, 3
414950, 3
286886, 3
172731, 3
22552, 3
474222, 3
333962, 3
112378, 3
509534, 3
61383, 1
645912, 3
241948, 3
191461, 3
430871, 3
550216, 3
361410, 3
68939, 3
180332, 2
405121, 3
135144, 3
120028, 3
108792, 3
94531, 3
159685, 3
275805, 3
408006, 3
26847, 3
296201, 3
233645, 3
416183, 3
190655, 3
658251, 3
278050, 3
165444, 3
172514, 3
512010, 3
573588, 3
261523, 3
519469, 3
243810, 3
7083, 3
399756, 3
80523, 3
168633, 3
426892, 3
454073, 2
180938, 3
607948, 2
510383, 3
175221, 3
304050, 3
353326, 3
622954, 3
18206, 3
565288, 3
234709, 3
612103, 3
265637, 3
170972, 3
643720, 3
74893, 3
414996, 3
443404, 3
141895, 3
405981, 3
547893, 3
157025, 3
649690, 3
191189, 3
1681, 3
62482, 3
478901, 3
517956, 3
141146, 2
390799, 3
633885, 3
61764, 3
282231, 3
77762, 2
634701, 3
507579, 3
376724, 3
255340, 3
477002, 3
57152, 3
118660, 3
80295, 3
629260, 3
171885, 3
631419, 2
104762, 3
514571, 3
202184, 2
572575, 3
495295, 3
18059, 3
274127, 3
341811, 3
370774, 3
577360, 3
35689, 3
161745, 3
134538, 3
463090, 3
524602, 3
541275, 3
609512, 3
530060, 3
484087, 3
288335, 3
109642, 3
115650, 2
61648, 3
190100, 3
363743, 3
206793, 3
168465, 3
105015, 3
578452, 3
23270, 3
534567, 3
551150, 3
391924, 3
442419, 3
334301, 3
179573, 3
475686, 3
315398, 3
475299, 3
46661, 3
383649, 3
332472, 3
574909, 3
578793, 3
616971, 3
521877, 3
509461, 3
413659, 3
162466, 3
517516, 3
573499, 3
654564, 3
227634, 3
458565, 3
50199, 3
265786, 3
84219, 3
99566, 3
267611, 3
11273, 3
118411, 3
195298, 3
481716, 3
4128, 3
422154, 3
154380, 3
448450, 3
25798, 3
112793, 3
513037, 3
358930, 3
546321, 3
175349, 3
107463, 3
315496, 3
151270, 3
209086, 3
302336, 3
569186, 3
113177, 3
23357, 3
120558, 3
182775, 3
224945, 3
109846, 3
159102, 3
382005, 3
274373, 3
342747, 3
573046, 3
260334, 3
626253, 3
133269, 3
654092, 3
226341, 3
504353, 3
597142, 3
113516, 3
579155, 3
80319, 3
450008, 3
275880, 3
542187, 3
392793, 2
58540, 3
559824, 3
622477, 3
49048, 3
260566, 2
543568, 3
657612, 3
601027, 2
410007, 3
331773, 3
145850, 3
636483, 3
288079, 3
630499, 3
338020, 3
154379, 3
226183, 3
369990, 3
635622, 3
54256, 3
377839, 2
470733, 3
534978, 3
532725, 3
494439, 3
169770, 3
555958, 3
212621, 3
116879, 3
369699, 3
622295, 3
114217, 3
493975, 3
118593, 3
411606, 3
207293, 3
97594, 3
649878, 3
92954, 3
48319, 3
210211, 3
337756, 2
290007, 3
581333, 3
16193, 3
371358, 3
504264, 3
639699, 3
571698, 3
13066, 3
166102, 3
191266, 3
202183, 3
622975, 3
400539, 3
81091, 3
390947, 3
190994, 3
309867, 3
586475, 3
439232, 3
358148, 3
583752, 3
299142, 3
272736, 3
585205, 3
357066, 3
174873, 3
326996, 3
440580, 3
119675, 3
151590, 3
193483, 3
652622, 3
642145, 3
485422, 3
587687, 3
320598, 3
443977, 3
634252, 3
259580, 3
41071, 3
185677, 3
410335, 3
252500, 3
139851, 3
350229, 3
520178, 3
80238, 3
498062, 3
122453, 3
336505, 3
594784, 3
106656, 3
323799, 3
633705, 3
560334, 3
221971, 3
98902, 3
175724, 3
403901, 3
193058, 3
433410, 3
23757, 3
353656, 3
143149, 3
505122, 1
264709, 3
609843, 3
536418, 3
278190, 3
423520, 3
133035, 2
83737, 3
88129, 3
16428, 3
661949, 1
120764, 3
19898, 3
608640, 3
197864, 3
378395, 3
580358, 3
621242, 3
603950, 2
212895, 3
78673, 3
49940, 3
50569, 3
510706, 3
164614, 3
526904, 3
406522, 3
341132, 3
500975, 3
102039, 3
513354, 3
191904, 3
72357, 1
606929, 3
453659, 3
176647, 3
39764, 3
595024, 3
7204, 3
633223, 3
157844, 3
463599, 3
37233, 3
231189, 3
191575, 2
226410, 3
74844, 3
364200, 3
606959, 3
83082, 3
568150, 3
130006, 3
611938, 3
456703, 3
78586, 3
163415, 3
117779, 3
580523, 3
542645, 3
553377, 3
251316, 3
101877, 3
486247, 3
206798, 3
13572, 3
251755, 3
529000, 3
354310, 3
543201, 3
275997, 3
346578, 3
30929, 3
25705, 3
315280, 3
115875, 3
144142, 3
491116, 3
592262, 3
349466, 3
217198, 3
432302, 3
268029, 3
643863, 3
436284, 3
21406, 3
566013, 3
275617, 3
152337, 3
83622, 3
178811, 3
179325, 3
408326, 3
441269, 2
395719, 3
38519, 3
14304, 3
386654, 3
103411, 3
380450, 3
307469, 3
307069, 3
581436, 3
485670, 3
496502, 3
122666, 3
53738, 3
89280, 3
487701, 3
359976, 3
601317, 3
57163, 3
618859, 3
246441, 3
17096, 3
652029, 3
464486, 3
450256, 3
547148, 3
34669, 3
573568, 3
610871, 3
302273, 3
470712, 3
471599, 3
407752, 3
347662, 2
21793, 3
338437, 3
154789, 3
135439, 3
216211, 3
498396, 3
80605, 3
409603, 3
501230, 3
141672, 3
573369, 3
336661, 3
475539, 3
443559, 3
285925, 3
593302, 3
68663, 3
515036, 3
647383, 3
637921, 3
252589, 3
168682, 3
407158, 3
309306, 3
181208, 3
105051, 3
83819, 3
526478, 3
506864, 3
417224, 3
378124, 3
640915, 3
32310, 3
634865, 3
265903, 3
573533, 3
179742, 3
576848, 3
251467, 3
202774, 3
494259, 3
546851, 3
358020, 3
227241, 3
96398, 3
67728, 3
360247, 3
254165, 3
608653, 3
630325, 3
549948, 3
525377, 3
422367, 3
570226, 3
13534, 3
96619, 3
517150, 3
659009, 3
470147, 3
34368, 3
27038, 3
309561, 3
454705, 3
487565, 3
299411, 3
307821, 1
76635, 3
2363, 3
514371, 3
133037, 3
635532, 3
121487, 3
82031, 1
87382, 3
350919, 3
457663, 3
162342, 3
392915, 3
170465, 3
195948, 3
517598, 3
54358, 3
292134, 3
529466, 3
498265, 3
194119, 3
274078, 3
261261, 3
102978, 3
505757, 3
503885, 3
146655, 3
268523, 3
406652, 1
228406, 3
214419, 2
322118, 3
353995, 3
586234, 3
432110, 3
85964, 3
125960, 3
663750, 3
316469, 3
441447, 3
573755, 3
480035, 3
572878, 3
568545, 3
212971, 3
46376, 3
197400, 3
421681, 3
153883, 3
266140, 3
307321, 3
434178, 3
311696, 2
266582, 3
338547, 3
412704, 3
647936, 3
35025, 3
272600, 3
516842, 3
602351, 3
486386, 3
281798, 3
450385, 3
8555, 3
368139, 3
224117, 3
78338, 2
221279, 3
449305, 3
461801, 3
454651, 3
354843, 3
243553, 3
50369, 3
639785, 3
424564, 3
144992, 3
560096, 3
272867, 3
424860, 3
491335, 3
513683, 3
546391, 3
420365, 3
554438, 3
167760, 3
394686, 1
353087, 3
326206, 3
203638, 3
576354, 3
246486, 3
145227, 3
208856, 3
310454, 3
140041, 3
109803, 3
203796, 3
159142, 3
524141, 1
270381, 3
366294, 2
222837, 3
567853, 3
431280, 3
18768, 3
121711, 3
123908, 3
553647, 3
54421, 3
283668, 3
602282, 3
56366, 3
120268, 3
566733, 3
218536, 3
446061, 3
121993, 3
568602, 3
284740, 3
296572, 3
181431, 3
51285, 3
104972, 3
36910, 3
426407, 3
460996, 3
473794, 3
313264, 3
627253, 3
224364, 3
197273, 3
240670, 3
137685, 3
70910, 3
507126, 3
173635, 3
93657, 3
259424, 3
643491, 3
95580, 3
547301, 3
267674, 3
399156, 3
297096, 3
262110, 3
276297, 3
558588, 3
574778, 2
537599, 3
508198, 3
377830, 3
367930, 3
542080, 3
530683, 3
18270, 3
91672, 3
639938, 3
470174, 3
621151, 3
180155, 3
271179, 3
50336, 3
483935, 3
320126, 3
602475, 3
136810, 3
598977, 3
577004, 3
22786, 3
211295, 3
18512, 3
264044, 3
17596, 3
20160, 3
577333, 3
234260, 3
379171, 2
186557, 3
638871, 3
569476, 3
26530, 3
9283, 2
598300, 3
633221, 3
12072, 3
127494, 3
464104, 3
476139, 3
113415, 3
41016, 3
391745, 3
193350, 3
354314, 3
257101, 3
641246, 3
363394, 3
199528, 3
659631, 3
142021, 3
608028, 3
540442, 3
345225, 3
338316, 3
322265, 3
169306, 3
388753, 3
43597, 3
32998, 2
490253, 3
446775, 3
206375, 3
588802, 3
664780, 3
232938, 3
534286, 3
519926, 3
505695, 3
471395, 3
430456, 3
218813, 3
9619, 3
286115, 3
528506, 3
238327, 3
533912, 3
43393, 3
187696, 3
418918, 2
651777, 3
571689, 3
528804, 3
300084, 3
106064, 3
579270, 3
249208, 3
529877, 3
637405, 3
600623, 3
466894, 3
44855, 2
88762, 3
652768, 1
647170, 3
319546, 3
241669, 3
430482, 3
655412, 3
304059, 3
597859, 3
153386, 3
361848, 3
140516, 3
649437, 3
97640, 3
459154, 3
436657, 3
142703, 2
425269, 3
270732, 3
351106, 3
442267, 3
342232, 1
202671, 3
413956, 3
559248, 3
308672, 3
605055, 3
506021, 3
622628, 3
279223, 3
616033, 3
57220, 3
302596, 3
419081, 3
264624, 3
22813, 3
296647, 3
357186, 3
354493, 3
368169, 3
462787, 3
76875, 3
154759, 3
286583, 3
471532, 3
216881, 3
25624, 3
62143, 3
50506, 3
626795, 3
609322, 3
452801, 3
84147, 3
165671, 3
228589, 3
490311, 3
543191, 3
360024, 3
49336, 3
35251, 3
424936, 3
470250, 3
188026, 3
597245, 3
171092, 3
277092, 3
461902, 3
382229, 3
652886, 3
265609, 3
99098, 3
429146, 2
254039, 3
248712, 3
215786, 3
74133, 3
247365, 3
80898, 3
457117, 3
55441, 3
387673, 3
644500, 3
397709, 3
65855, 3
182792, 3
2214, 3
356842, 3
197889, 3
272839, 3
613735, 3
193029, 3
389778, 3
64350, 3
122686, 3
184608, 3
78507, 3
73225, 3
282778, 3
89690, 3
103614, 3
234742, 3
214767, 3
615641, 3
402140, 3
53518, 3
16236, 3
62867, 3
508933, 3
65866, 3
581244, 3
431339, 2
581381, 3
190519, 3
584670, 3
359132, 3
440748, 3
413294, 3
299573, 3
449651, 3
525118, 2
210880, 3
559984, 2
159124, 3
120651, 3
511990, 3
513300, 3
41052, 3
408784, 3
96134, 3
567626, 3
207040, 3
301000, 3
446943, 3
651870, 3
74069, 3
308198, 3
25072, 3
253032, 2
524475, 3
455559, 3
188110, 3
192577, 2
152442, 3
580257, 3
508619, 3
575655, 3
98461, 3
109341, 3
63278, 3
496144, 1
360322, 3
304767, 3
29999, 3
66885, 3
251406, 3
253749, 2
197335, 3
545928, 3
444280, 3
6538, 3
505250, 3
243771, 3
576539, 3
83032, 3
271185, 3
627191, 1
36402, 3
29136, 3
119400, 3
262454, 3
240476, 3
169473, 3
279216, 3
590157, 3
492951, 3
503731, 3
109987, 3
351363, 3
134038, 3
14307, 3
570050, 2
161874, 3
169604, 2
548458, 3
564812, 3
285396, 3
250830, 3
608942, 3
295345, 3
322730, 3
29743, 3
462712, 3
553096, 3
507044, 3
281399, 3
29219, 3
265248, 3
563686, 3
41701, 3
131203, 3
245622, 3
278136, 2
515688, 3
471231, 3
124122, 3
212226, 3
131751, 3
486360, 3
295195, 3
493501, 3
181570, 3
182641, 3
174640, 3
14103, 3
650487, 3
86685, 3
78316, 3
88978, 3
417478, 3
332381, 3
58130, 3
581087, 3
507577, 3
105938, 3
603274, 3
178834, 3
247245, 3
447103, 3
165109, 3
530956, 3
630557, 3
145411, 3
251259, 3
101774, 3
107773, 3
553279, 3
614271, 3
378748, 3
332902, 3
231262, 2
624709, 2
235011, 3
544827, 3
232181, 3
432626, 3
75040, 3
182671, 3
444004, 3
650340, 3
271605, 3
35951, 3
276237, 3
98161, 3
444412, 3
97038, 3
549021, 3
127739, 3
380092, 3
153198, 3
374878, 3
600480, 3
522224, 3
385396, 3
96316, 3
618458, 3
111211, 3
404428, 3
161968, 3
396874, 3
497938, 3
466799, 3
30683, 3
640735, 3
421490, 3
199798, 3
455944, 3
640594, 3
299162, 3
617268, 3
273486, 3
173848, 3
444697, 3
502176, 3
36643, 3
456266, 3
91962, 3
357021, 3
425737, 3
375175, 3
596793, 1
430394, 3
575621, 3
193852, 3
662290, 1
661636, 3
229211, 3
592790, 3
350590, 3
174567, 3
115759, 3
28136, 3
521940, 3
27783, 3
363129, 3
88985, 3
464719, 1
359587, 3
429218, 3
221036, 3
172282, 3
464868, 3
633174, 3
29477, 3
20125, 3
82924, 3
179855, 3
411655, 3
656401, 1
526446, 3
395837, 3
540249, 3
653776, 3
354065, 3
436183, 3
591318, 3
447356, 3
467286, 3
412757, 3
135093, 3
415289, 3
365804, 3
443626, 3
299325, 3
161400, 3
327479, 3
530170, 3
224386, 3
481667, 3
548962, 3
136838, 3
465145, 3
586299, 3
82669, 3
243142, 3
331901, 3
364864, 3
123462, 3
122723, 3
573422, 3
430644, 3
210498, 3
599604, 3
586535, 3
314351, 3
248230, 3
232621, 3
520860, 3
485563, 3
248276, 3
236899, 3
321208, 3
230695, 3
373274, 3
582395, 3
290095, 3
379902, 3
568997, 3
492852, 3
608308, 3
347154, 3
487530, 3
232316, 3
611388, 3
81477, 3
326587, 3
417444, 3
342666, 3
648866, 3
647692, 2
336161, 3
149778, 3
299647, 3
120054, 3
109773, 3
359010, 3
476597, 3
453379, 3
570587, 3
1307, 3
303953, 3
106907, 3
219829, 3
622018, 3
78226, 3
551884, 3
431536, 3
302582, 3
665146, 3
431614, 3
591178, 3
72636, 3
233096, 3
293335, 3
287388, 3
588209, 3
602002, 3
238560, 3
651874, 3
165459, 3
381298, 2
374521, 3
5447, 3
570672, 3
25067, 2
10800, 3
183113, 3
263725, 3
3234, 3
297512, 3
158462, 3
272663, 3
445148, 3
158012, 3
453270, 3
434268, 3
13511, 3
617807, 3
109535, 3
329851, 3
168712, 3
421500, 3
235353, 3
509625, 3
465010, 3
242569, 3
586429, 1
150465, 3
199021, 3
41218, 3
319673, 3
573054, 2
347577, 3
405433, 3
468817, 3
204799, 3
98008, 3
306238, 3
147212, 3
421747, 3
233657, 3
392577, 3
224314, 3
331047, 3
230855, 3
86090, 3
461125, 3
219399, 3
510502, 3
298006, 2
598028, 3
106975, 3
617908, 3
402186, 3
138415, 3
46323, 3
517678, 3
178648, 3
68392, 3
229998, 3
402971, 3
100129, 3
344698, 3
184388, 3
398516, 3
607829, 3
12315, 3
152758, 3
331193, 3
26951, 3
188922, 1
241493, 3
229653, 3
371406, 3
330839, 3
432320, 3
160154, 3
258059, 3
371980, 3
395790, 2
85408, 3
349784, 3
542464, 3
20080, 3
595415, 3
182205, 3
22395, 3
86855, 3
27034, 3
42419, 3
628198, 3
267250, 3
665006, 3
484322, 3
210181, 3
413792, 3
294648, 3
161008, 3
543567, 3
10723, 3
209442, 3
314116, 3
517233, 3
579258, 3
582817, 3
494026, 3
224598, 3
455536, 3
200732, 1
100099, 3
625624, 3
411841, 3
195853, 3
214451, 3
19609, 3
596460, 3
631292, 3
555529, 3
562752, 3
242138, 3
444180, 3
280269, 3
655286, 3
433180, 3
611519, 3
37781, 3
117806, 3
46867, 3
70699, 3
121527, 3
157200, 3
278251, 3
315059, 3
369116, 3
645487, 3
471844, 3
150470, 3
144581, 3
233150, 3
612568, 3
216947, 3
274176, 3
142002, 3
272336, 3
560628, 3
47915, 3
310640, 3
33716, 3
622105, 3
639290, 3
111220, 3
221664, 3
230714, 3
157356, 3
165642, 3
66649, 3
304668, 2
418674, 3
192749, 2
114047, 3
166976, 3
639510, 3
541471, 3
295147, 3
95599, 3
648945, 3
275032, 3
156129, 3
67794, 3
229430, 3
5101, 3
503688, 3
610148, 3
433858, 3
123902, 3
501557, 3
361819, 3
553538, 3
296569, 3
435247, 3
338199, 3
476442, 3
55397, 3
41367, 2
13385, 3
56332, 3
369720, 3
275466, 3
464152, 3
537268, 3
492455, 3
345284, 3
180596, 3
94254, 3
507347, 3
636500, 3
660991, 3
140816, 3
34210, 3
227742, 3
111928, 3
77663, 3
559504, 3
658545, 3
313562, 3
67783, 3
225617, 3
438199, 3
110251, 3
506011, 3
534907, 3
610442, 3
661733, 3
636903, 3
427907, 3
54714, 3
317148, 3
272989, 3
302538, 3
607876, 3
427664, 3
500324, 3
165012, 3
431357, 3
66590, 3
189754, 3
142977, 3
192965, 3
132268, 3
611862, 3
301911, 3
481732, 3
396610, 3
405465, 3
369639, 3
304081, 3
242266, 2
455197, 3
593499, 3
512102, 3
493082, 3
19774, 3
663964, 3
118436, 3
171354, 3
232364, 3
364680, 3
197081, 3
297483, 3
605756, 3
209607, 3
47603, 3
405553, 3
80108, 3
619002, 3
86004, 3
550742, 3
188553, 3
262479, 3
638908, 3
555887, 3
570507, 3
280115, 3
232398, 3
496557, 3
93675, 3
477775, 3
92687, 3
248251, 3
108678, 3
588695, 3
545688, 3
259529, 3
629614, 3
111565, 3
390165, 2
260173, 3
51484, 3
475129, 3
194759, 3
107820, 3
344640, 3
636305, 3
137907, 3
332, 3
305327, 3
603175, 3
480846, 3
9138, 3
569900, 3
117319, 3
278363, 3
566765, 3
217640, 3
652848, 3
637362, 3
138981, 3
72849, 3
624261, 3
319153, 3
83619, 3
604088, 3
355526, 3
577181, 3
547523, 3
318696, 3
183109, 3
524107, 2
561565, 3
110691, 2
355590, 3
462503, 3
47291, 3
93959, 3
409656, 3
426829, 3
26778, 3
30513, 3
237127, 3
319535, 3
262430, 3
322933, 3
323544, 3
397325, 3
575296, 3
295237, 3
285966, 3
276878, 3
642694, 3
369100, 3
179288, 3
159829, 3
559688, 3
188616, 3
622547, 3
445396, 3
34708, 3
99863, 3
395819, 3
20136, 3
517819, 3
152425, 3
225844, 3
288594, 3
313909, 3
531698, 3
59620, 3
52647, 3
437541, 3
453217, 3
425416, 3
134809, 3
88561, 3
58517, 3
542122, 3
446507, 1
208912, 3
529027, 2
364684, 3
549920, 3
184274, 3
346365, 3
502839, 1
101940, 3
421608, 3
119982, 3
414190, 3
466057, 3
228789, 3
418899, 3
587186, 3
482696, 3
45901, 3
90156, 3
137364, 3
449526, 3
75230, 3
226315, 3
90725, 3
619412, 3
102839, 3
98435, 3
104732, 3
592333, 2
247816, 3
28774, 3
370260, 3
314362, 3
331561, 3
405834, 3
195444, 3
509456, 3
264646, 3
452380, 2
229601, 3
5935, 3
422119, 3
100320, 3
291959, 3
266319, 3
437500, 3
37689, 3
542595, 3
574038, 3
621928, 3
589281, 3
27625, 3
395196, 3
590939, 3
347840, 3
444632, 3
362226, 3
361304, 3
5691, 3
7689, 3
51094, 3
409647, 3
608710, 3
206184, 2
74297, 3
391855, 1
160487, 3
410725, 3
376112, 3
237724, 3
291180, 3
433204, 3
403061, 3
94057, 3
313519, 3
448312, 3
155555, 3
157491, 3
205449, 3
245806, 3
233207, 3
14446, 3
521104, 3
524581, 3
438601, 3
132873, 3
3157, 3
594881, 3
607991, 3
660577, 3
178303, 1
301660, 3
609171, 2
134941, 3
227171, 3
224305, 3
172140, 3
484101, 3
6705, 3
460401, 3
378990, 3
125810, 3
357450, 3
495682, 3
279681, 3
200276, 3
306434, 3
96934, 3
565394, 3
486348, 3
475395, 3
216618, 3
636206, 3
582563, 3
488614, 3
540272, 3
661609, 3
493148, 3
373637, 3
431397, 3
324236, 2
459614, 3
164941, 3
509244, 3
298567, 3
78440, 3
579852, 3
91777, 3
72701, 3
231557, 3
145545, 1
259903, 3
4001, 3
217130, 3
454550, 3
293421, 3
120438, 3
195839, 3
580521, 3
278570, 3
38291, 3
540683, 3
583691, 3
406394, 3
511216, 3
317290, 3
405376, 3
228913, 3
491469, 2
215914, 3
253776, 3
260019, 3
447014, 3
122436, 3
47021, 3
516548, 3
210377, 3
374126, 3
199580, 3
593829, 3
191438, 3
390236, 3
413783, 3
593488, 3
267339, 3
41521, 3
622964, 3
235924, 3
507692, 3
611099, 3
240694, 3
94627, 3
361796, 3
288428, 3
455476, 3
229644, 1
25554, 3
368440, 3
261239, 3
176705, 3
504927, 3
508712, 3
437324, 3
319463, 3
166473, 3
29849, 3
563051, 3
9659, 3
568434, 3
477808, 3
458567, 3
317601, 3
617479, 3
152843, 3
456347, 3
255272, 3
395577, 3
4632, 3
136621, 3
385890, 2
608808, 3
309743, 3
511220, 2
307789, 3
309090, 3
485496, 3
275694, 3
444582, 3
568166, 3
470628, 3
38988, 3
538895, 3
602065, 3
653928, 3
635343, 3
484903, 3
546968, 3
236299, 3
586760, 3
438365, 3
572613, 3
459138, 3
120413, 3
401993, 3
550231, 3
960, 3
644747, 3
262520, 3
525976, 3
213676, 3
344050, 3
573482, 3
44497, 3
539256, 3
163940, 3
300185, 3
273505, 3
286787, 3
318206, 3
627922, 3
25501, 3
122662, 3
465503, 3
183365, 3
511448, 3
333066, 3
330236, 3
82126, 3
484287, 3
447119, 3
646554, 3
610136, 3
510350, 3
97663, 3
156835, 3
572997, 3
590321, 3
314825, 3
396598, 3
46605, 3
32425, 3
470658, 3
441661, 3
41260, 3
561521, 3
597724, 3
215924, 3
470890, 3
232295, 3
658789, 3
531734, 3
557559, 3
36352, 2
152229, 3
322242, 2
302096, 3
68141, 3
558415, 3
148484, 3
186117, 3
634597, 3
62963, 2
94220, 3
497068, 3
634341, 3
260682, 3
94944, 3
448104, 3
648506, 3
607550, 3
638553, 3
511198, 2
399146, 3
368151, 3
592263, 3
347793, 3
603216, 3
486025, 3
480066, 3
660557, 2
16591, 3
478301, 3
535785, 3
50205, 3
53949, 3
570493, 3
204953, 3
457994, 3
487006, 3
406876, 3
184897, 3
113710, 3
58197, 3
1572, 3
160151, 3
142818, 3
172669, 3
53798, 3
463638, 3
3429, 3
59290, 3
154981, 3
312763, 3
512469, 3
267368, 3
51180, 3
338674, 3
470986, 3
180077, 2
591060, 3
468711, 3
321794, 3
82530, 3
409531, 3
208561, 3
408489, 3
250299, 3
287658, 3
360064, 3
415353, 3
115546, 3
228306, 3
113840, 3
123367, 3
39582, 3
51255, 3
167367, 3
242064, 3
433682, 3
395607, 3
128525, 3
579589, 3
99340, 3
193683, 3
572552, 3
434778, 3
11693, 3
58662, 3
413148, 3
96753, 3
48197, 3
510275, 3
325792, 3
344963, 3
99621, 3
74430, 3
533819, 3
71239, 3
245032, 3
401047, 3
459584, 3
33050, 3
50559, 3
300633, 3
390171, 3
504667, 3
117966, 3
318119, 3
116095, 3
14269, 3
664397, 3
443505, 3
561610, 3
70292, 3
93203, 3
47289, 3
79669, 3
496792, 3
150657, 3
209634, 3
143571, 3
163733, 3
19388, 3
278116, 3
197975, 3
334347, 3
392191, 3
268664, 3
643289, 3
380059, 3
245778, 3
237093, 3
461485, 3
94847, 3
182835, 2
261071, 3
512845, 3
514983, 3
26398, 3
230696, 3
486940, 3
57322, 3
574994, 3
259964, 3
377253, 3
318685, 3
188402, 2
297850, 3
295708, 3
57687, 3
117951, 3
54451, 3
103076, 3
170530, 3
180865, 3
639534, 3
665144, 3
438389, 3
356802, 3
326718, 3
632843, 3
195760, 3
305608, 3
390587, 3
266721, 3
236435, 3
642915, 3
533225, 3
647029, 3
212201, 3
442053, 3
381529, 3
39117, 3
378978, 3
442837, 3
153318, 3
211344, 3
624288, 3
474199, 3
93305, 3
464935, 3
506647, 3
436817, 3
445868, 3
601657, 3
631434, 3
324825, 3
29495, 3
540569, 3
24297, 3
279407, 3
658029, 3
233047, 3
193461, 3
340271, 1
431064, 3
525557, 3
455379, 3
25542, 3
247670, 3
22643, 3
32223, 2
241969, 3
194942, 3
295747, 3
358728, 3
26952, 3
58011, 3
533315, 3
19599, 3
331172, 3
545810, 3
107072, 3
594218, 3
17675, 3
178668, 3
249749, 3
589870, 3
553911, 3
626877, 3
356677, 3
610683, 3
469423, 3
194212, 3
338057, 3
288479, 3
116463, 3
413326, 3
310769, 3
324028, 3
548156, 3
118298, 3
136414, 3
504818, 3
663148, 3
549636, 3
342047, 3
290997, 3
453849, 3
359513, 3
263307, 3
195233, 3
16253, 2
61151, 3
442455, 3
619199, 3
439543, 3
41574, 3
587332, 3
489675, 3
306734, 3
559522, 3
440517, 3
539150, 3
551557, 3
14649, 3
319113, 3
377650, 3
432163, 3
500266, 3
200585, 3
400988, 3
327829, 2
476706, 3
31837, 3
31062, 3
63643, 3
279758, 3
3955, 3
207579, 3
594566, 3
328399, 3
88665, 3
56802, 3
319362, 3
406280, 3
203340, 3
501470, 3
395002, 3
354553, 3
278918, 3
20415, 3
622620, 3
141958, 3
483643, 1
80310, 3
579623, 3
428881, 3
65313, 3
412668, 3
613245, 3
41580, 3
567395, 3
7629, 3
477646, 3
264017, 3
470734, 2
408737, 3
579902, 3
650837, 3
360697, 3
567560, 3
51709, 3
40785, 3
620808, 3
499078, 3
83022, 3
100610, 3
270480, 3
200352, 3
379832, 3
320405, 3
594932, 3
649227, 3
81476, 3
238266, 2
96018, 3
157060, 3
16131, 3
550536, 3
552039, 3
104452, 3
9791, 3
449503, 3
441372, 1
415710, 3
183060, 3
611448, 3
524428, 3
457697, 3
406207, 3
292931, 3
656114, 3
87504, 2
534151, 3
328122, 3
321221, 3
173401, 3
625017, 3
488397, 3
246773, 3
450382, 1
391279, 3
418020, 3
13203, 3
354441, 3
597499, 3
398914, 3
541083, 3
388834, 3
261160, 3
438451, 3
283491, 3
521945, 3
391703, 3
257424, 3
30664, 3
373188, 3
606113, 3
174960, 3
342252, 3
141067, 3
581030, 3
471522, 3
384767, 3
1388, 3
498049, 3
53190, 3
158114, 3
410683, 3
655871, 3
379848, 3
78875, 3
602924, 3
471332, 3
287750, 3
450182, 3
662879, 3
204961, 3
226563, 3
131861, 3
158109, 3
433263, 3
148816, 3
186419, 3
555093, 3
614533, 3
519530, 3
595425, 3
92213, 3
541489, 3
414078, 3
153888, 3
264724, 3
585134, 3
52310, 3
31235, 3
423394, 3
317398, 3
12461, 3
581053, 3
648046, 3
483260, 3
466425, 3
227492, 3
87373, 3
324736, 3
635239, 3
268851, 3
599626, 3
484368, 3
160310, 3
607975, 3
334679, 3
379353, 3
406831, 3
116883, 3
578707, 3
14130, 3
310026, 3
287685, 3
382751, 3
240033, 3
439203, 3
37194, 3
39277, 3
6576, 3
98276, 3
469413, 3
393305, 2
619376, 3
332739, 3
48137, 3
86860, 3
340504, 1
458959, 3
18964, 3
554730, 3
137615, 2
453620, 3
34820, 3
348663, 3
314967, 3
150216, 3
215680, 1
13874, 3
376144, 3
515466, 3
661821, 2
565493, 3
45382, 3
319375, 3
588247, 3
657119, 3
310146, 3
285454, 3
470928, 3
360297, 3
127618, 2
109070, 3
490989, 3
573013, 3
613228, 1
479581, 3
262891, 3
32834, 3
62349, 3
471852, 3
435129, 3
551119, 3
285294, 3
510215, 3
655368, 3
180873, 3
595188, 3
229446, 3
662151, 3
646805, 1
121534, 3
18972, 3
148529, 3
51179, 3
279797, 3
439247, 3
555022, 3
568900, 3
167679, 3
570849, 3
462141, 3
551386, 3
428756, 3
94932, 3
637327, 3
254395, 3
507992, 3
450739, 3
185632, 3
479518, 3
291669, 3
115439, 3
637326, 3
184579, 3
246067, 3
436133, 2
258484, 3
427796, 3
484374, 3
189331, 3
97322, 3
428590, 3
431253, 3
513385, 3
58536, 2
130793, 3
454132, 3
431863, 3
160735, 3
423946, 3
527232, 3
1472, 3
225046, 3
261873, 1
468966, 3
372802, 3
230567, 3
234471, 3
279322, 3
643092, 3
49064, 3
663580, 3
211424, 3
52358, 3
129134, 3
631617, 3
35329, 3
237584, 3
287777, 3
174595, 3
649925, 3
513435, 3
379464, 3
196973, 3
240929, 3
91985, 3
305573, 3
531284, 3
640506, 3
468516, 3
279234, 3
465758, 3
62203, 3
655928, 2
129565, 3
616111, 3
418821, 3
629521, 3
134640, 3
490453, 3
413410, 3
228177, 3
104196, 3
38158, 3
521334, 3
19899, 3
10303, 3
32096, 3
651681, 3
378864, 3
251427, 3
161569, 3
277231, 3
513370, 3
530548, 3
208324, 3
616313, 3
394185, 2
419979, 3
187191, 3
444934, 3
418166, 3
652552, 3
164719, 3
543358, 3
615023, 3
384516, 3
539864, 3
247824, 2
117638, 3
581814, 3
497729, 3
545160, 3
397169, 3
490222, 3
642139, 3
230745, 3
527566, 3
453266, 3
327404, 3
469614, 3
424348, 3
525581, 3
569861, 3
54432, 3
37603, 3
31537, 3
474730, 2
649624, 3
51739, 3
400616, 3
161096, 3
392691, 3
52378, 3
427256, 3
390267, 2
475471, 2
643241, 3
128058, 3
223792, 3
377519, 3
30020, 3
83990, 3
505090, 3
150392, 3
224528, 3
149768, 3
325221, 3
551962, 3
355064, 3
310830, 3
345995, 3
156977, 3
221219, 2
450163, 3
549617, 3
619012, 3
276466, 3
355728, 3
522713, 3
522957, 3
115600, 3
368523, 3
366176, 3
498384, 3
648178, 3
176583, 3
391498, 3
534371, 3
368744, 3
418808, 3
177727, 3
528980, 3
295853, 3
654161, 3
510328, 3
114110, 3
393774, 3
134090, 3
426753, 3
495950, 2
32995, 3
584092, 3
47932, 3
188852, 1
278700, 3
123691, 3
167684, 3
257645, 3
447048, 3
589444, 3
106858, 3
397375, 3
188761, 3
168483, 3
619889, 3
57630, 3
623429, 3
24408, 3
34282, 3
505974, 3
472156, 3
387140, 3
403088, 3
404833, 3
242601, 3
41957, 3
508199, 3
26989, 3
188233, 3
583178, 3
604608, 3
378104, 3
318310, 3
345955, 3
231900, 3
395827, 3
140376, 3
418365, 3
456647, 3
191160, 3
123686, 3
264783, 3
98315, 3
190186, 3
205788, 3
510460, 2
317593, 3
184921, 3
663768, 3
16002, 3
332602, 3
520182, 3
547694, 3
315248, 3
542075, 3
127889, 3
352499, 1
286178, 3
238444, 3
158765, 3
185706, 3
94707, 3
299891, 3
350147, 3
573480, 3
395133, 3
178472, 3
369536, 3
612134, 3
171021, 3
123525, 3
653529, 3
532474, 3
639787, 3
373961, 3
82642, 3
147120, 3
415267, 3
622884, 3
262658, 3
580948, 3
502641, 3
162248, 3
288460, 3
309858, 3
77297, 3
103502, 3
605771, 3
477253, 3
424649, 3
494729, 3
85483, 3
111615, 3
135003, 3
416162, 3
283024, 3
65916, 3
565084, 3
1922, 3
358307, 3
90656, 3
33584, 3
262881, 3
54541, 3
566219, 3
437643, 3
162727, 2
3223, 3
68298, 3
657956, 3
394974, 3
11248, 3
52630, 3
248156, 3
301891, 3
176938, 3
249538, 3
481064, 3
254478, 3
526784, 3
453766, 3
166309, 3
581172, 3
413603, 3
263251, 3
407966, 3
97300, 3
533897, 3
485356, 3
481800, 3
654407, 3
203784, 3
339614, 3
325321, 3
124683, 3
431847, 3
69154, 3
346235, 3
452090, 3
117142, 3
601834, 3
390025, 3
184013, 3
23339, 3
162039, 3
543234, 3
525200, 3
606479, 3
536657, 3
570326, 3
323903, 3
305786, 3
252083, 3
388181, 3
307242, 3
44245, 3
13499, 3
280813, 3
649198, 3
662096, 1
664975, 3
174867, 3
251800, 3
544835, 3
647815, 3
43921, 3
311057, 3
445504, 3
530797, 2
654098, 3
562805, 2
635546, 3
504401, 3
10746, 3
269500, 3
311610, 3
393820, 3
262888, 3
502296, 3
64414, 3
392587, 3
449575, 3
508672, 2
28146, 3
601113, 3
626006, 3
106876, 3
254350, 3
442537, 3
80621, 3
306403, 3
463029, 3
604235, 3
5969, 3
25666, 3
226211, 3
255057, 3
199567, 3
151689, 3
374477, 3
417610, 3
19313, 3
536010, 3
32586, 3
159938, 3
372438, 3
574367, 3
347145, 3
163732, 3
459219, 3
523065, 1
14147, 3
163714, 3
455584, 3
241821, 3
400274, 3
398031, 3
429513, 3
565905, 3
96449, 3
30474, 3
373030, 3
204596, 3
350593, 3
184927, 3
295715, 3
324535, 3
105442, 2
81340, 3
500399, 3
392905, 3
236018, 3
222421, 3
326018, 3
520075, 3
378200, 3
647682, 3
285186, 3
54727, 3
373562, 3
215536, 3
179070, 3
134786, 3
451107, 3
141144, 3
416233, 3
242819, 3
310265, 3
320196, 3
267027, 1
60740, 3
287953, 3
296448, 3
95235, 2
555961, 3
528627, 3
102500, 3
450238, 3
558286, 3
446238, 3
641248, 3
164711, 3
448927, 3
536571, 3
153253, 3
597560, 3
17002, 3
44756, 3
175159, 3
335486, 3
244722, 3
201084, 3
493767, 3
528393, 3
306173, 3
13717, 3
362522, 2
417164, 3
384275, 3
251938, 3
321706, 3
98675, 3
323510, 3
60770, 2
340412, 3
285359, 3
318908, 3
543077, 3
546796, 3
179213, 3
612190, 3
35085, 3
264763, 3
617046, 3
631671, 3
296395, 3
139214, 3
327976, 3
620351, 3
252376, 3
511797, 3
395132, 3
630221, 3
294917, 3
307488, 3
553207, 3
602299, 3
451441, 3
318945, 3
627144, 3
215142, 3
21967, 3
635345, 3
153776, 3
598994, 3
287348, 3
332119, 3
545518, 3
334358, 3
214706, 3
251817, 3
257722, 3
52056, 3
489216, 3
425220, 3
304472, 3
494303, 3
65593, 3
11505, 3
307130, 3
583732, 3
526880, 3
653951, 3
165225, 3
322790, 3
195335, 3
226952, 3
209705, 3
632618, 3
104587, 3
590463, 3
331331, 3
85863, 3
88651, 3
624950, 3
105576, 1
114909, 3
495829, 3
388784, 3
657476, 3
271198, 3
213702, 3
411169, 3
21587, 3
238734, 3
436603, 3
98852, 3
159090, 3
580920, 3
148573, 3
621362, 3
349156, 3
283230, 2
127565, 3
267581, 3
126117, 3
4829, 3
660562, 3
247075, 3
500956, 3
619510, 3
383284, 3
642219, 3
198481, 3
651065, 3
15111, 3
48691, 3
164846, 3
324759, 3
455138, 3
402020, 3
546712, 3
80525, 3
521206, 1
516847, 3
17923, 3
152160, 3
629552, 3
406519, 3
381169, 3
618431, 3
131801, 3
305061, 3
258547, 3
354825, 3
650872, 3
623925, 3
34814, 2
388610, 3
413808, 3
551784, 3
341869, 3
128893, 3
239299, 3
447808, 3
150215, 3
378294, 3
639546, 3
472242, 3
365150, 3
552910, 3
398795, 3
574653, 3
471696, 3
205517, 3
521918, 3
138412, 3
594704, 3
297177, 3
14201, 3
225014, 3
258961, 3
90480, 3
109943, 3
296835, 2
352236, 3
318201, 3
249218, 2
395374, 3
272435, 3
235174, 3
362515, 3
419437, 3
541403, 3
269026, 3
540395, 3
221754, 3
52779, 3
136765, 2
309049, 3
37053, 3
77862, 3
228528, 3
596869, 3
102676, 3
193806, 3
187111, 3
330976, 3
387747, 3
68965, 3
600627, 3
525131, 3
98794, 3
578218, 3
260633, 2
36032, 3
270810, 3
359204, 3
609906, 3
506824, 3
226555, 3
426928, 3
449734, 3
517680, 3
148129, 3
253108, 3
162830, 3
469683, 1
346405, 3
545993, 3
512870, 3
505722, 3
586043, 3
190382, 2
343255, 3
74233, 3
86471, 3
174593, 3
349418, 3
306059, 3
95861, 3
374471, 3
70559, 3
637568, 3
662036, 3
643173, 2
638080, 3
444823, 3
534959, 3
183756, 3
648160, 3
524666, 3
483622, 3
664576, 3
510095, 3
370777, 3
392498, 3
69576, 3
132160, 3
635041, 3
644253, 3
123650, 3
199020, 3
73307, 3
44185, 3
592191, 3
399647, 3
248864, 3
233434, 3
277932, 3
235467, 3
661331, 3
366499, 3
142098, 3
326310, 3
223762, 3
125458, 3
117550, 3
50698, 3
243914, 3
464097, 3
539605, 3
184980, 3
347023, 3
1052, 3
398109, 3
107046, 3
161491, 3
158447, 3
506979, 3
188853, 3
573032, 1
314795, 3
501236, 3
352671, 3
41026, 3
535362, 3
434682, 3
65902, 3
468986, 3
185159, 3
1691, 3
567954, 3
196142, 3
305077, 3
423873, 3
524092, 3
614573, 3
452375, 3
551260, 3
57735, 3
70562, 3
192177, 1
236203, 3
591262, 3
548661, 3
475454, 3
337834, 3
342182, 2
532148, 3
212210, 3
415497, 3
234434, 3
178565, 3
381582, 3
233188, 3
190569, 3
444816, 3
265832, 2
388078, 3
292538, 3
384311, 3
29797, 3
665066, 3
522985, 3
499071, 3
130608, 3
134574, 3
369518, 3
481568, 3
117487, 3
53940, 3
633640, 3
152586, 3
648670, 3
5677, 3
88514, 3
192616, 3
402460, 3
445984, 3
153425, 3
199960, 3
136989, 2
74915, 3
611681, 3
73035, 3
337390, 3
424379, 3
453730, 3
603243, 3
204386, 3
490840, 3
150473, 3
319082, 3
655908, 2
34844, 3
498449, 3
355, 3
555535, 3
146005, 3
522701, 3
582738, 3
121662, 3
334806, 3
145753, 3
522893, 3
431949, 3
100925, 3
259319, 3
578779, 3
146084, 3
22683, 3
176964, 3
501745, 3
426895, 3
463224, 3
612571, 3
554652, 3
620245, 3
40632, 3
452293, 3
66225, 3
354499, 3
420883, 3
501628, 3
451745, 3
352192, 3
456006, 3
15342, 3
593333, 3
291106, 3
14071, 3
526043, 3
97713, 3
332895, 3
431222, 2
249926, 3
93766, 3
470776, 3
423478, 3
19487, 3
195468, 3
5270, 3
260815, 3
181885, 3
328011, 3
403436, 3
348082, 3
649122, 3
210221, 2
219652, 3
555610, 3
599888, 3
270642, 3
446542, 3
477749, 3
28344, 3
87429, 3
577509, 3
105467, 3
463078, 1
224792, 3
347666, 3
356847, 3
311360, 3
270251, 3
576303, 3
260049, 2
319018, 2
601750, 3
176924, 3
715, 3
484413, 3
242799, 3
261850, 3
225473, 3
173221, 3
453415, 3
624282, 3
122884, 3
461216, 3
464717, 3
99335, 3
348325, 3
145789, 3
576731, 3
108338, 3
348656, 3
445904, 3
241269, 3
279750, 3
298375, 3
540185, 3
609273, 3
57210, 3
535226, 3
98173, 3
257209, 3
300559, 3
355845, 3
23545, 3
93230, 3
253127, 3
418880, 3
603701, 3
230672, 3
79740, 3
646918, 3
514199, 3
575963, 3
39507, 3
326185, 3
94813, 3
290592, 3
224582, 3
201108, 3
245704, 3
58087, 2
552442, 3
261877, 3
67327, 3
179478, 3
360133, 3
382720, 3
60113, 3
35272, 3
455678, 3
132633, 3
47420, 3
77686, 3
207587, 3
51846, 3
345853, 3
545559, 3
1516, 3
585034, 3
250015, 3
199484, 3
626821, 3
260101, 3
53199, 3
624350, 3
546972, 3
540675, 3
289691, 3
487495, 3
125929, 3
236694, 3
513821, 3
594185, 3
578477, 3
335329, 3
527598, 2
349893, 3
25556, 3
481546, 3
16544, 3
373497, 3
614011, 3
491039, 3
602180, 3
654695, 3
600304, 3
285292, 3
209317, 3
475231, 2
552341, 3
242695, 3
52698, 3
288845, 3
8937, 3
421322, 3
393496, 3
502513, 3
32484, 3
423782, 3
382839, 3
420008, 3
579432, 3
383422, 3
156143, 3
175326, 3
102557, 3
620330, 3
258883, 3
375882, 3
508689, 3
63226, 3
118248, 3
425108, 3
236317, 3
393702, 3
113279, 3
504732, 3
305900, 3
633638, 3
325986, 3
355280, 3
12896, 3
596735, 3
337794, 3
284417, 3
496167, 3
378666, 3
369101, 3
515317, 3
453012, 3
587188, 2
293562, 3
187831, 3
187964, 3
431208, 3
646846, 3
486223, 3
91893, 3
157945, 3
471541, 3
616792, 3
184290, 3
370883, 3
392028, 3
248227, 3
98344, 3
228799, 3
251986, 3
419547, 3
560715, 3
185198, 1
124794, 3
531340, 3
23362, 3
269241, 3
620009, 3
627688, 3
319574, 3
74722, 3
631025, 3
83217, 3
555763, 3
17646, 3
395057, 3
402319, 3
259954, 2
174098, 3
399762, 3
354055, 3
213825, 3
178121, 2
233186, 3
60366, 3
81235, 2
655510, 3
27049, 3
544884, 3
352647, 3
595634, 2
635204, 3
130500, 3
81222, 3
163357, 3
307176, 3
273277, 3
514357, 3
395243, 3
630095, 3
496620, 3
488171, 3
481507, 3
270497, 3
242316, 3
604875, 3
507159, 3
570150, 3
327393, 3
207089, 3
116871, 3
559083, 3
576236, 3
282886, 3
107761, 3
514842, 2
337636, 3
366143, 3
650884, 1
503478, 3
206554, 3
337645, 3
366314, 3
357219, 3
195105, 3
594905, 3
552660, 3
503521, 1
435508, 3
571504, 3
576000, 3
209274, 3
183266, 3
450533, 3
347854, 3
558648, 3
124177, 3
27677, 2
627020, 3
398454, 3
141567, 3
637538, 3
37076, 2
502402, 3
289631, 3
659049, 3
343258, 3
587041, 3
236043, 3
486115, 3
173199, 3
54202, 3
421977, 3
79816, 3
447869, 3
353425, 3
113271, 3
149766, 3
570565, 3
186345, 3
611859, 3
178748, 3
179570, 3
565471, 3
195445, 3
170068, 3
567566, 3
589753, 3
434452, 3
268504, 3
461568, 3
144809, 3
651702, 3
321763, 3
560800, 3
125292, 3
290480, 3
273241, 3
506333, 3
496367, 3
480378, 3
615030, 3
355081, 3
231382, 3
80463, 3
388199, 3
498615, 3
543213, 3
519842, 3
382652, 3
53557, 3
235229, 3
609124, 3
385622, 3
153369, 3
296490, 3
52930, 3
168429, 3
587780, 3
455478, 1
345263, 3
70132, 3
155158, 3
458389, 3
403419, 3
608840, 3
262288, 2
260615, 3
422291, 3
130166, 3
94173, 3
485899, 3
322173, 3
278070, 3
431179, 3
449355, 3
580976, 3
31903, 3
193682, 3
500991, 3
379166, 3
640025, 3
324291, 3
243268, 3
382866, 3
603294, 3
21631, 3
140051, 3
604582, 3
308935, 3
321621, 3
396888, 2
307372, 3
427940, 3
14941, 3
308082, 3
549392, 3
269718, 3
407487, 3
333804, 3
439138, 3
104910, 3
619767, 3
167127, 3
97209, 3
618897, 3
54698, 3
237023, 3
648664, 3
369834, 3
593153, 3
324611, 3
647072, 3
63753, 3
338787, 2
343446, 3
98934, 3
616556, 3
301613, 3
350712, 3
276404, 3
626617, 3
102115, 3
141154, 3
351875, 3
452765, 3
607613, 3
365144, 3
287145, 3
32373, 3
138861, 3
496256, 3
427543, 3
483248, 3
11626, 3
593841, 3
374517, 2
242219, 3
472302, 3
487072, 3
284322, 3
65759, 3
46420, 3
232924, 1
400651, 3
143868, 3
362045, 3
660658, 3
416988, 3
229277, 3
296082, 3
173559, 3
232923, 3
352762, 3
30764, 3
58214, 3
16720, 3
425847, 3
382440, 3
230366, 3
426818, 3
632576, 3
394572, 3
303206, 3
309691, 2
618552, 3
626201, 3
87493, 3
21865, 3
373912, 3
215871, 3
169529, 3
110477, 3
222151, 3
152424, 3
221183, 3
267301, 3
556642, 3
582646, 3
246389, 3
566996, 3
404260, 3
269734, 3
226053, 3
33613, 3
515658, 3
559055, 3
335211, 3
25926, 3
493638, 3
620690, 3
583887, 3
536753, 3
440045, 3
461308, 3
589580, 2
662643, 3
183858, 3
414811, 3
279771, 3
178405, 3
229113, 3
106782, 3
19531, 3
153152, 3
84327, 3
187022, 3
134722, 3
463477, 3
347920, 3
660820, 3
597461, 3
427653, 3
661922, 3
580548, 3
229928, 3
316734, 3
587762, 3
122645, 3
565331, 3
471549, 3
359430, 3
251843, 3
316822, 3
301754, 3
517549, 3
441689, 3
510626, 3
181126, 3
6937, 3
547425, 3
53758, 3
277334, 3
245568, 3
462244, 3
125401, 3
317436, 3
615526, 2
217387, 3
281640, 2
315667, 3
410447, 3
173379, 3
246953, 3
424355, 3
462449, 3
253245, 3
542241, 3
208036, 3
474639, 3
200245, 3
528113, 3
107110, 3
659369, 3
158798, 3
659715, 3
25193, 3
623313, 3
56893, 3
196624, 3
546044, 3
56762, 3
361634, 3
482750, 3
233537, 3
397860, 3
129884, 3
338021, 3
642829, 3
102795, 3
469771, 3
319027, 3
385414, 3
657245, 3
144793, 3
616899, 3
441725, 3
50639, 3
99839, 3
78712, 3
650803, 3
546785, 3
573677, 3
290793, 3
470375, 2
515519, 3
30502, 1
412853, 3
248235, 3
241541, 3
526940, 3
226855, 3
218695, 3
112357, 3
430860, 3
237540, 3
149222, 3
120341, 3
634878, 3
242677, 3
471276, 1
14513, 3
250818, 3
395138, 3
454294, 3
453805, 3
125026, 2
402040, 3
137356, 3
612530, 3
592440, 3
45556, 3
54739, 3
281161, 3
482493, 3
23372, 3
405332, 3
357824, 3
216048, 3
506783, 3
425384, 3
333900, 3
95764, 3
422859, 3
360676, 3
581102, 3
83178, 3
106300, 3
218872, 3
64967, 3
554298, 3
79382, 3
288709, 3
537395, 3
289552, 3
647009, 3
559326, 3
200487, 3
437638, 3
518315, 2
502184, 3
449591, 3
141979, 2
55026, 3
264058, 3
98645, 3
469389, 3
557518, 3
253225, 3
583684, 3
294604, 3
324784, 3
470310, 3
368303, 3
482533, 3
400794, 3
229004, 3
84521, 3
45279, 3
228325, 3
20017, 3
493911, 3
423729, 3
594434, 3
541653, 3
387820, 3
610881, 3
554066, 3
471795, 3
110912, 3
198708, 3
158127, 3
513553, 3
102008, 3
355488, 3
257893, 3
114871, 3
496390, 3
558404, 3
656797, 3
223964, 3
390856, 3
354791, 3
443636, 3
295607, 3
55043, 3
662164, 2
661961, 3
230924, 3
496079, 3
207667, 3
598473, 3
304385, 3
664345, 3
293622, 3
215266, 3
261698, 3
612799, 3
577840, 3
19467, 3
402224, 3
452752, 3
408775, 3
472881, 3
284069, 3
660896, 3
23653, 3
45775, 3
290129, 3
552446, 3
399852, 3
176160, 3
591449, 3
26500, 3
322031, 3
396187, 3
76737, 3
633023, 3
462648, 3
633251, 3
317017, 3
566768, 3
316975, 3
122091, 3
486066, 3
585984, 3
548112, 3
448994, 3
662210, 3
522808, 3
564271, 3
428419, 3
34030, 2
82130, 3
583300, 3
550676, 3
324390, 3
450224, 3
279124, 3
336663, 3
358829, 3
89526, 3
570105, 2
404699, 3
143955, 3
546887, 3
643959, 3
82967, 1
446505, 3
652397, 3
229009, 1
98240, 3
635810, 3
174668, 3
461970, 3
374069, 3
5626, 3
138979, 3
371909, 3
461524, 2
298776, 3
569281, 3
656636, 3
206768, 3
336721, 3
476780, 3
151438, 3
440626, 2
87059, 3
592313, 3
200048, 3
149721, 3
617510, 3
444728, 3
426158, 3
459889, 3
347373, 3
548581, 3
393511, 3
554508, 3
662360, 3
639006, 3
154900, 3
84418, 3
579853, 3
402451, 3
626552, 3
566917, 3
585838, 2
424807, 3
492361, 3
224290, 3
321515, 3
588600, 3
570249, 3
32229, 3
259063, 3
241581, 3
415246, 3
455783, 3
206191, 3
109169, 3
138568, 3
280977, 3
324473, 3
662393, 3
118952, 3
556743, 3
276889, 3
362631, 3
307807, 3
655558, 3
605020, 3
193307, 3
393656, 3
189555, 3
27687, 3
432095, 3
538762, 3
579576, 3
364265, 3
55637, 3
136491, 3
632991, 3
572824, 3
576183, 2
199485, 3
552056, 3
410452, 3
275698, 3
617249, 3
93517, 3
639952, 3
539417, 3
302462, 3
485484, 3
64148, 3
188200, 3
95475, 3
72006, 3
540880, 3
592217, 3
423016, 3
276490, 3
317362, 3
639667, 2
143217, 3
69301, 3
167034, 3
383537, 2
240252, 3
400763, 3
306346, 3
267330, 3
657866, 3
77388, 3
468742, 3
126807, 3
503849, 3
139701, 3
224032, 3
226158, 3
40938, 1
217165, 3
44931, 1
575370, 3
109477, 3
196170, 3
301282, 3
503121, 3
403407, 3
484325, 3
20957, 3
117238, 3
560622, 3
458780, 3
528803, 3
188676, 3
243195, 3
458536, 3
151387, 3
284286, 3
278675, 3
232238, 3
363747, 3
320401, 3
371388, 3
49324, 3
204404, 3
344623, 2
490250, 3
522921, 3
114257, 3
603417, 3
386022, 3
648037, 3
14226, 3
377690, 3
363717, 3
641349, 3
360488, 3
654546, 3
607562, 3
529703, 3
342021, 3
312945, 3
320554, 3
338477, 3
625369, 3
79411, 3
576272, 3
37139, 3
238415, 3
512748, 3
165436, 3
534042, 3
214944, 3
263351, 3
201669, 3
506927, 3
443744, 3
584565, 3
516125, 3
611942, 3
251978, 3
246673, 3
320664, 3
431184, 3
557664, 3
544774, 1
13109, 3
366664, 3
643543, 3
445517, 3
598244, 3
129365, 3
463773, 3
646643, 3
568149, 3
332506, 3
555731, 3
573519, 3
174607, 3
24773, 3
86774, 2
32638, 3
121936, 3
635994, 3
39448, 3
306259, 3
17878, 3
1653, 3
300273, 3
532338, 3
375335, 3
171113, 3
639408, 3
317482, 3
638804, 3
492367, 3
68544, 3
100394, 3
180229, 3
186221, 3
625333, 3
89522, 3
494400, 3
141942, 3
382336, 3
311772, 3
464428, 3
413176, 3
140924, 3
349955, 3
568846, 3
620936, 3
528348, 3
593071, 3
256348, 3
208728, 3
457062, 3
253047, 3
619446, 2
79238, 3
484740, 3
404036, 3
165533, 3
616844, 3
358099, 3
121762, 3
90193, 3
208162, 3
325218, 3
522327, 3
185268, 3
441585, 3
353719, 3
425289, 3
434102, 2
67193, 3
656183, 3
577194, 3
569213, 3
273190, 3
543457, 3
475611, 3
125658, 3
368961, 3
149526, 3
582040, 3
448233, 3
269191, 3
68049, 3
526957, 3
215106, 3
124019, 3
37653, 3
536300, 3
657310, 3
47151, 3
493624, 3
276536, 3
505741, 3
431875, 3
321670, 3
107250, 3
552419, 3
648409, 3
582609, 3
400843, 3
641650, 3
73559, 3
194490, 3
193922, 3
263626, 1
252801, 3
281481, 3
542669, 3
291414, 3
408990, 3
556030, 3
473199, 3
5340, 3
158878, 3
166900, 3
516472, 3
619434, 3
85124, 3
328102, 3
170546, 3
201205, 3
657174, 3
436333, 3
99751, 3
446753, 3
359326, 3
146032, 3
126436, 3
109628, 3
160643, 3
393281, 3
574186, 3
510862, 3
100517, 2
220721, 1
403437, 3
132144, 3
265482, 3
622292, 3
218235, 3
18315, 3
277659, 3
661345, 3
467655, 3
267971, 3
190656, 3
324617, 3
638812, 3
347749, 2
243927, 3
58184, 3
307983, 2
401402, 3
557156, 3
562101, 3
431681, 3
165846, 3
655565, 3
275281, 3
298808, 3
574451, 3
508759, 3
179523, 3
115868, 3
484033, 3
416712, 3
64643, 3
421447, 3
321063, 3
432112, 3
178163, 3
16725, 3
288716, 3
391699, 3
407367, 3
393971, 3
580621, 3
21893, 3
233733, 3
214049, 3
33652, 3
68441, 3
411714, 2
21370, 2
52298, 3
281369, 3
251701, 3
434045, 3
343132, 3
96993, 3
309926, 3
330411, 3
116589, 3
137081, 3
450002, 3
489212, 3
650995, 3
5182, 3
540189, 3
126744, 3
634790, 3
452525, 2
308414, 3
100132, 3
632687, 3
472399, 3
336679, 3
623500, 3
78649, 3
483177, 3
563215, 3
481655, 3
289636, 3
122050, 3
296432, 3
31094, 3
631889, 3
318838, 3
657586, 3
153950, 3
457788, 3
106182, 3
53126, 3
28807, 3
122731, 3
657357, 3
513058, 3
279669, 3
532537, 3
117103, 3
356649, 3
452985, 3
77273, 3
364062, 3
474588, 1
194603, 3
211899, 3
169408, 3
143163, 3
552346, 3
337481, 3
463006, 3
199240, 3
538568, 3
375140, 3
426595, 3
608663, 3
18440, 3
632794, 3
575464, 3
212185, 3
117774, 3
82110, 3
446320, 3
56961, 3
361090, 3
540733, 3
570561, 2
322625, 3
280184, 3
585680, 3
477580, 3
132361, 3
216138, 3
172582, 3
30675, 3
274332, 3
439142, 3
233043, 3
130292, 3
287155, 3
605213, 3
213369, 3
113389, 3
516373, 3
400313, 3
648741, 3
480741, 3
368881, 3
57602, 2
195027, 1
399098, 3
175169, 3
272551, 3
106811, 3
335910, 3
394980, 2
47560, 3
347922, 3
391361, 3
13334, 3
84058, 3
215735, 3
509183, 3
510634, 3
144263, 3
69302, 3
193313, 3
248818, 3
498574, 3
557608, 3
614801, 3
225369, 3
104660, 3
127161, 3
504702, 3
285628, 3
102272, 3
126357, 3
131157, 2
323463, 3
415944, 3
554892, 3
223516, 3
239636, 3
636666, 3
361826, 3
337993, 3
123283, 3
604603, 3
267983, 3
655443, 3
34053, 3
82023, 3
473019, 3
52364, 3
140283, 3
51498, 3
32277, 3
334225, 3
390648, 3
602455, 2
532830, 3
339118, 3
174893, 3
625234, 3
139036, 3
5728, 3
6644, 3
183027, 3
228429, 3
602219, 3
448715, 3
155655, 3
304921, 3
560201, 2
167152, 3
527804, 3
352945, 3
71518, 3
344825, 3
651011, 3
650362, 3
132078, 3
7819, 3
158590, 3
614127, 3
369626, 3
498453, 3
281918, 3
526992, 3
153200, 3
126203, 3
246488, 3
562975, 3
594148, 3
229580, 3
172454, 3
625486, 3
573818, 3
601790, 3
648353, 3
440695, 3
207790, 3
127598, 3
386008, 3
157520, 3
596164, 3
474554, 3
111876, 3
414576, 3
649660, 3
54533, 3
443338, 3
77971, 3
529568, 3
190662, 3
87004, 3
521103, 2
572190, 3
109007, 3
478217, 3
52685, 3
145240, 3
424826, 3
40921, 1
23679, 3
418505, 3
350879, 3
49474, 3
525419, 3
559646, 3
198571, 3
394255, 1
411065, 3
297835, 3
538299, 3
4298, 3
69348, 3
179668, 3
80168, 3
498542, 3
500632, 3
161935, 3
91340, 3
98510, 3
26516, 3
473396, 3
234880, 3
442945, 3
663542, 3
44532, 3
2513, 3
43221, 3
406945, 3
225326, 3
591349, 3
533133, 3
153368, 3
504174, 3
2236, 3
208824, 3
130022, 3
594167, 3
337417, 3
214194, 3
225173, 3
461755, 3
643366, 3
13367, 3
43812, 3
575078, 3
25600, 1
309149, 3
221435, 3
112266, 3
382539, 3
647326, 3
9642, 3
350054, 3
503497, 3
228006, 3
653364, 3
124516, 3
72395, 3
261517, 1
508287, 3
497105, 3
506101, 3
372150, 3
173495, 3
265519, 3
355695, 3
471470, 3
373651, 3
259641, 3
476578, 3
85462, 3
337537, 3
238305, 3
555279, 3
505860, 3
443854, 3
205460, 3
387940, 3
44795, 3
277814, 3
651284, 3
120179, 3
609986, 3
471801, 3
623343, 2
177304, 3
540500, 3
257320, 3
95574, 3
569377, 3
136867, 2
244133, 3
190033, 3
480867, 3
275836, 2
586590, 3
222827, 2
500783, 3
363166, 3
475822, 3
116176, 3
100807, 3
301370, 3
372967, 3
428382, 3
137781, 3
31294, 3
458612, 2
150532, 3
440926, 3
423214, 3
280535, 3
217098, 3
496945, 2
339709, 3
118595, 3
454900, 3
33782, 3
508506, 3
502292, 3
205040, 3
240761, 3
333499, 3
344644, 3
68230, 2
34094, 2
238422, 3
193257, 3
164964, 3
488634, 3
165120, 3
196492, 3
454893, 3
57997, 2
516348, 3
265029, 3
250554, 3
481767, 3
621763, 3
408957, 3
319333, 3
243862, 3
609666, 3
390324, 3
29378, 3
223669, 3
247068, 3
238144, 3
526811, 1
451953, 1
547223, 3
261741, 3
523594, 2
197405, 3
431710, 3
498746, 3
579646, 3
376462, 3
406774, 3
636752, 3
102083, 3
649852, 3
102935, 3
381045, 3
21594, 3
292219, 3
604569, 2
41960, 3
205153, 1
35156, 3
208312, 3
414424, 3
652788, 3
470862, 3
481138, 2
152428, 3
603722, 3
398279, 3
24213, 3
171754, 3
194122, 3
627370, 3
9777, 3
237284, 3
368008, 2
177116, 3
321613, 3
512811, 3
35192, 3
368857, 3
600612, 3
61082, 3
310067, 3
632303, 3
488097, 3
614599, 3
461191, 3
270605, 3
361714, 2
616168, 3
628237, 2
19406, 3
261713, 3
459555, 3
142332, 3
522347, 3
574786, 2
126487, 3
387634, 3
363580, 3
109035, 3
470280, 3
575997, 3
570522, 3
253504, 3
80733, 3
365610, 3
51139, 3
372811, 1
418038, 3
508631, 3
444066, 3
200056, 3
631504, 3
446656, 3
426698, 3
577214, 3
521724, 1
433679, 3
560658, 3
197873, 3
169629, 3
198911, 3
163937, 3
406431, 3
605053, 3
578, 3
74642, 3
400752, 3
663424, 3
169222, 3
82962, 3
331040, 3
47244, 3
660616, 3
548835, 3
648461, 3
190392, 3
310536, 3
54800, 3
281924, 3
247868, 3
654542, 3
632939, 3
351384, 3
655194, 3
42320, 1
117202, 3
244423, 3
520666, 3
94910, 3
146990, 1
76291, 3
198716, 3
489527, 3
85512, 3
36866, 3
590328, 3
250337, 3
393487, 3
161755, 3
376834, 2
413652, 3
570307, 3
628676, 3
13835, 3
151932, 3
455646, 3
654647, 3
400856, 3
561228, 3
601729, 3
387650, 3
88903, 3
576266, 3
53570, 3
481835, 3
635272, 3
547208, 3
438577, 3
548980, 3
403545, 3
207481, 3
86220, 3
522219, 3
423572, 3
491520, 2
389324, 3
107317, 3
335019, 3
48508, 3
435974, 3
170454, 3
661206, 3
356627, 3
345993, 3
575523, 3
429545, 3
532728, 3
577971, 3
217046, 3
140218, 3
95868, 3
285377, 3
94757, 3
255085, 3
501488, 3
75806, 3
42512, 3
353876, 3
87709, 3
376839, 3
269012, 3
580014, 3
255930, 3
89149, 3
260201, 3
190996, 3
657597, 3
16492, 3
35492, 3
239406, 2
442179, 3
291148, 3
164907, 3
611501, 3
401540, 3
149765, 3
161827, 3
473191, 3
150821, 3
117569, 3
201936, 3
634289, 3
11806, 3
404443, 3
199274, 3
520586, 3
569130, 3
162284, 3
329006, 3
310807, 3
595660, 3
561243, 3
223661, 3
366186, 3
442617, 3
87747, 3
539645, 3
70720, 3
244091, 3
494553, 3
240190, 3
418134, 3
447946, 3
181626, 3
485970, 3
26290, 3
662735, 3
343831, 3
100692, 3
125456, 3
134793, 3
178113, 3
157409, 3
517120, 3
176454, 3
223273, 3
574588, 3
27784, 3
663257, 3
447174, 3
315176, 3
618389, 3
231653, 3
341036, 3
223328, 3
233712, 3
234958, 3
401926, 3
476221, 3
564924, 3
505805, 3
636930, 3
636695, 3
523945, 3
118625, 3
144440, 3
15328, 3
347556, 3
663678, 2
448535, 3
272531, 3
285466, 3
203455, 3
422871, 3
464804, 3
616877, 3
216141, 3
280879, 3
42347, 3
93035, 3
48108, 3
280676, 3
481500, 3
310103, 3
163386, 3
576512, 3
3604, 3
178863, 3
105297, 3
408190, 3
297184, 3
572325, 3
40536, 3
607451, 3
409248, 3
182628, 3
433654, 3
629630, 2
322163, 3
189381, 3
126132, 3
601177, 3
640533, 3
508033, 3
529031, 3
342356, 3
484453, 3
113024, 3
326908, 3
576947, 3
528174, 3
432312, 3
477941, 3
97761, 3
365472, 3
531442, 3
218806, 3
580378, 2
550696, 3
335111, 3
624171, 3
80048, 3
306018, 3
280183, 3
75306, 3
619589, 3
468556, 3
519675, 3
66198, 3
622238, 3
577496, 3
586287, 2
134127, 3
55860, 3
28546, 3
38784, 3
525184, 3
549771, 3
574218, 3
313421, 3
33225, 3
198861, 3
609140, 3
578469, 3
22719, 3
636156, 3
643093, 3
620583, 3
295584, 3
218304, 3
577116, 3
89497, 3
245054, 3
185830, 3
217351, 1
362267, 3
372138, 3
171845, 3
663844, 3
456948, 3
177886, 3
72886, 2
563768, 3
198847, 3
650059, 3
593095, 3
542980, 3
183370, 2
622750, 2
489972, 3
56331, 3
633481, 3
46871, 3
304170, 3
625025, 2
442089, 3
525111, 3
654759, 3
89843, 3
220576, 2
166765, 3
203893, 3
216410, 3
192554, 3
89207, 3
338738, 3
283465, 3
515576, 3
465466, 3
14854, 3
633873, 3
83579, 3
96423, 3
1839, 3
385617, 3
509821, 3
322867, 3
288284, 3
192855, 3
224245, 3
131523, 3
478856, 3
42104, 3
397668, 3
615130, 3
132488, 3
509885, 3
249600, 3
36209, 3
410924, 3
401044, 3
81413, 3
245302, 3
155953, 3
95680, 3
310606, 3
357727, 3
18763, 3
22910, 3
96731, 3
624443, 3
327619, 3
68840, 3
482424, 3
303838, 3
604160, 2
52594, 3
126080, 3
161419, 3
215437, 3
64534, 3
267854, 3
106154, 3
43140, 2
70654, 3
87529, 3
437728, 3
283455, 3
93503, 3
309566, 3
641809, 3
265379, 3
314212, 3
421024, 3
457053, 3
383713, 3
137891, 3
620028, 3
368247, 3
441956, 3
173068, 3
123130, 3
92347, 3
110227, 3
75460, 3
381629, 3
450486, 3
444914, 3
452387, 3
317791, 3
484702, 3
9479, 3
89611, 3
184642, 3
322996, 3
54082, 2
506113, 2
578848, 3
478306, 3
209397, 3
330070, 3
311794, 3
563947, 3
635228, 3
638153, 3
138298, 3
444205, 3
562307, 3
470745, 2
622024, 3
86638, 2
531052, 3
183659, 3
527940, 3
26342, 3
71953, 3
406254, 3
643845, 3
498468, 3
66629, 3
515871, 3
73297, 3
82355, 3
270155, 3
377339, 3
613782, 3
529124, 3
573636, 3
387875, 3
146155, 3
95356, 3
319309, 3
535461, 3
244382, 3
461629, 3
419697, 3
286262, 3
339907, 3
184542, 3
448544, 3
607130, 2
513142, 3
95015, 3
630451, 3
114460, 3
125115, 3
174268, 3
318791, 3
42055, 3
573837, 3
553725, 3
485400, 3
502447, 3
195153, 3
318089, 3
654459, 3
374862, 3
28513, 3
243007, 3
24634, 3
157474, 3
662502, 3
445678, 3
145587, 3
644495, 3
658454, 3
129475, 3
566144, 3
210132, 3
1078, 3
147379, 2
128147, 3
570009, 3
208062, 3
183008, 3
397340, 3
417343, 3
275612, 3
3913, 2
594296, 3
21369, 3
206937, 3
323840, 3
274253, 3
348612, 3
230737, 3
399715, 3
63735, 3
606309, 3
267337, 2
146715, 3
217799, 3
325420, 3
53624, 3
68684, 3
48676, 3
42688, 3
308161, 3
47516, 2
59018, 3
402868, 3
340931, 3
363266, 3
449955, 3
476369, 3
386968, 3
330787, 3
602103, 3
552837, 3
161450, 3
84067, 3
183960, 3
394231, 2
173885, 3
578353, 3
590379, 3
343421, 3
423461, 3
111170, 3
7776, 3
178544, 1
299755, 3
302576, 3
156524, 3
414888, 3
402484, 3
363605, 1
623415, 3
166565, 3
16354, 3
36804, 3
628718, 3
167530, 3
462659, 3
66990, 3
506806, 3
650749, 3
534320, 3
439325, 3
602061, 3
142160, 3
498521, 2
324075, 3
407948, 3
305784, 3
601444, 3
462065, 3
508916, 2
518322, 2
493918, 3
322652, 2
628230, 3
172330, 3
407462, 3
592401, 3
405998, 3
571216, 3
308441, 3
79216, 3
21502, 3
190349, 3
462001, 3
631214, 3
139988, 2
58482, 3
640600, 3
470761, 3
307779, 2
474008, 3
144031, 3
33736, 3
34133, 3
580236, 3
429432, 3
368184, 3
152949, 3
566262, 3
396757, 3
422002, 3
11055, 3
45391, 3
380033, 3
392741, 3
519601, 3
389720, 3
420289, 3
144607, 3
638646, 3
630165, 3
229127, 3
17160, 3
627863, 3
106829, 3
134956, 3
4265, 3
538482, 3
326913, 3
50395, 3
403695, 3
118466, 3
393621, 3
480149, 3
587621, 3
608048, 3
412032, 3
252937, 3
218458, 3
411329, 3
393602, 3
612358, 3
355833, 3
34061, 3
486498, 3
325235, 3
440677, 3
375444, 3
421315, 3
98654, 3
301704, 3
301809, 2
291747, 3
535751, 3
126201, 3
525996, 3
190172, 3
439456, 3
5033, 2
538597, 3
34401, 3
650126, 3
159078, 3
249626, 3
232375, 3
197580, 3
517446, 3
450053, 3
122785, 3
535909, 3
32671, 3
190876, 3
60748, 3
410489, 3
339338, 3
38942, 3
332479, 3
451206, 3
657783, 3
153027, 3
646668, 3
106301, 3
604198, 3
359793, 3
263404, 3
155640, 3
530226, 3
356774, 3
413264, 3
486067, 3
382549, 3
323547, 3
518479, 3
249168, 3
437788, 3
76520, 3
659489, 3
144945, 3
619016, 3
445920, 3
305339, 3
501872, 3
209703, 3
213392, 3
128060, 3
70712, 3
398490, 3
13395, 3
590506, 3
14861, 3
609504, 3
343617, 3
373104, 3
557744, 3
565777, 3
517606, 3
360410, 3
136914, 3
261628, 3
588974, 3
624720, 3
123463, 2
557079, 3
29955, 3
595682, 3
73308, 3
509161, 3
401231, 3
392549, 2
285189, 3
374979, 3
269755, 3
394307, 3
248512, 3
602752, 3
658181, 3
370919, 3
480747, 3
612047, 3
342007, 3
505245, 3
611630, 3
659680, 3
622536, 3
15210, 3
401397, 3
628471, 3
369054, 3
79673, 3
570271, 3
445224, 3
162737, 3
445662, 3
40067, 3
391748, 3
332542, 2
415285, 3
284763, 3
148508, 3
594958, 3
353921, 3
212760, 3
195646, 3
139752, 3
617098, 3
82699, 3
206101, 3
195313, 3
569661, 3
124352, 3
264494, 3
491685, 2
545091, 3
285173, 3
603670, 3
502823, 3
5139, 3
208308, 3
509719, 2
381381, 3
231739, 3
343092, 3
149165, 3
560511, 3
22804, 3
450794, 3
407654, 3
599529, 3
565536, 3
451386, 3
592219, 3
255901, 3
296461, 2
457579, 3
650115, 3
363071, 3
658263, 3
443471, 3
276601, 3
487055, 3
583749, 3
245652, 3
27106, 3
275038, 3
41362, 3
451374, 3
325217, 3
339115, 3
305660, 3
138413, 3
156282, 3
16868, 3
274046, 3
459558, 3
100850, 3
172305, 3
488888, 3
402610, 3
647445, 3
548775, 3
85241, 3
250485, 3
134383, 3
187402, 3
104571, 3
625471, 3
463989, 3
212398, 3
270016, 3
425365, 3
32878, 3
301187, 3
657652, 3
446547, 3
398314, 3
40801, 3
641960, 3
553588, 3
288853, 3
249057, 3
314875, 3
455140, 3
99470, 3
42746, 3
309864, 3
289984, 3
188742, 3
124968, 3
36543, 3
100892, 3
375262, 3
557700, 3
239074, 3
276841, 3
84518, 3
79995, 3
465868, 3
617794, 3
198199, 3
15552, 3
307366, 3
472016, 3
418411, 3
134357, 3
496436, 3
22983, 3
322207, 3
660441, 3
148350, 3
84215, 3
281939, 3
619598, 3
474520, 3
321147, 3
107488, 3
130923, 3
494324, 3
382913, 3
225446, 3
425657, 3
258177, 3
506645, 3
318529, 3
235899, 3
226663, 3
46053, 3
225411, 3
491524, 3
464347, 3
605127, 3
42236, 3
610014, 3
411601, 3
324766, 3
79699, 3
260748, 3
238417, 3
602661, 1
392671, 3
645920, 2
392299, 3
101478, 3
422116, 3
580451, 3
322930, 3
276867, 3
638340, 3
581048, 3
463551, 3
584907, 2
491305, 3
108736, 3
444061, 3
4087, 3
251385, 3
376690, 3
164854, 3
554026, 3
125637, 3
251078, 3
22120, 3
650393, 3
31680, 3
370672, 3
315640, 1
48898, 3
32566, 3
349579, 3
270300, 3
524857, 3
324499, 3
488174, 3
500513, 3
454814, 3
33670, 3
379036, 2
623919, 3
19833, 3
551561, 3
387379, 3
645546, 2
270255, 3
431576, 3
531978, 3
254876, 3
289098, 3
466021, 3
176688, 3
435702, 3
490494, 3
475360, 3
176746, 3
556694, 3
32629, 3
442674, 3
336011, 3
316118, 3
402165, 3
240552, 3
379503, 3
284403, 3
545357, 3
629692, 2
82776, 3
201615, 3
509288, 3
492181, 3
589453, 2
73060, 3
588689, 3
413430, 3
318708, 3
107766, 1
356300, 3
510753, 3
375486, 3
137181, 3
368489, 3
93075, 3
349451, 3
257842, 3
117211, 3
87035, 3
437134, 3
408776, 3
166560, 3
296133, 3
498744, 3
58636, 3
613878, 3
480717, 3
33903, 3
136360, 3
411334, 3
162575, 3
505886, 3
579416, 3
128130, 3
300417, 3
122544, 3
528712, 3
490381, 3
49951, 3
438874, 3
62600, 3
360620, 3
628496, 2
661468, 3
70288, 3
27329, 3
56246, 3
628501, 2
501460, 3
583865, 3
476943, 3
294500, 3
156412, 3
379438, 3
287684, 3
189421, 2
326336, 3
261016, 3
489368, 3
336327, 3
116612, 3
432039, 3
29089, 3
187453, 2
246352, 3
314317, 1
144468, 3
254775, 3
21807, 3
77859, 3
599189, 3
410919, 3
149002, 3
401251, 3
413068, 3
161700, 3
26727, 3
220629, 3
243910, 3
444588, 3
159483, 3
216300, 3
449537, 3
29369, 3
267345, 3
633098, 3
408372, 3
333938, 3
293181, 3
381620, 3
348457, 3
259491, 3
325394, 3
243732, 3
98569, 3
180599, 3
15508, 3
580077, 3
21372, 3
591134, 3
192264, 2
82313, 1
209077, 3
335068, 3
178867, 3
276395, 3
479963, 3
244174, 3
416224, 3
195048, 3
123236, 3
174144, 3
225552, 3
70751, 3
610870, 3
162963, 3
94007, 3
145263, 3
142958, 2
483824, 3
377412, 3
265708, 3
533580, 3
60915, 3
268820, 3
194204, 3
546636, 3
319306, 3
288069, 3
184882, 1
596481, 3
504435, 3
515216, 3
343511, 3
621191, 3
363676, 3
382939, 3
450517, 3
286019, 3
227866, 3
400470, 3
456867, 3
470783, 3
624708, 3
83821, 3
384345, 3
368028, 3
600391, 3
511182, 3
459611, 3
342950, 3
508201, 3
96836, 3
613288, 3
655492, 3
80721, 3
567075, 3
235653, 3
336764, 3
27874, 2
115707, 3
269471, 3
496710, 3
211953, 3
620722, 3
61774, 3
339141, 3
249614, 3
259881, 3
267542, 2
628123, 3
96908, 3
571149, 3
229101, 3
659172, 3
124539, 3
387814, 3
86947, 3
549888, 3
363690, 3
147277, 3
188477, 3
41592, 3
10621, 3
326302, 3
413861, 3
54278, 3
357726, 3
145832, 3
12325, 3
441292, 2
205278, 3
525747, 2
256441, 3
577268, 3
120498, 3
544054, 3
274146, 3
72325, 2
473980, 3
664178, 3
115109, 3
372087, 3
537192, 3
570154, 3
264399, 3
471407, 3
267692, 3
296889, 3
498920, 3
103143, 3
620457, 3
341291, 3
565477, 3
337182, 3
625464, 2
512603, 3
96467, 3
367339, 3
144939, 3
383864, 1
265562, 3
489169, 3
202712, 3
200917, 3
139874, 3
364197, 3
167094, 3
385064, 3
586963, 3
493354, 3
568157, 3
563129, 3
77504, 2
531225, 3
143158, 3
461921, 3
456968, 3
572420, 3
244417, 3
82332, 3
656372, 3
616170, 3
637077, 3
429705, 3
55721, 3
9928, 3
182649, 3
431937, 3
377199, 3
398016, 3
542450, 3
509229, 3
282576, 3
273828, 3
43663, 3
196020, 3
619977, 3
116891, 3
645068, 3
522281, 3
286458, 3
369483, 3
242969, 3
206721, 3
588951, 3
648471, 3
537265, 3
420777, 3
97404, 3
530066, 3
50693, 3
418739, 3
351451, 3
97747, 3
188077, 3
602203, 3
23718, 3
637342, 3
619273, 3
197104, 3
404402, 3
418186, 3
216125, 3
304694, 3
621003, 3
422720, 3
316834, 3
252668, 3
351138, 3
477860, 3
470267, 3
463997, 3
410147, 3
274837, 3
356773, 3
292023, 3
272789, 3
545500, 3
638419, 3
298376, 2
271729, 3
518243, 3
293979, 3
608519, 3
303998, 3
440114, 3
627164, 3
352962, 3
596572, 3
151917, 3
106877, 3
162367, 3
92544, 3
193408, 3
158869, 3
116860, 3
637030, 3
537393, 3
90478, 3
240730, 3
155643, 3
211473, 3
54354, 3
476856, 2
287394, 3
215377, 3
511761, 3
389152, 3
380214, 3
298619, 3
615279, 3
556050, 3
180661, 3
272572, 3
165464, 3
161103, 3
231890, 3
481622, 3
458193, 3
325964, 3
3996, 3
239359, 3
67210, 3
13873, 3
70452, 3
561045, 3
475087, 3
453319, 3
381307, 3
393914, 3
230079, 3
202487, 3
43934, 3
357617, 3
488772, 3
540619, 3
439004, 3
142026, 1
14019, 3
50623, 3
414459, 3
72099, 3
230122, 3
132000, 3
4598, 3
482420, 3
69926, 3
332846, 3
480696, 3
242783, 3
281770, 3
402067, 3
583761, 3
330414, 3
572672, 3
618583, 3
270949, 3
487704, 3
290405, 3
180535, 3
424752, 3
97585, 3
495675, 3
109157, 3
118467, 3
255462, 3
114714, 3
212822, 3
574351, 1
562020, 2
254096, 3
7546, 3
65340, 3
39773, 3
201151, 3
474710, 3
155952, 3
381285, 3
321493, 3
135241, 3
233823, 3
362663, 3
576707, 3
71711, 3
352466, 3
69753, 3
278768, 3
34876, 3
186392, 3
169275, 3
583289, 3
323722, 3
147709, 3
56149, 3
321883, 3
50463, 3
80352, 3
117531, 3
15960, 3
250248, 3
308782, 3
56577, 3
155352, 3
222570, 3
257235, 3
152972, 2
473865, 3
602441, 3
637396, 3
453887, 3
90202, 3
477252, 3
240427, 3
115821, 3
387568, 2
199139, 3
378237, 3
472778, 3
634629, 3
509832, 3
263901, 3
24535, 3
23634, 3
574156, 3
362874, 3
577063, 3
226503, 3
146697, 3
375024, 3
20852, 3
369504, 3
337726, 3
114536, 3
234938, 3
329657, 3
34237, 2
74770, 3
327475, 3
325993, 3
550270, 3
181526, 3
625601, 3
663027, 3
623746, 3
93430, 3
366006, 3
656036, 3
605520, 3
417921, 3
503070, 3
274717, 3
613483, 1
297740, 2
10882, 1
451852, 3
42237, 2
48909, 3
42758, 3
584969, 3
385766, 3
282792, 3
26261, 3
222521, 3
185413, 3
473954, 3
522157, 2
413519, 3
512640, 3
73416, 3
167238, 3
628255, 3
661763, 1
289215, 3
184983, 3
16397, 3
500938, 3
435634, 2
595866, 2
478952, 3
488513, 1
384635, 3
507592, 3
459041, 3
428376, 3
264128, 3
280055, 3
55684, 3
419392, 3
287450, 3
86113, 3
152188, 1
99850, 3
492938, 3
573129, 3
331072, 1
171124, 2
501936, 3
280598, 3
156208, 2
544350, 3
438443, 1
350505, 3
292024, 3
411779, 3
647883, 3
20449, 3
208948, 3
228701, 3
612794, 3
242520, 3
15892, 3
308781, 3
170055, 3
551188, 3
576270, 3
94273, 3
65664, 3
359840, 3
296031, 3
467481, 3
314591, 3
41418, 3
46390, 3
200850, 3
305211, 3
519416, 3
550138, 3
62392, 3
226609, 3
8889, 3
133487, 3
517753, 3
521885, 2
184454, 3
460035, 3
353744, 3
659584, 3
499362, 3
255080, 3
302335, 3
153658, 3
139240, 3
370123, 3
395105, 3
496197, 3
257736, 3
622979, 3
440356, 3
514557, 3
226837, 3
396998, 3
904, 3
253445, 3
294920, 3
643675, 3
140586, 3
448868, 3
228276, 3
467488, 2
573001, 3
617433, 3
28903, 3
647481, 2
588914, 3
572615, 3
260893, 3
92335, 3
351006, 3
186909, 3
487940, 3
92191, 3
491163, 3
651299, 3
4449, 3
654830, 3
76380, 3
205563, 3
238093, 2
285652, 3
143339, 3
387211, 3
470703, 1
581193, 3
326379, 3
63000, 3
116118, 3
292516, 3
534888, 3
54590, 3
331702, 3
406773, 3
661843, 3
399726, 3
402369, 3
443040, 3
260673, 3
93194, 3
138526, 3
144784, 3
248238, 3
296450, 3
140252, 3
169201, 3
329041, 1
65675, 3
625336, 3
255683, 3
367771, 3
606236, 3
127549, 3
1712, 3
326493, 3
644128, 3
420434, 3
507953, 3
615347, 2
323640, 3
593773, 3
605537, 3
111038, 3
30595, 3
501514, 3
491012, 3
586583, 3
131928, 3
412074, 2
255934, 3
484021, 3
134242, 3
143470, 3
378064, 3
15845, 3
185624, 3
421301, 3
328653, 3
130550, 3
550541, 3
156095, 3
80450, 3
558012, 3
113974, 3
284997, 3
653359, 3
636439, 3
306713, 3
639541, 3
215035, 3
255082, 3
16307, 3
195843, 3
370419, 3
455313, 3
458163, 3
396356, 3
584429, 3
107422, 3
560132, 3
645982, 3
568331, 3
6281, 3
10446, 3
553075, 3
125548, 3
162838, 3
602352, 3
411520, 3
344968, 3
235990, 3
241857, 3
568093, 3
6985, 3
610722, 3
573817, 3
333645, 2
462664, 3
10666, 3
512583, 3
78410, 3
595906, 3
378540, 3
104247, 3
429050, 3
48023, 3
318161, 3
63155, 3
212176, 3
33261, 3
80973, 2
564453, 3
153383, 3
424304, 3
215265, 3
589309, 3
79240, 3
30895, 3
438256, 3
291509, 3
39169, 3
242500, 3
299380, 3
272568, 3
578300, 3
640697, 3
284001, 3
509602, 3
162877, 3
52613, 3
446801, 3
288774, 3
276316, 3
145678, 3
336083, 2
268382, 3
208596, 3
390915, 3
364299, 3
377214, 3
41146, 3
441094, 3
443094, 3
481839, 3
657247, 3
512619, 2
66103, 3
21596, 3
47182, 3
224037, 3
608060, 1
655732, 3
642295, 3
204105, 3
5904, 3
594381, 3
352232, 3
526617, 3
173315, 3
222396, 3
287454, 3
337928, 3
258082, 3
478861, 3
236219, 3
510933, 3
488332, 3
507260, 1
60187, 2
342759, 3
369971, 3
175997, 3
41048, 3
332150, 3
551537, 3
397119, 3
605190, 3
575439, 2
170892, 3
464827, 3
214123, 3
77513, 3
323968, 3
151115, 3
419369, 3
314318, 3
572760, 3
530087, 3
308573, 3
545698, 3
458803, 3
150213, 3
496952, 3
131329, 3
564664, 3
204554, 3
365671, 3
233417, 3
46551, 2
71382, 3
322853, 2
200023, 3
387714, 3
330136, 3
306692, 1
235288, 3
625787, 1
264106, 3
659692, 3
302970, 3
22990, 3
258359, 3
104201, 3
492165, 3
432985, 3
411960, 3
148963, 3
315675, 3
380310, 2
37072, 3
658833, 3
6636, 3
27273, 3
470739, 3
500578, 3
43268, 3
643903, 3
84357, 3
2394, 3
12108, 3
152783, 3
387052, 3
167853, 3
69541, 3
584137, 3
357292, 3
543962, 3
485083, 3
77733, 3
12678, 3
506855, 3
366651, 3
442724, 3
63751, 3
12141, 3
26359, 3
30022, 3
655131, 3
143482, 3
216906, 3
266807, 3
108132, 3
419619, 2
498140, 3
107631, 3
27241, 3
336504, 3
451117, 3
655994, 3
435502, 3
285837, 1
432467, 3
587486, 3
596597, 3
200399, 3
444349, 3
202372, 3
643109, 3
315860, 3
663783, 3
433453, 3
415160, 3
597887, 3
517347, 3
171380, 3
193664, 3
528220, 3
596280, 3
185833, 3
474658, 3
159858, 3
336008, 1
297500, 3
85169, 3
649807, 3
449039, 2
231124, 3
441712, 3
422472, 3
472493, 3
535402, 3
614888, 3
56806, 3
26248, 3
530460, 2
438467, 3
542774, 3
622656, 3
245807, 3
397609, 3
417298, 3
343131, 3
501052, 3
591352, 3
36, 3
394776, 3
651869, 3
187200, 3
519348, 3
123619, 3
184521, 3
255374, 3
603779, 3
189252, 3
660245, 3
374158, 3
389131, 3
398898, 3
203391, 3
185672, 3
392789, 3
470919, 3
333530, 3
497575, 3
662054, 3
179645, 3
585815, 3
80259, 3
338588, 3
214948, 3
413443, 3
556140, 3
566838, 3
148934, 3
160004, 3
352557, 3
571613, 3
34505, 3
616162, 3
429723, 3
250344, 3
171670, 3
629471, 3
287803, 3
393270, 3
443798, 3
253765, 3
278772, 3
244831, 3
344430, 3
633005, 3
254692, 3
52757, 3
292221, 3
291459, 3
641422, 3
40827, 3
74588, 3
31416, 3
52321, 3
608632, 3
53892, 3
184652, 3
271096, 3
455931, 3
4927, 3
66797, 3
434813, 3
247621, 3
80447, 3
362110, 3
413709, 3
250091, 3
397728, 3
395399, 3
370721, 3
120389, 3
19340, 3
586916, 3
256355, 3
349687, 3
604841, 3
649449, 3
211992, 3
320453, 3
446816, 3
60944, 3
510129, 3
476696, 3
478361, 3
275184, 3
655916, 3
628767, 3
314146, 3
127703, 3
482699, 3
616100, 3
426667, 3
79612, 3
217607, 3
577099, 3
34006, 1
22276, 3
173043, 3
87805, 3
11950, 3
613071, 3
78288, 3
582031, 3
376027, 3
619631, 1
361727, 3
335442, 3
518395, 3
294590, 3
490934, 3
622589, 3
125963, 3
418159, 3
153175, 3
512560, 3
595604, 3
265932, 3
94824, 3
430921, 3
298361, 2
337329, 3
492104, 3
449659, 3
333132, 3
14129, 3
502109, 3
649174, 3
71905, 3
1216, 3
644980, 3
238686, 3
662061, 3
411837, 3
71630, 2
132087, 3
309657, 3
456416, 3
510254, 3
72531, 3
383507, 3
141148, 3
314189, 3
543275, 3
268598, 3
32240, 3
519592, 3
411721, 3
605805, 3
44762, 3
656117, 3
215597, 3
100459, 3
192245, 1
446731, 3
301733, 2
427501, 3
394454, 1
317430, 3
226963, 3
571466, 3
654910, 3
283405, 3
443455, 3
439457, 3
577019, 3
281228, 3
491015, 3
92275, 3
20186, 3
214099, 3
583189, 3
220000, 3
293348, 3
429436, 3
444452, 3
501694, 3
555357, 3
183078, 3
481442, 3
394214, 3
89477, 3
312782, 3
103984, 3
128101, 3
548102, 3
246102, 3
16727, 3
597696, 3
580673, 3
512869, 3
485760, 3
624190, 3
80147, 3
405640, 3
616334, 3
356090, 3
332997, 3
288528, 3
541542, 3
603362, 3
545299, 3
416586, 3
222948, 3
540493, 3
316177, 3
547234, 3
373718, 3
519243, 3
79223, 3
56200, 3
369610, 3
119952, 3
631701, 3
422422, 3
420479, 3
352294, 3
113014, 3
196117, 3
450901, 3
162702, 3
608654, 3
281191, 3
612537, 3
587786, 3
604276, 1
377033, 3
31075, 3
359542, 3
308885, 3
498434, 3
467408, 3
576278, 3
306638, 3
627486, 3
547052, 3
407173, 3
119709, 3
441343, 1
564574, 3
476777, 3
580136, 3
466822, 3
379771, 3
208232, 3
457964, 3
136415, 3
274847, 3
215493, 3
583068, 3
253619, 2
314307, 3
511979, 3
103714, 3
291042, 3
282660, 3
169115, 3
354, 3
424692, 3
545124, 3
510086, 3
198814, 3
169050, 3
371981, 3
535904, 3
251613, 3
656750, 3
99141, 3
203651, 3
560816, 3
466980, 3
278569, 3
19587, 3
552389, 3
594616, 1
363559, 3
65048, 3
183887, 3
400647, 3
315903, 3
451802, 3
646120, 3
549441, 3
40541, 3
502441, 3
633349, 3
239771, 3
263400, 2
106974, 3
117805, 3
308, 3
361825, 3
588683, 3
282461, 3
320505, 3
360473, 3
615216, 3
338161, 3
642259, 3
52020, 3
532091, 3
631923, 3
337260, 3
215428, 3
495690, 3
255310, 3
225246, 3
248634, 3
176485, 3
446886, 3
482078, 3
402080, 3
28125, 3
32734, 3
279330, 3
39143, 3
259322, 3
141122, 3
380412, 3
336176, 3
277536, 3
124204, 3
592079, 3
501082, 2
522072, 3
97961, 3
460704, 3
422654, 3
78859, 3
517666, 3
463604, 1
473696, 1
341489, 1
647538, 3
116839, 3
261478, 3
256849, 2
360100, 3
445420, 3
288950, 3
629518, 3
324056, 3
379335, 3
418582, 3
103461, 3
126105, 2
264119, 3
420707, 3
308616, 3
199658, 3
84322, 3
223107, 3
229948, 3
330074, 3
378655, 3
319639, 3
112352, 3
602515, 3
44231, 3
215851, 3
220694, 3
377165, 3
282547, 3
170346, 3
379262, 3
75737, 3
654066, 3
341553, 3
144588, 3
3641, 3
243536, 3
417417, 3
558248, 3
486672, 3
19727, 3
664584, 3
121827, 3
223644, 3
368471, 3
118332, 3
472187, 3
171222, 3
200961, 3
174709, 3
99872, 3
636700, 3
161409, 3
294787, 3
501518, 3
323158, 3
184160, 2
446302, 3
219110, 3
3839, 3
200408, 3
370803, 3
74499, 3
476361, 3
575388, 3
69746, 3
332980, 3
503886, 3
494419, 1
52181, 3
621851, 3
309450, 3
524935, 2
5054, 3
223154, 3
524212, 3
533372, 3
167851, 3
580018, 3
96781, 3
371908, 3
464358, 3
236652, 3
488059, 3
422027, 3
663415, 3
229757, 3
417994, 3
347788, 3
261354, 3
8175, 3
508221, 3
41475, 3
562533, 3
647447, 3
265663, 3
571704, 3
447387, 3
274262, 3
224107, 3
169097, 3
449451, 3
198688, 3
629283, 3
549606, 3
620615, 3
242697, 3
108397, 3
352628, 3
57923, 3
590377, 3
82171, 3
611957, 3
620382, 3
180706, 3
99925, 3
664329, 3
248430, 3
228892, 3
248607, 3
171446, 3
534859, 3
455593, 3
90497, 3
187214, 2
466762, 3
401716, 3
82837, 3
64295, 3
117979, 3
24597, 3
466129, 3
510532, 3
401170, 3
436419, 3
112827, 3
245348, 3
278158, 3
127015, 3
133958, 3
540201, 3
24620, 3
553609, 3
31981, 3
538064, 3
149780, 3
191876, 3
44928, 3
131553, 3
122729, 3
325312, 3
92753, 3
88423, 3
73461, 3
121274, 3
6827, 3
506417, 3
305992, 3
9942, 3
357923, 3
118257, 2
448010, 3
153322, 3
46082, 3
405134, 3
276501, 3
571335, 3
562559, 2
192188, 2
18545, 3
27041, 3
126295, 3
638726, 3
529819, 3
441544, 1
321047, 3
240992, 3
240530, 3
569179, 3
660342, 3
536628, 3
1826, 3
292601, 3
169615, 3
447664, 3
304915, 3
44626, 2
650846, 3
483604, 3
557133, 3
76081, 3
497359, 3
297211, 3
191537, 3
39273, 3
5474, 3
198113, 3
484361, 3
141498, 3
201000, 3
282641, 3
35108, 3
592855, 3
101938, 3
599467, 3
463791, 3
161057, 3
309821, 3
88347, 3
101697, 3
358354, 3
163431, 3
2119, 3
249548, 3
648996, 3
310264, 3
35966, 3
182001, 3
261337, 2
198843, 3
382803, 3
474407, 3
258218, 3
53058, 3
243634, 3
390174, 3
562701, 3
294549, 3
279007, 3
211266, 3
393721, 3
594741, 3
62941, 3
176773, 3
578625, 3
537624, 3
344546, 3
59088, 3
604630, 3
133514, 3
553644, 3
650365, 3
449427, 3
484707, 3
259292, 3
622098, 3
594441, 3
208418, 3
48699, 3
340086, 1
12463, 3
162593, 3
263649, 3
59293, 3
29681, 3
386881, 3
141037, 3
221514, 3
91010, 1
24509, 3
84625, 3
555478, 3
58337, 3
341037, 3
177758, 3
266661, 3
652364, 3
541250, 3
640211, 3
502033, 3
212617, 3
275803, 3
154364, 3
658688, 3
638147, 2
436643, 3
433751, 3
80199, 3
664709, 3
95818, 3
362817, 3
554242, 3
184210, 3
154829, 3
143118, 3
488145, 3
368347, 3
149420, 3
184387, 3
234796, 3
108837, 2
663248, 3
649886, 3
113425, 3
468400, 3
20073, 3
328329, 3
6087, 3
386042, 3
604887, 3
207087, 3
269588, 3
651320, 3
527148, 3
70067, 3
107640, 3
388314, 3
106352, 3
159387, 3
454223, 3
575193, 3
460387, 3
646311, 3
40403, 3
159531, 3
979, 3
347704, 3
74374, 3
472759, 3
407284, 3
20582, 3
478192, 3
308494, 3
204307, 3
538101, 3
426742, 2
343870, 3
392440, 3
190764, 3
581535, 3
295506, 3
247925, 3
340376, 3
464704, 2
630001, 3
643061, 3
594520, 3
307766, 3
309972, 3
468870, 3
473356, 3
600601, 3
460010, 3
533145, 3
533316, 3
404278, 3
457785, 3
93366, 3
78787, 3
144502, 3
310241, 3
90855, 3
388332, 3
508423, 3
578070, 3
478164, 2
598918, 3
209909, 3
370333, 3
182531, 3
408538, 3
8949, 3
531154, 3
391600, 3
118238, 3
416039, 3
645024, 3
225123, 3
389478, 3
462598, 3
264593, 3
528925, 3
523447, 3
456099, 3
624969, 3
415155, 3
26409, 3
101500, 3
465468, 3
320086, 3
620303, 3
388384, 3
351618, 3
96528, 3
139671, 3
198251, 3
609147, 3
52058, 3
505531, 3
600161, 3
45164, 3
11736, 3
564992, 3
25707, 3
180604, 3
292980, 3
201986, 3
57073, 3
654300, 1
7264, 3
383669, 3
436476, 3
577182, 3
599387, 3
61268, 3
430836, 3
557822, 3
602946, 3
36877, 3
527411, 2
143537, 3
30348, 3
381920, 3
411625, 3
355644, 3
351419, 3
134762, 3
359754, 3
354318, 3
257560, 3
178786, 3
276448, 3
312915, 3
556957, 3
274407, 3
413917, 3
247900, 3
553652, 3
648874, 3
85064, 3
314863, 3
358122, 3
85433, 3
367660, 3
496352, 3
570687, 3
60625, 3
407428, 3
48254, 1
353187, 3
116211, 3
126025, 3
533443, 3
491846, 3
363700, 3
619358, 3
605248, 3
173704, 3
420940, 3
70303, 3
22659, 3
445352, 3
532533, 3
650677, 3
52694, 3
496504, 3
172858, 3
357041, 3
611071, 2
295294, 3
418949, 3
486984, 3
210310, 2
644765, 3
88922, 3
268843, 3
115997, 3
584381, 3
154486, 3
220952, 3
463633, 3
650509, 3
263807, 3
18976, 3
435862, 3
474328, 3
248784, 3
211034, 3
122271, 3
425651, 3
532884, 3
176925, 3
196811, 3
89153, 3
206908, 3
7068, 3
484701, 3
565202, 3
90688, 3
438064, 1
302315, 3
166011, 3
372606, 3
589316, 3
147797, 3
491291, 3
131302, 3
357838, 3
164084, 3
229582, 3
373151, 3
345393, 3
567569, 3
125946, 3
300860, 3
531762, 3
298817, 3
185666, 2
383173, 1
374551, 3
563020, 3
362797, 3
651225, 3
645689, 3
488003, 3
644809, 3
338944, 3
2500, 3
324871, 3
476977, 3
153103, 3
646008, 3
547096, 3
376209, 3
658803, 3
298828, 3
161915, 3
265444, 3
131483, 3
411707, 3
327768, 3
92229, 3
631781, 3
69176, 3
507076, 3
531964, 3
77940, 3
319797, 3
169864, 3
248206, 3
321924, 3
303482, 3
18478, 3
393003, 3
583793, 3
3496, 3
576207, 3
221343, 3
402426, 3
609774, 3
284268, 3
352938, 3
70837, 3
68785, 2
457089, 3
605952, 3
585313, 3
155143, 3
330323, 1
614916, 3
645377, 3
40092, 3
145043, 3
324743, 3
536303, 3
554496, 3
647693, 3
203941, 3
374851, 3
512669, 3
32528, 3
374816, 3
329285, 3
75570, 2
523607, 3
620449, 3
162318, 3
215868, 3
604462, 3
370832, 3
274010, 3
104042, 3
653885, 3
95583, 3
542259, 3
49350, 3
88304, 3
639732, 3
319021, 3
395211, 3
271456, 3
121966, 3
336912, 3
363007, 3
69494, 3
531127, 3
563651, 3
203479, 3
20718, 3
633420, 3
416814, 3
263026, 3
614739, 3
452204, 2
3882, 3
108151, 3
47665, 3
246911, 3
574325, 3
600979, 3
414572, 3
114998, 3
61738, 3
212280, 3
349979, 3
261808, 2
409602, 3
156403, 3
314876, 3
528561, 3
542321, 3
217434, 3
546974, 3
454552, 3
53834, 3
454491, 3
503261, 3
482191, 3
122580, 3
49012, 3
90278, 3
458039, 3
397455, 3
190014, 3
616096, 3
132640, 3
586632, 3
187779, 3
656366, 3
635630, 3
184700, 3
445968, 3
615177, 3
147332, 3
533600, 3
342984, 1
355494, 3
231077, 1
546729, 3
98329, 3
348820, 3
298558, 3
313661, 3
51819, 3
289110, 3
275300, 3
636906, 3
308603, 3
538901, 3
42482, 3
512352, 3
440260, 3
388752, 3
21519, 3
208396, 3
242304, 3
239073, 3
554086, 3
371995, 3
328972, 3
168192, 3
304493, 3
202475, 3
585852, 3
651716, 3
140098, 3
372135, 3
564051, 1
309577, 2
361121, 3
119022, 3
254830, 3
612517, 3
350673, 3
17152, 3
352664, 3
395227, 3
320903, 3
338970, 3
163653, 3
41037, 3
86287, 3
9805, 3
214982, 2
300604, 3
12190, 3
57422, 3
104776, 3
258104, 3
430680, 2
266292, 3
259142, 3
106251, 3
477811, 3
249144, 3
139394, 3
664049, 3
512396, 3
36862, 3
70135, 3
593537, 3
580488, 3
584070, 3
466807, 3
114237, 3
417443, 3
98180, 3
120192, 3
153704, 3
449695, 3
388485, 3
414665, 3
587068, 3
85537, 3
642918, 3
134121, 3
295724, 3
577707, 3
537399, 3
314766, 3
170568, 3
7366, 3
368986, 3
62181, 3
529575, 3
591280, 3
413323, 3
457967, 3
617160, 3
90343, 3
601456, 3
631134, 3
91372, 3
221367, 3
90601, 3
257445, 3
568718, 3
326805, 2
535301, 3
152290, 3
322568, 3
484669, 3
30165, 3
452512, 3
229220, 3
548405, 3
663785, 3
93268, 3
127057, 3
513761, 3
529641, 3
651675, 3
359199, 3
378993, 2
236501, 3
639238, 3
160414, 3
269884, 3
194143, 3
140596, 3
290916, 3
308383, 3
633526, 3
508125, 3
440740, 3
21883, 3
182714, 3
293952, 3
474387, 3
217820, 3
219436, 3
420422, 3
117506, 3
2325, 3
610561, 3
268696, 3
98327, 3
220918, 3
80862, 3
508457, 3
414235, 3
225172, 3
436549, 3
93977, 3
521922, 3
132251, 3
256857, 3
297297, 3
194041, 3
45390, 3
67709, 3
304886, 3
272180, 3
201237, 3
612739, 3
281045, 3
283808, 3
15378, 3
86369, 3
656497, 3
404630, 3
271816, 3
417037, 3
145313, 3
91171, 3
627650, 3
170798, 3
311606, 3
38524, 3
380227, 3
29269, 3
166691, 3
105998, 3
562144, 2
94861, 3
537634, 3
434420, 3
401084, 3
207927, 3
492557, 3
449040, 3
572906, 3
65988, 3
578380, 3
476310, 3
483918, 3
418168, 3
599895, 3
324840, 3
214441, 3
478556, 3
87770, 3
277729, 3
326134, 3
110902, 3
316309, 3
44744, 3
305093, 3
538096, 3
318054, 3
368278, 3
369328, 3
110545, 3
653595, 3
318192, 3
253261, 3
364724, 3
434522, 3
457835, 3
269053, 3
398326, 3
543194, 3
345805, 3
242775, 3
289765, 3
54837, 3
149641, 3
402414, 2
623246, 3
467849, 3
431470, 3
64825, 3
490403, 3
339639, 3
396079, 3
346203, 3
111231, 3
421933, 3
333029, 3
535243, 3
292474, 3
359790, 3
323325, 3
428828, 3
237248, 3
463381, 3
607474, 3
605625, 3
510881, 3
665196, 3
188140, 3
463783, 3
436994, 3
265247, 1
454316, 3
322099, 3
229157, 3
42004, 3
661660, 3
168924, 3
521909, 3
219702, 3
47806, 3
123377, 3
144680, 3
297464, 3
335547, 3
208701, 3
208932, 3
59597, 3
112450, 3
396520, 3
287610, 3
605945, 3
415434, 3
302531, 3
12891, 3
204308, 3
307752, 3
66217, 3
393105, 3
635045, 3
386219, 3
137952, 3
197695, 3
456000, 3
91120, 3
109503, 3
319875, 3
338982, 3
540216, 3
578756, 3
446828, 3
170323, 3
176118, 3
575694, 3
105231, 3
317286, 3
254995, 3
74087, 3
140812, 3
399174, 3
315579, 3
218328, 3
356891, 3
433826, 3
461325, 3
26607, 3
472616, 3
6008, 3
387894, 3
443357, 3
92808, 3
32682, 3
589929, 3
300125, 3
374281, 3
465325, 3
43989, 3
7516, 3
31133, 3
554783, 3
82908, 1
601200, 3
89422, 3
211949, 3
327266, 3
411296, 3
325010, 3
93763, 3
478711, 3
482335, 3
361760, 3
414371, 3
530675, 1
289420, 3
359517, 3
342903, 2
252347, 3
288731, 3
447479, 3
503469, 3
508088, 3
247371, 3
220643, 3
410804, 3
573764, 3
576665, 3
50771, 3
600562, 3
65196, 3
261725, 3
350701, 3
45211, 3
312307, 3
166079, 3
404548, 3
357503, 3
611412, 3
600206, 3
25222, 3
593454, 3
449820, 3
547633, 3
207409, 3
211018, 1
356398, 2
589119, 3
491188, 3
641255, 3
584004, 3
629358, 3
456137, 3
592220, 3
152064, 3
339841, 3
384306, 3
497311, 3
91391, 3
135586, 3
48708, 3
642850, 3
423095, 3
530878, 3
430485, 3
613294, 3
329623, 3
64923, 3
584399, 3
130083, 3
386495, 3
186204, 3
399212, 3
9818, 3
253996, 1
44571, 3
194360, 3
154004, 3
454201, 3
518006, 3
68922, 3
390525, 3
373241, 3
17365, 3
504552, 3
8029, 3
370070, 3
493504, 2
363778, 3
460173, 3
636849, 2
621413, 2
25332, 3
561140, 3
634070, 3
211614, 3
208975, 3
327289, 3
555217, 3
502118, 3
611548, 3
384714, 3
523055, 3
604277, 3
159569, 3
660048, 3
600588, 3
10993, 3
400329, 3
459333, 3
484733, 3
280832, 3
252406, 2
384772, 3
554328, 3
16959, 3
86413, 3
593624, 3
654482, 3
386117, 3
429713, 3
88028, 3
459288, 3
148846, 3
14643, 3
390957, 3
192822, 3
283828, 3
657296, 3
298137, 3
227184, 1
272828, 3
232100, 3
4783, 3
379945, 3
435889, 3
266482, 3
632990, 3
573807, 3
88404, 3
520430, 3
417207, 3
446149, 3
622315, 3
533462, 3
466577, 3
455607, 3
404145, 3
494187, 3
385119, 3
348220, 3
549004, 3
578532, 3
137315, 3
239568, 3
191601, 3
617107, 3
341253, 3
429048, 2
350111, 3
435679, 3
500041, 3
322851, 1
178720, 3
374558, 3
465397, 3
11792, 3
131634, 3
288554, 3
563250, 3
265734, 3
150686, 3
191402, 3
265502, 3
432417, 3
236222, 2
347446, 3
382548, 3
82268, 3
598102, 3
157767, 3
346529, 3
520179, 3
328034, 3
569841, 3
14631, 3
556578, 3
126860, 3
510204, 3
574171, 3
392900, 3
658662, 3
31003, 3
5789, 3
156341, 2
326542, 3
466490, 3
371227, 3
60546, 3
88252, 3
199466, 3
213973, 3
368181, 3
447101, 3
518278, 3
648165, 3
625450, 3
419896, 3
553355, 3
525654, 3
182766, 3
207386, 3
175457, 3
220035, 3
547342, 3
591826, 3
204431, 3
151080, 3
287560, 3
561833, 3
473685, 3
82838, 3
612253, 3
103222, 3
345104, 3
304388, 3
659394, 3
187079, 3
467975, 3
272266, 3
558773, 3
15965, 3
646939, 2
456002, 2
589200, 3
82544, 3
587405, 3
636068, 3
437373, 3
381616, 3
354213, 3
336291, 3
639521, 3
48096, 3
288706, 3
371624, 3
52738, 3
247978, 3
58202, 3
628448, 3
264941, 3
635123, 3
548454, 3
177714, 3
484283, 3
8180, 3
829, 3
474682, 3
604135, 3
624801, 3
1164, 3
250835, 3
621250, 3
58100, 3
659340, 3
39660, 3
169469, 3
161278, 3
566758, 3
180836, 3
405497, 3
215110, 3
631288, 3
2952, 3
529596, 3
403452, 3
533182, 3
49793, 3
95681, 3
129908, 3
584296, 3
11108, 3
115349, 3
625947, 3
509249, 3
397519, 3
90237, 3
386436, 3
416877, 3
31799, 3
375241, 3
455505, 3
593541, 3
8454, 3
134728, 3
563644, 3
514276, 3
181810, 3
542745, 3
338834, 3
645230, 3
530283, 3
95434, 3
299600, 3
24356, 3
276951, 3
591947, 3
510138, 3
65643, 3
477844, 3
41373, 3
151367, 3
120440, 2
614014, 3
153462, 3
194324, 3
217705, 3
103188, 3
524015, 3
117768, 3
197671, 3
384496, 3
403059, 3
133579, 3
128271, 3
222342, 3
208355, 3
168205, 3
611742, 3
583829, 3
450369, 3
22561, 3
232281, 3
364727, 3
165031, 3
4634, 3
74616, 3
596368, 3
267215, 3
51236, 3
50782, 3
560010, 1
417428, 3
315316, 3
640848, 3
12701, 3
107734, 3
105415, 3
480457, 3
122319, 3
451924, 3
613813, 3
463691, 3
73726, 3
85892, 1
453225, 3
652693, 3
590954, 3
231192, 3
570480, 3
172395, 3
278241, 3
478506, 3
208193, 3
262873, 3
651484, 3
261193, 3
508562, 3
468872, 3
78761, 3
454345, 3
622, 3
637781, 3
152899, 3
630331, 3
154000, 3
611990, 3
370124, 3
192860, 3
412593, 3
5977, 3
212578, 3
26619, 3
547863, 3
224357, 3
512722, 3
187427, 3
270126, 3
196891, 3
241285, 3
584723, 1
528145, 3
446516, 3
362936, 1
326678, 3
277974, 3
424777, 3
175930, 3
414584, 3
24323, 3
632017, 2
336041, 3
664743, 3
477248, 3
387512, 3
644760, 3
487438, 2
177636, 2
96521, 3
378261, 3
285079, 3
54665, 3
416867, 3
323738, 3
309871, 3
503168, 3
572410, 3
571901, 3
613937, 3
84969, 3
295432, 3
654148, 3
360176, 3
598390, 3
483041, 3
48347, 3
133050, 3
253879, 3
49129, 3
624306, 3
291324, 3
661478, 3
601735, 3
533048, 3
395249, 3
319394, 3
232296, 3
277900, 3
661512, 3
497724, 3
621146, 3
440598, 3
598030, 3
21717, 3
542448, 3
372731, 3
281964, 3
148108, 3
330005, 3
579332, 3
397883, 3
265706, 1
261054, 3
500727, 3
629084, 3
397588, 3
129724, 3
375662, 3
408949, 3
487936, 3
236471, 3
301542, 1
517545, 3
264068, 3
439431, 3
626836, 1
142550, 3
54945, 3
139773, 3
171308, 3
156281, 3
456779, 3
398299, 3
530292, 2
86511, 3
372617, 3
105550, 3
651959, 3
590532, 3
295782, 3
482634, 3
474346, 2
504762, 3
572453, 2
635902, 3
662440, 3
341204, 3
390705, 3
203224, 3
543163, 3
260355, 3
503803, 3
526051, 3
371487, 3
357700, 3
98433, 3
312675, 3
315979, 3
535453, 3
4503, 3
215545, 3
397378, 3
151373, 1
9159, 3
431327, 3
448347, 3
412373, 3
570342, 3
582488, 2
637665, 3
206737, 3
525578, 3
497060, 3
330668, 3
567885, 3
56721, 3
517651, 3
14863, 3
549812, 3
642834, 3
145589, 3
592453, 3
50009, 3
280636, 3
583212, 3
209910, 3
507894, 3
7820, 3
144791, 3
561250, 2
242674, 3
257380, 3
249679, 3
615801, 3
92248, 3
622971, 3
649877, 3
407233, 3
567479, 3
508174, 3
449447, 3
376292, 3
196539, 3
189722, 3
29395, 3
654484, 3
134829, 3
311164, 3
451272, 2
140960, 3
93110, 3
510453, 3
297222, 3
76214, 3
625358, 3
209945, 3
25164, 3
451691, 3
515072, 3
20845, 3
409270, 3
383226, 3
632237, 3
498197, 3
360688, 3
597102, 3
624507, 3
660771, 2
23407, 3
142057, 3
289881, 3
373893, 3
580850, 2
321986, 3
343783, 3
166091, 3
79092, 3
178043, 3
95136, 3
58997, 2
538853, 3
498659, 3
176245, 3
114973, 3
256166, 3
607197, 3
611626, 3
531736, 3
210703, 3
510110, 3
100273, 3
612196, 3
561017, 3
187960, 3
523657, 3
269555, 3
564665, 2
590811, 3
537463, 3
486364, 3
119250, 3
429755, 3
650037, 3
130652, 3
120714, 3
397405, 3
609284, 3
131529, 3
157943, 3
168321, 3
305740, 2
331134, 3
655008, 3
432181, 3
467863, 3
589197, 3
261591, 3
133615, 3
365016, 3
576747, 3
189593, 3
651181, 3
564647, 3
141412, 3
122481, 3
466331, 1
207134, 3
234180, 3
10848, 3
133518, 3
178981, 3
545409, 3
395423, 3
628410, 3
202822, 3
209396, 2
589654, 3
191020, 3
84318, 1
423840, 3
403271, 3
307051, 3
628202, 3
451842, 3
475662, 3
609061, 2
88734, 3
15992, 3
520416, 3
537279, 3
185569, 3
95946, 3
18852, 3
357126, 3
322962, 3
456041, 3
79125, 1
58373, 3
68964, 3
126694, 3
9057, 3
279947, 3
215703, 3
594245, 3
513605, 3
266163, 3
112385, 3
613884, 3
63326, 3
327219, 3
568019, 3
61552, 3
49943, 3
225554, 3
641817, 3
265220, 3
200708, 3
559033, 2
21928, 3
663161, 3
304502, 3
458457, 3
118840, 3
112477, 3
136025, 3
208213, 3
357579, 3
213753, 3
313176, 3
335472, 3
252804, 3
30570, 3
416983, 3
136463, 3
288723, 3
358653, 3
399555, 3
661380, 3
480232, 3
657423, 3
233247, 3
146556, 3
589725, 3
95243, 3
412624, 3
594160, 3
375441, 3
321792, 3
12605, 3
199370, 3
141481, 3
220710, 3
641820, 3
284549, 3
245513, 3
206133, 3
90668, 3
200264, 3
260812, 3
226115, 3
537559, 3
49518, 3
448741, 3
450206, 3
440041, 3
576071, 3
394351, 3
648580, 3
634414, 3
361469, 3
240195, 3
249798, 3
384393, 3
352500, 3
428709, 3
132577, 3
500158, 3
108377, 3
454498, 3
7288, 3
474153, 3
447579, 3
468218, 3
389120, 3
396783, 3
216431, 3
421450, 3
45478, 3
27777, 3
492099, 3
253457, 3
416090, 3
177991, 2
501065, 3
109776, 3
215260, 3
311745, 3
573671, 1
346878, 3
376643, 3
34071, 3
366462, 3
446568, 3
183331, 3
44400, 3
118362, 3
518337, 3
491262, 3
443539, 3
467679, 3
330978, 3
237092, 3
139291, 1
446487, 3
643799, 3
70189, 3
425992, 3
241325, 3
551432, 3
184629, 3
442056, 3
661784, 3
591381, 3
619763, 3
501574, 3
446545, 3
337063, 3
523831, 3
340997, 3
232535, 3
377222, 3
107446, 3
224906, 3
520326, 3
196043, 3
555495, 3
320606, 3
126619, 3
264255, 3
282525, 3
262708, 3
348272, 3
6380, 3
600350, 3
289357, 3
290932, 3
515452, 3
533649, 3
144118, 3
1448, 3
57334, 3
295489, 3
243663, 3
212552, 3
332315, 3
170043, 3
100747, 3
379419, 1
538099, 3
631893, 3
33154, 3
237458, 3
315735, 3
245385, 3
391333, 3
115881, 3
118412, 3
537063, 3
388781, 3
19059, 3
254008, 3
652557, 3
482675, 3
573203, 3
521795, 3
551200, 3
148919, 3
424675, 3
97368, 3
281527, 3
616040, 3
47561, 3
335491, 3
401695, 3
530782, 3
370875, 3
92444, 3
46758, 3
430365, 3
176129, 3
205665, 3
126494, 3
352918, 3
496845, 3
316282, 3
134518, 3
153333, 3
483302, 3
112654, 3
338523, 3
517054, 3
298669, 3
73412, 3
483308, 3
460260, 3
287520, 3
193336, 3
279937, 3
585114, 3
137956, 3
591689, 3
400391, 3
658677, 3
625332, 3
165179, 3
378491, 3
663648, 3
92993, 3
602178, 3
101794, 3
288821, 3
14189, 3
132964, 3
604609, 3
391768, 3
597386, 2
643668, 3
530635, 3
180947, 2
124989, 3
565367, 3
107491, 3
396902, 3
448416, 3
365780, 2
296253, 3
149409, 3
283693, 3
342453, 3
89695, 3
221786, 3
433555, 3
241935, 3
218933, 3
493194, 3
227287, 3
455368, 2
479497, 3
431, 3
474944, 3
410934, 3
144253, 3
205234, 3
396426, 3
451527, 3
586427, 3
377819, 3
624508, 3
242698, 3
13471, 3
116425, 3
440783, 3
146205, 3
1079, 3
250940, 3
123090, 3
332695, 3
379420, 3
610264, 3
70782, 3
275352, 3
544668, 3
461557, 3
389108, 3
549121, 3
74962, 3
287045, 3
553595, 3
597138, 3
507188, 3
166497, 3
522852, 3
131084, 3
359479, 3
577885, 3
412932, 3
655569, 3
76445, 3
110004, 3
486777, 3
482410, 3
361434, 3
31304, 3
75692, 3
494890, 2
23114, 3
459343, 3
18238, 3
518771, 3
235105, 3
100921, 3
599500, 3
586893, 2
279080, 3
527114, 3
472679, 3
556089, 3
581987, 3
601713, 3
663857, 3
212021, 3
498138, 3
282621, 3
625294, 3
645142, 3
476876, 3
598527, 3
340626, 3
227356, 3
170421, 3
98892, 3
416834, 3
172767, 3
340386, 3
641330, 3
611378, 3
77569, 3
9028, 3
91269, 3
2158, 3
448550, 3
607087, 2
339876, 3
631284, 3
338700, 3
607201, 3
133647, 3
615454, 3
220705, 3
523135, 3
67140, 3
172057, 3
656865, 3
434317, 1
404783, 3
610047, 3
330699, 3
588430, 3
419933, 3
470880, 3
398385, 3
343204, 3
436293, 3
70683, 3
646980, 3
457801, 3
73434, 2
595619, 3
118571, 3
73915, 3
289869, 3
379389, 3
373269, 3
501771, 3
659123, 3
446490, 3
124225, 3
86838, 3
189987, 3
553893, 3
350678, 3
408046, 3
564238, 2
298033, 3
93915, 3
155113, 3
72731, 3
275991, 3
221494, 3
296047, 3
141892, 3
160006, 3
638546, 3
282107, 3
219457, 3
595093, 3
626691, 3
45995, 3
185306, 3
85202, 3
361584, 3
218309, 1
37958, 3
375719, 3
245541, 3
266072, 3
230354, 3
139282, 2
642970, 3
80838, 3
277753, 3
213880, 3
655702, 3
141605, 3
388211, 3
196386, 3
470713, 3
553116, 3
265505, 3
324673, 3
402941, 3
406040, 3
276854, 3
642419, 3
85604, 3
71334, 3
379072, 3
56471, 3
75408, 3
128331, 3
262594, 3
618954, 2
308876, 3
87329, 3
380396, 2
345916, 3
548893, 3
53745, 3
433249, 3
502407, 3
296441, 3
538973, 3
611999, 3
487875, 2
279968, 3
539609, 3
498982, 3
517985, 3
287931, 3
587784, 3
273634, 3
51735, 3
628402, 3
17176, 3
364123, 3
505247, 3
643338, 3
71915, 3
387043, 2
19028, 2
261637, 3
423236, 3
259990, 3
573702, 3
466215, 3
506338, 3
106548, 3
192757, 2
264883, 3
589418, 3
126360, 3
197504, 3
351035, 3
217113, 3
249850, 3
345127, 3
473348, 3
391989, 3
586117, 3
557498, 3
285780, 3
502715, 3
413054, 3
491252, 3
644914, 3
512201, 3
509569, 3
162614, 3
440014, 2
575298, 1
498190, 2
517429, 3
160458, 3
414501, 3
522705, 3
485161, 3
601911, 3
311805, 3
122806, 3
514489, 3
433875, 3
379929, 3
106480, 3
246638, 3
331865, 3
160269, 3
96293, 3
572123, 3
355331, 2
464880, 3
554146, 3
609361, 3
339982, 3
180568, 3
250888, 3
532447, 3
605656, 3
494907, 3
358355, 3
502854, 3
462594, 3
200857, 3
196218, 3
186428, 3
300964, 3
295184, 3
228275, 3
140105, 3
432887, 3
445287, 3
506625, 3
419676, 3
342649, 3
127018, 3
528035, 2
326010, 3
247175, 3
249214, 3
616668, 3
329503, 3
598945, 3
174583, 3
289889, 3
219771, 3
318540, 3
419739, 3
142578, 3
244764, 3
575126, 3
541456, 3
627897, 3
188759, 3
297334, 3
121725, 3
641900, 3
77508, 3
185558, 3
354882, 3
521433, 3
603204, 3
441540, 3
379045, 3
249431, 3
81384, 3
589873, 3
3389, 3
358812, 3
311782, 3
345799, 3
540068, 3
67621, 3
197566, 3
42259, 3
553425, 3
192460, 3
602629, 3
522406, 3
657261, 3
35291, 2
323182, 1
115835, 3
114690, 3
315786, 3
353209, 3
632586, 3
615417, 3
46035, 3
76614, 3
502369, 3
120528, 3
266455, 3
278479, 3
370825, 3
583190, 3
557753, 3
485554, 3
331973, 3
49321, 3
293248, 3
132010, 3
233133, 3
7345, 3
426780, 3
535747, 3
364399, 3
594602, 3
356662, 3
576415, 3
342441, 3
241765, 3
232538, 3
130338, 3
248509, 3
661712, 3
42918, 3
547341, 3
431145, 3
456430, 3
206674, 2
200062, 3
273226, 3
28544, 3
625754, 3
297300, 3
574350, 1
160237, 3
358839, 3
346939, 3
520313, 3
529161, 3
486766, 3
67919, 3
640705, 3
210834, 1
200216, 2
306796, 2
518589, 3
123850, 3
618509, 3
576880, 3
292975, 3
76560, 3
305722, 2
120947, 3
636525, 3
583885, 3
6436, 3
482844, 3
347852, 2
580527, 3
147798, 3
422962, 3
126796, 3
31209, 3
217354, 3
51799, 1
302671, 2
453858, 3
620637, 3
628156, 3
222512, 3
155099, 3
437636, 3
118823, 3
506651, 3
95754, 3
211062, 3
502288, 3
625030, 3
344475, 3
424595, 3
233178, 3
476439, 3
427873, 3
164690, 3
127056, 3
519443, 3
17442, 3
593545, 3
35347, 3
517914, 3
470461, 3
320458, 3
408127, 3
549045, 3
609882, 3
26780, 3
366407, 3
565656, 3
571240, 3
253593, 2
539149, 3
468188, 3
349502, 3
67425, 3
454057, 3
302632, 3
361810, 3
605876, 3
152076, 3
196137, 3
245399, 3
416401, 3
43536, 1
448983, 3
11191, 3
221385, 3
367365, 3
460523, 3
192128, 3
428696, 3
85222, 3
545079, 3
386351, 3
376120, 3
16505, 3
8391, 3
643231, 3
641756, 3
427652, 3
161534, 3
397142, 3
63656, 3
198791, 3
524875, 3
470396, 3
515251, 3
190516, 3
615474, 3
277078, 3
537245, 3
167376, 3
349532, 3
327344, 3
109106, 3
335093, 3
69976, 3
475402, 3
626079, 3
55117, 3
198651, 3
514759, 3
590865, 3
85914, 3
354972, 3
442069, 2
318741, 1
148345, 3
442923, 3
52986, 3
79493, 3
433584, 3
341111, 3
153058, 3
407403, 3
205306, 3
586630, 3
547930, 3
348805, 3
167437, 3
658312, 3
442080, 2
484139, 3
507410, 3
510853, 3
659626, 3
358679, 3
436259, 3
373584, 3
397155, 3
439361, 3
73605, 3
104295, 3
642178, 3
136613, 3
573902, 3
330633, 3
278048, 3
444911, 3
332509, 3
165322, 3
218595, 3
327348, 3
592061, 3
440784, 3
160810, 3
347587, 3
188335, 3
458984, 3
465469, 3
661829, 3
282328, 3
23172, 3
27305, 3
20713, 3
165226, 3
218606, 3
511685, 3
297669, 3
665343, 2
270349, 3
429333, 3
97074, 3
629330, 3
249583, 3
412597, 3
452217, 2
498315, 3
469789, 3
38153, 3
389939, 3
204694, 3
545151, 3
36642, 3
299866, 3
110097, 3
664633, 3
557059, 3
90751, 3
174822, 3
548745, 3
494289, 3
413542, 3
491956, 3
508863, 3
80907, 3
547229, 3
562456, 3
169248, 3
37414, 2
99996, 3
132927, 3
462538, 3
328500, 3
338131, 3
409697, 3
40261, 3
223828, 3
257005, 3
190834, 3
485166, 3
70378, 3
240039, 3
240038, 3
92004, 3
409699, 3
186490, 3
231701, 3
554655, 3
625811, 3
418357, 3
122155, 3
480418, 3
547149, 3
180565, 3
478980, 3
454187, 3
105236, 3
653788, 3
456940, 3
572012, 3
411054, 3
424779, 3
589003, 3
12900, 3
330447, 3
66607, 3
58401, 2
214848, 3
50563, 2
181538, 3
258565, 1
410879, 3
636722, 3
558529, 3
186261, 3
605493, 3
473392, 3
362388, 3
377189, 3
593320, 3
233925, 3
493503, 3
529112, 3
122442, 3
568732, 3
252010, 3
192615, 3
53910, 3
413853, 3
82077, 3
174450, 3
359117, 3
219694, 3
63625, 3
82845, 3
609593, 3
601478, 3
436936, 3
588756, 3
24100, 3
446034, 3
435504, 2
592140, 3
55822, 3
259828, 3
593759, 3
357253, 3
43223, 3
410729, 3
349488, 3
164662, 3
426758, 3
595845, 3
73182, 3
452392, 2
3199, 3
476068, 3
5365, 3
45111, 3
383750, 3
219632, 3
570099, 3
436593, 3
257297, 3
427759, 3
126597, 3
116002, 3
240124, 3
518584, 3
624042, 3
478791, 3
306626, 3
322739, 2
400029, 3
404354, 3
401250, 3
52481, 3
358543, 3
71516, 3
536129, 3
464216, 3
608512, 3
479144, 3
527865, 3
101965, 3
444229, 3
608904, 3
182610, 2
355711, 3
585732, 3
335944, 3
456346, 3
662807, 3
456532, 3
249090, 3
63334, 3
426938, 3
489546, 3
421602, 3
353885, 3
300619, 3
139855, 3
12877, 3
380374, 3
215564, 3
202133, 3
498416, 3
47316, 3
182993, 3
455223, 3
340825, 3
573753, 1
244577, 3
285146, 3
201100, 3
85154, 3
362389, 3
434057, 3
346716, 3
238058, 3
569270, 3
502679, 2
229330, 3
157818, 3
528144, 2
310012, 3
211887, 3
657541, 3
17687, 3
88446, 3
353077, 3
128327, 3
552712, 3
519308, 3
116072, 3
654680, 3
648989, 3
457304, 3
55497, 3
156883, 3
520856, 3
513187, 3
33016, 2
433449, 3
26702, 3
39591, 3
86053, 3
561593, 3
337904, 3
617091, 3
78360, 3
268319, 3
422359, 3
97018, 3
184424, 3
408664, 3
530784, 3
212681, 3
219253, 3
105653, 3
54657, 3
637021, 3
51185, 3
96306, 3
339882, 3
164422, 3
336798, 3
646867, 3
200758, 3
176093, 3
239096, 3
495985, 3
61861, 3
431041, 3
645310, 3
317917, 3
195347, 3
583718, 3
60201, 2
46283, 3
100678, 3
317541, 3
450249, 3
287328, 3
537544, 3
493793, 3
593529, 3
506711, 3
183825, 3
444252, 3
228577, 3
75036, 3
174973, 3
233128, 3
316861, 3
56253, 3
323585, 3
132427, 3
487627, 3
135507, 2
429087, 3
444202, 3
181846, 3
530902, 2
542148, 3
246929, 3
493511, 3
178878, 3
353122, 3
50031, 3
7254, 3
371675, 3
308243, 3
14953, 3
171115, 3
64494, 3
451369, 2
26857, 3
130284, 3
619752, 3
394393, 3
442471, 3
261310, 3
162878, 3
120415, 3
492403, 3
129490, 3
166819, 3
636276, 3
568638, 3
607830, 3
378879, 3
592373, 3
267062, 3
465960, 3
135664, 3
53266, 3
438765, 3
234089, 3
360646, 3
190281, 3
438019, 3
298999, 2
502953, 3
261147, 3
362199, 3
437862, 3
650461, 3
29294, 3
446703, 3
488516, 3
269781, 3
535522, 3
237346, 3
659010, 3
249954, 3
96685, 3
566273, 3
271955, 3
418534, 3
39687, 3
106571, 3
588722, 3
621194, 3
12136, 3
92547, 3
593810, 3
461283, 3
56502, 3
306080, 3
14091, 3
29452, 3
633776, 3
20526, 3
179050, 3
355832, 2
138086, 3
417886, 3
554786, 3
270772, 3
314623, 3
230701, 3
386426, 3
625188, 3
415124, 3
330868, 3
418258, 3
396522, 3
420762, 3
425917, 3
46201, 3
448586, 3
598878, 3
508526, 3
551042, 3
322817, 3
556517, 3
4754, 3
341338, 3
43452, 3
224949, 3
566643, 2
614837, 3
272512, 3
442306, 3
604988, 3
322616, 3
436313, 3
495737, 3
472770, 3
414778, 3
415395, 3
568622, 3
110935, 3
309839, 3
298161, 3
258933, 3
414439, 3
112030, 3
467626, 3
227168, 2
175921, 3
631127, 3
527560, 3
502605, 3
427615, 3
379911, 3
244505, 3
405331, 3
513163, 3
418684, 3
197925, 3
180620, 3
183741, 3
437428, 3
249645, 3
544922, 3
555652, 3
641576, 3
200788, 3
362674, 3
307169, 3
123590, 2
69670, 3
47005, 3
372440, 3
138807, 3
368370, 3
615409, 3
149074, 3
576820, 3
529776, 3
583198, 3
188410, 3
397722, 3
512865, 3
547816, 2
43783, 2
132178, 3
57359, 3
48875, 3
569889, 3
469917, 3
310245, 3
587031, 3
136576, 3
312953, 3
311604, 3
93558, 3
241677, 3
660787, 3
151871, 3
486430, 3
386064, 3
518834, 3
558234, 3
110280, 3
467001, 2
60058, 3
476717, 3
281871, 3
31198, 3
251298, 3
320688, 3
439884, 3
478939, 3
649651, 3
287640, 3
65160, 3
194636, 3
376891, 3
370112, 3
387920, 2
67298, 3
96563, 3
130987, 2
627275, 3
381706, 3
176690, 3
203044, 3
275707, 3
563539, 3
313035, 3
91871, 3
49329, 3
222026, 3
251876, 3
562965, 3
180932, 3
455530, 3
47818, 2
114572, 3
31891, 3
56315, 3
71505, 3
401126, 3
440889, 3
412586, 3
402247, 3
244224, 3
46292, 3
55954, 3
634281, 3
424554, 3
337074, 3
525932, 3
238119, 3
640370, 3
467480, 3
348177, 3
181853, 3
640068, 3
127655, 3
330809, 3
547124, 3
115118, 3
336922, 3
294457, 3
255345, 3
70922, 3
186849, 3
353256, 3
506695, 3
46042, 3
573730, 3
230139, 2
536755, 3
279378, 3
610186, 3
283160, 3
294320, 3
339015, 3
110071, 3
489466, 3
265817, 3
283763, 3
94908, 3
265149, 3
190309, 3
287699, 3
530265, 3
511808, 3
408063, 3
176643, 3
21450, 3
297243, 3
246220, 3
180435, 2
372395, 3
98043, 3
622078, 3
472927, 3
291131, 1
252501, 3
248897, 3
498814, 3
576166, 3
155959, 3
132859, 3
77838, 3
51756, 3
238291, 3
219737, 1
289977, 3
290033, 3
109671, 3
39886, 3
649798, 3
545029, 3
140928, 3
544844, 3
475182, 3
258864, 3
312811, 1
601292, 3
115702, 3
360800, 3
407223, 3
660825, 3
103656, 3
439765, 3
353729, 3
249803, 2
182551, 2
617800, 3
621016, 3
151144, 1
145919, 3
545680, 3
88348, 3
82361, 3
634599, 3
347931, 3
353145, 3
220388, 3
595999, 2
370671, 3
598266, 3
585865, 3
157259, 3
271584, 3
369749, 3
591062, 3
614083, 3
480266, 3
470840, 3
577798, 3
194075, 3
612565, 3
660425, 3
451074, 3
177239, 3
632278, 3
386941, 3
286783, 3
440386, 3
215394, 3
569251, 3
257451, 3
434135, 3
401934, 3
540998, 3
360238, 3
556169, 3
292628, 3
139619, 3
345091, 3
207896, 3
255638, 3
54097, 3
594931, 3
185686, 1
28030, 2
409842, 3
611747, 3
315342, 3
397418, 3
341006, 3
404170, 3
632890, 2
112106, 3
380325, 3
195880, 3
609884, 3
285867, 3
594546, 3
121217, 3
564781, 3
582097, 3
642027, 3
191760, 3
336906, 3
474395, 3
639189, 3
389202, 2
434827, 3
232403, 3
535358, 3
569725, 3
278008, 3
597774, 3
567994, 3
424225, 3
350598, 3
180424, 3
392099, 3
642617, 3
559390, 3
419914, 3
167964, 3
161495, 3
133419, 3
395310, 3
592780, 3
36693, 3
239167, 3
338686, 3
553042, 3
325309, 3
503186, 3
113326, 3
136309, 3
449549, 2
234964, 3
128051, 3
372868, 3
330543, 3
98259, 3
295026, 3
307358, 3
330627, 3
394458, 3
23065, 3
231685, 3
346847, 3
99339, 3
377244, 3
169796, 3
422239, 3
217319, 3
462062, 3
91542, 3
454845, 3
331796, 3
382223, 3
72414, 3
538927, 3
162558, 3
216762, 3
503149, 3
228037, 3
98829, 3
579620, 3
297816, 3
586618, 3
613580, 3
510909, 3
350420, 3
561921, 3
297352, 3
48532, 1
1641, 3
173298, 3
306490, 3
265456, 3
537971, 3
535375, 3
224286, 3
94250, 3
636973, 3
535795, 3
591442, 3
280134, 3
141164, 1
293579, 3
613414, 3
262172, 3
564851, 3
245598, 3
191220, 3
498128, 3
365121, 3
237354, 3
223052, 3
43447, 3
624601, 3
283580, 3
270020, 3
97131, 3
422909, 3
487847, 2
437377, 3
204188, 3
324884, 3
640573, 3
1045, 3
218804, 3
310491, 3
393855, 1
400408, 3
527390, 3
664378, 3
402308, 3
370055, 3
463887, 1
480568, 3
312585, 3
64256, 3
639955, 3
270703, 3
645363, 3
387143, 3
535828, 3
646358, 3
218726, 3
567446, 3
376998, 3
376524, 3
256625, 3
161763, 3
616054, 3
611879, 3
634026, 3
209532, 3
468144, 3
484473, 3
386319, 3
360447, 3
413389, 3
173814, 3
556961, 3
362790, 3
44058, 3
639226, 3
631265, 3
536393, 3
151930, 3
274400, 3
324428, 2
533490, 3
328130, 3
205395, 3
163984, 3
476057, 3
661850, 3
403116, 3
529685, 3
423655, 3
151992, 3
218882, 3
438617, 3
361731, 3
161820, 3
554379, 3
414101, 3
82915, 3
531764, 3
133710, 3
292860, 3
577938, 3
61675, 3
2351, 3
496849, 3
487131, 3
16587, 3
200153, 3
548781, 3
153479, 3
419900, 3
33126, 3
395468, 3
357594, 3
614890, 3
97641, 3
456999, 3
116889, 3
582768, 3
10839, 3
502195, 3
163508, 3
589498, 3
191085, 3
411070, 3
575724, 3
166155, 3
368415, 3
581520, 3
67787, 3
285503, 3
84212, 3
285170, 3
503813, 3
649173, 3
333490, 3
285754, 3
247111, 3
473176, 3
479810, 1
297259, 3
520142, 3
391447, 3
324037, 3
173295, 3
574090, 3
545937, 3
545761, 3
646217, 3
418338, 3
106167, 3
69612, 3
624134, 3
626162, 3
275804, 3
617455, 3
158865, 3
651626, 3
303817, 3
61438, 3
352098, 3
145628, 3
328326, 3
410401, 3
219124, 3
432848, 3
458320, 3
614177, 3
376255, 3
92959, 3
352763, 3
396115, 3
527449, 3
385609, 3
169347, 3
383563, 3
259824, 3
107429, 3
597948, 3
110641, 3
177704, 3
412539, 3
664326, 1
86660, 3
542370, 3
130852, 3
474162, 3
550066, 3
131072, 3
598090, 3
331913, 3
66090, 3
280878, 3
238617, 3
434751, 3
155669, 3
48333, 3
314128, 3
242067, 3
302715, 3
514843, 3
71320, 3
88411, 3
29198, 3
299738, 3
222481, 3
249724, 3
308537, 3
565489, 3
493919, 3
260642, 1
230588, 3
158463, 3
343363, 3
423331, 3
1690, 3
8881, 2
663724, 3
41326, 3
234979, 3
78068, 3
268528, 3
469684, 1
35881, 2
212336, 3
429227, 2
545492, 3
444517, 3
558725, 3
270055, 3
110082, 3
294477, 3
269759, 3
566525, 2
633091, 3
410779, 3
421810, 3
498519, 3
250407, 3
120223, 3
635246, 3
401566, 3
393884, 3
137807, 3
656160, 3
526809, 3
24030, 3
177703, 3
533816, 3
630721, 3
388927, 3
10185, 3
140872, 3
275610, 3
344156, 3
340324, 3
9684, 3
70875, 2
205385, 3
297342, 3
398983, 3
287811, 3
360930, 3
92266, 3
52708, 3
106798, 3
482785, 3
420384, 3
409892, 3
409246, 3
581808, 3
95393, 2
119228, 3
506327, 3
109833, 3
629008, 2
45048, 3
413844, 3
378092, 3
388160, 3
455084, 3
240985, 3
613441, 1
146534, 3
135280, 3
43192, 3
522923, 3
500193, 3
57911, 3
164298, 3
517543, 3
440583, 3
551259, 3
196173, 3
630820, 2
331906, 3
356432, 3
255993, 3
25417, 3
235694, 3
478782, 3
179957, 3
518791, 3
27958, 3
240388, 3
159873, 3
412670, 3
320316, 3
295309, 3
87667, 3
639597, 3
425015, 3
133424, 3
543854, 3
133817, 3
31195, 3
218577, 3
143299, 3
293477, 3
532821, 3
627477, 2
24158, 3
141924, 3
346159, 3
330803, 3
496830, 3
50509, 3
555274, 3
596353, 1
95706, 3
134500, 3
127993, 3
178378, 3
325828, 3
409643, 3
134943, 3
298144, 3
60188, 3
436141, 3
315753, 3
377579, 3
307472, 3
427659, 3
641534, 3
6822, 3
48222, 3
12393, 3
277250, 3
535840, 3
210748, 3
418286, 3
363735, 3
641693, 3
233242, 3
372777, 3
73214, 3
335722, 2
375258, 3
156782, 3
431279, 3
172446, 3
203625, 3
91919, 3
31361, 3
44098, 3
253785, 3
192022, 3
633894, 3
575239, 3
7640, 3
153468, 3
72054, 3
336662, 3
454983, 3
64846, 3
375922, 3
284891, 3
562457, 3
37951, 3
410895, 3
437861, 3
398348, 3
37859, 2
656918, 3
99567, 3
455688, 3
445030, 3
188411, 3
14853, 3
287979, 3
449553, 3
424303, 3
72546, 3
350718, 3
632335, 3
373717, 3
177192, 3
658537, 3
181678, 3
56974, 3
348565, 3
176275, 3
314939, 3
456057, 3
219453, 3
599834, 3
346614, 3
614779, 3
61252, 3
656373, 3
603200, 3
405872, 3
603921, 3
84039, 3
215247, 3
605424, 3
126735, 3
217941, 3
562837, 3
533348, 3
654218, 3
624590, 3
150269, 3
8747, 3
173025, 3
357681, 3
91573, 3
180801, 3
633575, 3
376901, 3
428539, 3
181734, 3
46533, 3
372392, 3
511353, 3
277163, 3
287468, 3
27933, 3
431837, 3
505210, 3
195635, 3
515530, 3
224682, 3
625907, 3
552126, 3
506675, 3
108310, 3
449008, 3
114465, 3
170388, 3
225847, 3
337365, 3
56792, 3
53154, 3
283156, 3
346924, 3
389792, 3
23253, 3
347212, 3
120585, 3
332838, 3
135994, 3
364361, 3
538038, 3
663289, 3
41959, 3
85581, 3
221245, 3
461117, 3
204833, 3
352768, 2
172799, 3
68229, 3
477568, 3
119329, 3
534167, 3
337454, 3
400898, 3
114380, 3
34201, 3
351766, 3
184910, 3
313891, 3
323755, 3
545075, 3
326490, 3
319108, 3
112041, 3
170772, 3
478895, 1
55845, 3
550773, 3
350492, 3
99434, 3
483670, 3
345296, 3
300993, 3
443635, 3
441555, 3
193796, 3
554505, 3
648211, 3
345423, 3
473776, 3
128294, 3
31665, 2
373848, 3
566769, 3
640444, 3
213783, 3
447492, 3
18320, 3
245497, 3
300262, 3
222450, 3
629736, 3
273023, 3
363834, 3
187148, 3
123633, 3
37630, 3
604338, 3
110356, 3
465364, 3
267407, 3
410389, 3
554956, 3
486174, 3
244482, 3
66971, 3
92156, 3
91018, 3
537940, 3
486508, 3
367472, 3
162024, 3
359624, 3
221647, 3
119746, 3
538315, 3
88954, 3
424008, 3
200223, 3
375616, 3
349543, 2
365319, 3
583569, 3
124422, 3
246703, 3
248916, 3
3810, 3
254747, 3
644473, 3
412667, 3
213459, 3
642327, 3
508862, 3
405913, 3
324357, 3
453166, 3
35676, 3
575667, 3
448420, 1
189881, 3
339288, 3
154335, 3
144345, 3
281063, 3
322434, 3
171704, 3
322253, 3
403, 3
238029, 3
379661, 3
214642, 3
41678, 3
52347, 3
502017, 3
520893, 3
425931, 3
239817, 3
644991, 3
530353, 3
574977, 1
273812, 3
551279, 3
331114, 3
215316, 3
580419, 3
95105, 3
650140, 3
582600, 3
555503, 3
278485, 3
584807, 3
296606, 3
614911, 3
47655, 3
435148, 3
665282, 3
473475, 3
439110, 3
499084, 3
614776, 3
541410, 3
264269, 3
102007, 3
225632, 3
256003, 3
118143, 2
174824, 3
60957, 3
518508, 3
190639, 3
281916, 3
117007, 3
44393, 3
33348, 3
70606, 3
459119, 3
104459, 3
402863, 3
309954, 3
217686, 3
592487, 3
74386, 3
108960, 3
450051, 3
588642, 3
163579, 3
528482, 3
370837, 3
350802, 3
202912, 3
505976, 3
452426, 2
582064, 3
322946, 2
107697, 3
5489, 3
555843, 3
323276, 3
562540, 3
145475, 3
240867, 3
232473, 3
256239, 3
191815, 3
549017, 3
307072, 3
142979, 3
635563, 3
533215, 3
80072, 3
349445, 3
401681, 3
146391, 3
167128, 3
643894, 3
765, 3
64882, 3
212289, 3
37237, 3
93709, 3
414342, 3
239573, 3
59798, 2
61491, 3
477820, 3
444315, 3
219738, 3
278357, 3
381900, 3
650993, 3
303708, 3
144028, 3
407876, 3
343040, 3
500608, 3
509074, 3
21219, 3
292260, 3
640326, 3
92307, 3
347131, 3
54890, 3
491574, 3
599046, 3
594696, 3
34737, 3
446958, 3
229692, 3
611377, 3
517238, 3
311261, 3
236290, 3
117749, 3
27719, 3
557648, 3
595621, 3
330590, 3
541480, 3
106508, 2
587822, 3
506715, 3
184091, 3
354072, 3
529727, 3
540126, 3
34278, 3
427824, 3
347382, 1
134968, 3
523224, 3
4933, 3
348138, 3
428268, 3
413698, 3
320901, 3
95018, 2
128394, 3
371107, 3
31880, 3
240170, 3
291227, 3
280849, 3
147133, 3
367646, 3
224257, 3
420190, 3
612170, 3
470546, 3
537643, 3
487549, 3
338364, 3
378947, 3
778, 3
651982, 3
176793, 3
634907, 3
528486, 3
191511, 3
146296, 3
299574, 3
461639, 3
339390, 3
577147, 3
263463, 3
92535, 3
318142, 3
583060, 3
157238, 3
199962, 3
258931, 3
135758, 3
483114, 3
434315, 3
68876, 3
228329, 3
622367, 3
300984, 3
38601, 3
259764, 3
331971, 3
390492, 3
472391, 3
349011, 3
589275, 3
530, 3
57957, 3
207098, 3
141640, 3
355916, 3
329452, 3
540779, 3
298274, 3
54342, 3
78923, 3
414804, 3
464532, 3
412424, 3
354419, 3
273676, 3
409288, 3
182366, 2
351543, 3
523424, 3
632811, 3
301372, 3
264903, 3
450365, 2
192600, 3
618987, 3
180051, 3
202055, 3
519520, 3
162695, 3
569994, 3
544332, 3
571655, 2
584614, 3
75677, 3
286143, 3
222109, 3
623305, 3
41781, 3
181019, 3
642463, 3
367448, 3
612418, 2
647216, 3
396217, 3
474486, 3
28570, 3
8487, 3
650688, 3
22832, 3
326744, 3
608477, 3
619650, 3
228945, 3
266857, 3
143337, 3
588053, 3
341999, 3
352633, 3
499641, 3
158479, 3
306154, 3
644509, 3
58346, 3
514569, 3
274556, 3
66309, 3
343819, 2
569536, 2
177719, 3
370710, 3
348614, 3
272182, 3
188652, 3
631948, 3
81215, 3
326574, 3
529045, 2
250410, 3
341242, 3
35325, 3
252032, 3
430504, 3
580923, 3
232973, 2
638717, 3
508141, 3
220594, 3
131096, 3
231038, 3
284904, 3
562507, 3
351612, 3
536239, 3
528557, 3
200451, 3
53832, 3
276319, 3
472894, 3
386105, 3
586212, 1
511835, 3
28338, 3
453047, 3
387273, 3
271800, 3
524173, 2
326126, 3
657424, 3
61967, 3
185417, 3
488402, 3
154879, 3
384415, 2
478086, 3
252428, 3
601396, 3
258255, 3
48459, 3
605895, 3
546233, 3
211525, 3
504021, 3
399516, 3
177331, 3
382248, 3
312477, 3
82273, 3
288593, 3
579150, 3
294818, 3
84101, 3
349297, 3
499980, 3
656342, 3
609773, 3
478475, 3
209020, 3
239672, 3
590164, 3
475744, 3
24785, 3
193107, 3
334908, 3
494853, 3
658602, 3
656441, 3
635018, 2
340263, 1
588507, 3
499839, 3
632989, 3
568659, 3
234828, 3
403330, 3
104498, 3
537602, 3
330925, 3
310635, 3
11586, 3
42113, 1
239176, 2
76724, 3
209786, 3
365995, 3
309316, 3
122038, 3
20690, 3
116821, 3
471635, 3
606201, 3
230466, 3
165496, 3
643699, 3
298032, 3
82835, 3
242789, 3
565849, 2
582556, 3
133227, 3
320335, 3
558603, 3
179330, 3
165572, 3
532395, 1
18393, 3
498844, 3
616121, 3
281593, 3
114565, 3
602663, 3
619987, 3
531798, 3
72829, 3
439159, 3
9820, 3
146515, 3
236594, 3
131918, 3
584304, 3
287330, 3
280239, 3
324970, 3
406823, 3
412165, 3
481169, 3
300698, 3
181085, 3
577771, 3
270348, 3
6478, 3
621005, 3
506136, 3
126013, 3
453165, 3
256305, 3
308195, 3
376912, 3
42265, 3
549922, 3
644949, 3
400068, 3
49004, 3
461429, 3
415247, 3
252272, 3
192551, 3
91126, 3
105432, 3
633130, 3
575393, 3
302613, 3
225797, 3
103312, 3
164861, 3
652273, 3
469975, 3
548741, 3
551522, 3
126901, 3
497255, 3
602133, 3
617901, 3
658423, 3
509527, 3
451792, 3
313969, 3
508825, 3
408430, 3
478542, 3
55160, 3
367823, 3
365407, 3
328558, 3
418780, 3
571011, 3
92617, 3
662995, 3
319155, 3
455965, 3
483959, 3
316093, 3
95460, 3
292789, 3
419888, 3
185755, 3
399868, 3
609820, 3
481927, 3
219844, 2
46662, 3
56409, 1
158017, 3
193377, 3
47422, 3
6602, 3
21516, 3
236366, 3
502042, 3
880, 3
107621, 3
658769, 3
480535, 3
363291, 3
5094, 3
571334, 3
132913, 3
61821, 3
313980, 3
212362, 3
50119, 3
543614, 3
335158, 3
149490, 3
444815, 3
186231, 3
490930, 3
387223, 3
604610, 3
439292, 3
127395, 3
606841, 1
38374, 3
593383, 3
242579, 3
206457, 3
100480, 3
323560, 3
318658, 3
607511, 3
576476, 3
151323, 3
144942, 3
208121, 3
9198, 3
204124, 3
35727, 3
214390, 3
414683, 3
20414, 3
291926, 3
396021, 1
344631, 3
321554, 3
100456, 3
443386, 1
470153, 3
629888, 3
4852, 3
660728, 2
27378, 3
197134, 3
212962, 3
380019, 3
109488, 3
342126, 3
38042, 3
399269, 3
32754, 3
598993, 2
484290, 3
626934, 3
44535, 3
630728, 3
536579, 3
244860, 3
9481, 3
306916, 3
381775, 3
266361, 3
347703, 2
538311, 3
60535, 3
193723, 3
12792, 2
457204, 3
445120, 3
564378, 3
322975, 3
50212, 3
551952, 3
171531, 3
522680, 3
533603, 3
545009, 3
403614, 3
496909, 3
215170, 3
140720, 3
30151, 3
518825, 1
194610, 3
295729, 3
355766, 3
358740, 3
79506, 3
570738, 3
609824, 3
417915, 3
352157, 3
599290, 3
432196, 3
334936, 3
383168, 3
60669, 3
471914, 3
306999, 3
106151, 3
100679, 3
192878, 3
278073, 3
440644, 3
219496, 3
423862, 3
7569, 3
173745, 3
128629, 3
148124, 3
62532, 3
632516, 3
126620, 3
579246, 3
174405, 3
191785, 3
96368, 3
280643, 3
255567, 3
227535, 3
362625, 3
332225, 3
136700, 3
249636, 3
443793, 3
289811, 3
430438, 3
29279, 3
443443, 3
197565, 3
417580, 3
340965, 3
214897, 3
24357, 3
598869, 3
588778, 2
112894, 3
551704, 3
306192, 3
490350, 3
588708, 3
490718, 3
393647, 3
240339, 2
65417, 3
399582, 3
349228, 3
269142, 3
115896, 3
461135, 3
311984, 3
216684, 3
367825, 3
290871, 3
192873, 3
334073, 3
635664, 3
471050, 3
585052, 3
342373, 3
151510, 3
19466, 3
451774, 3
5306, 3
427844, 3
556998, 3
68537, 3
233442, 3
125181, 3
161709, 3
226611, 2
555249, 3
507329, 3
111644, 3
252283, 2
461649, 3
638474, 3
642282, 3
467015, 3
90256, 3
27168, 3
446221, 3
564801, 3
37226, 3
183742, 3
153556, 3
561966, 3
579301, 3
13954, 3
651241, 3
454243, 3
549743, 3
279901, 3
127774, 3
631010, 3
500500, 3
2546, 3
525968, 3
135819, 3
94356, 3
142564, 2
59438, 3
199138, 3
88538, 3
305141, 3
486757, 3
72644, 3
179375, 3
24668, 3
439147, 3
39707, 3
457757, 3
363600, 3
278018, 3
343184, 3
449153, 3
57219, 3
313963, 3
260941, 3
269976, 3
314301, 3
456914, 3
424620, 2
62176, 3
352929, 3
93890, 3
528332, 3
656551, 3
331731, 3
659375, 3
494887, 3
306022, 3
345399, 3
618962, 3
10617, 3
139687, 3
170093, 3
230420, 3
48905, 3
304265, 3
203535, 3
472336, 3
535278, 3
538030, 3
15326, 3
192514, 3
295737, 3
577453, 3
581195, 3
496950, 3
369727, 3
137260, 3
533294, 3
36526, 3
365395, 3
30818, 3
477054, 2
175173, 3
84043, 3
32200, 3
564741, 3
36449, 3
507957, 3
281329, 3
401361, 3
108120, 3
363294, 2
265585, 3
211981, 3
660408, 3
531219, 2
560454, 3
230621, 3
95478, 3
361498, 2
638168, 3
16295, 3
151275, 3
465807, 3
110724, 3
407486, 3
452233, 3
160785, 3
570794, 3
473929, 1
194713, 3
25535, 3
510431, 3
504859, 3
52154, 3
228863, 3
504565, 3
438620, 3
265670, 3
41405, 3
600226, 3
583812, 3
338116, 3
241256, 3
347816, 3
414693, 3
560806, 3
206303, 3
208842, 3
13146, 3
410602, 3
522848, 3
501344, 3
171499, 3
511459, 3
56891, 3
225916, 3
385599, 3
25403, 3
470281, 3
347157, 3
371536, 2
266543, 1
636652, 3
204627, 3
258002, 3
80968, 3
266727, 2
613586, 3
561776, 3
584237, 3
637613, 3
293842, 3
558074, 3
167789, 3
154316, 3
326596, 3
633660, 3
452737, 3
117340, 3
545631, 3
487042, 3
451026, 3
43328, 3
128974, 3
134542, 3
481051, 3
262920, 3
609962, 3
187674, 3
376916, 3
643559, 3
588311, 3
147607, 3
335216, 3
338078, 3
355801, 3
36194, 2
270812, 3
596145, 3
468460, 3
86806, 3
250954, 3
605346, 3
658848, 3
132611, 3
267898, 3
212357, 3
542827, 3
39155, 3
90328, 3
619452, 3
183259, 2
465047, 3
579622, 3
104032, 3
310855, 3
104886, 3
176680, 3
543551, 3
504441, 3
606735, 3
496380, 3
351446, 3
579145, 3
599490, 3
395079, 3
619878, 3
100449, 3
395520, 3
260902, 3
289442, 3
134134, 3
412011, 3
99522, 3
170239, 3
526364, 1
224009, 3
241913, 3
238806, 3
281365, 3
45652, 3
570897, 3
41293, 3
598557, 3
593037, 3
560278, 3
167174, 3
403882, 3
618561, 3
542255, 3
236802, 3
420254, 3
496937, 3
131528, 2
603404, 3
469835, 3
9573, 3
570375, 3
502519, 3
66135, 3
31333, 3
76941, 3
522842, 3
573668, 3
131541, 3
222538, 3
441395, 3
123712, 3
33756, 3
279412, 3
385222, 3
346122, 3
340963, 3
323697, 3
552970, 2
372957, 3
174117, 3
139236, 3
422944, 3
467176, 3
111176, 3
615904, 3
582830, 3
183946, 3
25611, 3
141469, 3
400712, 3
378154, 3
597985, 3
463924, 3
28875, 3
434790, 3
68138, 3
161944, 3
580215, 3
8596, 3
20860, 3
207840, 3
625776, 2
391468, 3
243202, 3
568458, 3
510503, 3
463170, 3
433305, 3
308204, 3
65349, 3
27698, 3
361887, 3
388210, 3
15333, 3
131724, 3
333056, 3
358198, 3
238531, 3
602867, 3
483145, 3
320777, 3
584512, 3
466229, 3
475204, 3
607202, 3
11418, 3
475590, 3
440778, 3
136432, 3
282333, 3
362351, 3
78112, 3
442964, 3
118414, 3
449064, 3
376748, 3
13040, 3
652541, 3
515757, 3
499246, 3
367174, 3
576021, 2
535793, 3
85703, 1
536150, 3
94838, 3
574661, 3
126157, 3
422953, 3
443517, 3
641343, 3
451, 3
25899, 3
358098, 3
354377, 3
414148, 3
100413, 3
416272, 3
391837, 3
260807, 3
69026, 3
246622, 2
224750, 3
627312, 3
57447, 3
220472, 3
665314, 2
126352, 3
643782, 3
94917, 3
248041, 3
397153, 3
221837, 3
651513, 3
85122, 3
416711, 3
353394, 2
34639, 3
153421, 3
51503, 3
228299, 3
106214, 3
171223, 3
267195, 3
440396, 3
79058, 3
609280, 3
635755, 3
280985, 3
426934, 3
626462, 3
378058, 3
179755, 3
567979, 3
649338, 3
123763, 3
528651, 2
473142, 3
206383, 3
498610, 3
348385, 3
575987, 3
608538, 3
211435, 3
477784, 3
117198, 3
367880, 3
476285, 3
629297, 3
643150, 3
128522, 3
521268, 3
441375, 3
118928, 3
415519, 3
665125, 3
497011, 3
373871, 3
481846, 2
199968, 3
126896, 3
119928, 3
330847, 3
306203, 3
567187, 3
225183, 3
610088, 3
42095, 3
601755, 3
157169, 3
191787, 2
488077, 3
75815, 3
98465, 3
568831, 3
140243, 3
514816, 3
371440, 3
212038, 3
40242, 3
46645, 3
426449, 3
316193, 3
242694, 3
650527, 3
27247, 3
614574, 3
339705, 3
251145, 2
109265, 2
170109, 3
500790, 3
536485, 3
34913, 3
314508, 3
286446, 3
562712, 3
225773, 3
427121, 3
169690, 3
388105, 3
400904, 3
471954, 3
192906, 3
289274, 3
3922, 3
494027, 3
502935, 3
190355, 3
191618, 3
458608, 3
90397, 3
318541, 3
383200, 3
53779, 3
444677, 3
565715, 3
137627, 3
200737, 3
70879, 3
510960, 3
23550, 3
17224, 3
519638, 1
513372, 3
302032, 3
90754, 3
653748, 3
294621, 3
627100, 3
602156, 3
345512, 1
206725, 3
213429, 3
464503, 3
606953, 3
366028, 3
28718, 3
173544, 3
334590, 3
175108, 3
349456, 3
258094, 3
188775, 3
315213, 3
58950, 3
222687, 3
47984, 3
572353, 3
178766, 3
644479, 3
327364, 3
662818, 3
562915, 3
166191, 3
214374, 3
249152, 3
373762, 3
331552, 3
348923, 3
428598, 3
13797, 3
22535, 3
584453, 3
208699, 3
373709, 3
334634, 3
134265, 3
343029, 3
66227, 3
159383, 3
127327, 3
316841, 3
19716, 3
149500, 3
204842, 3
86329, 3
169054, 3
293819, 3
361442, 3
194286, 3
316579, 3
306406, 3
627951, 3
231074, 3
470747, 3
284698, 3
230419, 3
572341, 3
418081, 3
195474, 3
417045, 3
497204, 1
609999, 3
208855, 3
206048, 3
389586, 3
69012, 3
596040, 3
16938, 3
518496, 2
140321, 3
472520, 3
390933, 3
38074, 3
506168, 3
518026, 3
574880, 3
573574, 3
646232, 3
630093, 3
424664, 3
3339, 3
405063, 3
578751, 3
56524, 3
227603, 3
401573, 3
151828, 3
303618, 3
652954, 3
580150, 3
201200, 3
224383, 1
97811, 3
9908, 3
146765, 3
494458, 3
298151, 3
85092, 3
225785, 3
528189, 3
52167, 3
351688, 3
204096, 3
475503, 3
40722, 3
482088, 3
67256, 3
119502, 3
347830, 3
12308, 3
641866, 3
200680, 3
81493, 3
616188, 3
223731, 3
630147, 3
543380, 3
259256, 3
609914, 3
325806, 3
166008, 3
601373, 3
462136, 3
69144, 3
238409, 3
223406, 3
331604, 3
568412, 2
282801, 3
343142, 3
323164, 3
529436, 2
186318, 3
200806, 3
169450, 3
632180, 3
81452, 3
294135, 3
206204, 3
179987, 3
177595, 3
123968, 3
132713, 3
476246, 3
934, 3
243688, 3
93933, 3
260471, 3
108557, 3
87362, 3
191307, 3
436582, 3
166146, 3
508802, 3
61474, 2
279022, 3
170364, 3
364990, 3
646857, 3
657009, 3
344389, 3
542804, 3
204393, 3
338954, 3
416696, 3
333181, 3
274799, 3
598628, 3
365174, 3
361709, 3
79678, 3
339579, 3
16507, 3
308169, 3
614649, 3
262079, 3
246244, 3
9597, 3
302781, 3
265169, 2
71279, 3
241052, 3
509328, 3
171241, 3
43205, 3
41473, 3
411831, 3
112440, 3
548473, 3
49171, 3
589144, 3
486147, 3
5744, 3
374605, 3
351235, 3
140487, 2
34858, 3
421536, 3
335122, 3
588416, 3
11267, 3
279411, 3
414456, 3
214067, 3
459595, 3
131160, 2
97499, 3
639839, 3
260480, 1
255112, 3
366281, 3
3803, 3
306884, 3
159916, 3
79808, 3
51646, 3
325025, 3
78745, 3
118837, 3
297601, 3
458981, 3
87496, 3
42489, 3
32327, 3
333897, 3
76521, 2
514341, 3
197804, 3
56450, 3
491445, 3
95986, 3
10780, 3
1870, 3
649729, 3
525001, 3
232488, 3
102131, 3
566622, 3
313598, 3
111249, 3
21608, 3
619447, 3
603290, 3
632357, 3
337925, 3
106855, 3
45615, 3
102111, 3
314861, 1
250633, 3
133253, 3
511059, 2
241613, 3
167227, 3
251727, 3
383933, 3
18067, 3
457691, 3
424546, 3
235797, 3
157405, 3
592843, 3
659623, 3
374953, 3
301278, 3
356751, 3
431644, 3
462002, 2
403625, 3
624556, 1
55388, 3
258230, 3
61370, 3
90598, 2
219491, 3
18636, 3
657693, 3
364866, 3
163331, 3
536284, 3
165367, 3
274676, 3
309301, 3
493841, 3
259733, 2
501383, 3
493901, 2
166026, 3
546314, 3
294629, 3
630460, 3
265111, 3
341991, 3
294075, 3
646998, 3
417049, 3
484927, 3
533939, 3
4866, 3
260136, 3
457064, 3
269650, 3
482606, 3
57574, 3
392865, 2
230957, 3
594504, 3
574799, 1
312550, 2
466670, 3
380543, 3
228463, 3
148222, 3
221038, 3
340582, 3
94667, 3
363858, 3
297023, 3
363383, 3
91980, 3
182930, 3
594837, 3
314021, 3
293901, 3
318949, 3
301528, 3
407956, 3
183010, 3
479535, 3
388571, 3
332212, 3
32282, 3
333398, 3
163622, 3
21748, 3
371828, 3
366173, 3
217192, 3
79532, 3
605343, 3
221130, 3
394529, 3
269661, 3
166263, 3
123837, 3
61194, 3
33242, 3
277140, 3
35240, 3
317587, 3
585708, 3
454323, 3
397054, 3
62224, 3
443166, 3
605361, 3
597302, 3
656590, 3
571873, 3
522648, 1
290329, 3
161328, 3
8715, 3
207684, 3
188214, 3
538542, 2
172162, 3
624101, 3
441989, 3
627834, 3
416117, 3
73637, 3
463775, 3
186984, 3
323619, 3
56966, 3
319377, 3
205842, 3
606313, 3
297734, 3
436117, 3
318104, 3
322290, 3
611239, 3
126181, 3
628974, 3
421872, 3
249016, 3
486333, 3
328502, 3
159926, 3
466813, 3
430862, 3
504144, 3
507582, 3
489803, 3
111682, 3
382962, 3
91230, 3
220469, 3
509027, 3
452849, 2
156257, 3
310866, 3
287732, 3
282859, 3
184058, 3
311771, 3
6114, 3
620240, 3
564860, 3
435204, 3
191388, 3
645152, 3
600719, 3
422918, 3
12508, 3
259260, 3
209257, 3
328697, 3
412724, 3
472958, 3
368535, 2
84943, 3
423578, 3
333815, 3
609670, 3
477126, 3
650657, 3
492550, 3
68347, 3
91724, 3
643994, 3
177909, 3
465558, 3
219639, 2
369066, 2
514964, 3
449726, 3
192068, 3
96654, 3
373692, 3
618115, 3
53497, 3
569254, 3
186239, 3
502335, 3
374321, 3
78170, 3
9790, 3
236924, 3
558345, 3
25093, 3
217993, 3
518460, 3
347668, 3
130547, 3
399561, 3
427268, 3
466365, 1
220438, 3
5394, 3
368838, 3
464758, 2
202407, 3
357666, 3
331669, 3
226288, 3
530056, 3
94398, 3
79479, 3
231624, 3
262408, 3
223925, 3
256514, 3
342545, 3
238211, 3
202864, 3
330773, 3
19603, 3
26523, 3
82136, 3
566761, 3
74850, 3
616103, 3
116473, 3
470719, 3
48464, 3
424640, 3
409845, 3
567511, 3
579015, 3
581670, 3
622223, 3
88632, 3
85341, 3
425158, 3
319252, 3
476308, 3
78773, 3
483267, 3
266861, 3
15617, 3
442161, 2
546084, 3
444771, 3
647233, 3
44586, 3
421650, 3
291155, 3
388739, 3
444882, 3
362303, 3
291237, 3
92037, 3
631808, 3
241347, 3
387398, 3
104809, 3
430382, 3
533370, 3
387226, 3
136461, 2
550386, 3
35113, 3
471868, 3
377407, 3
544101, 3
24169, 3
616372, 3
252650, 3
133194, 3
160736, 3
272854, 3
549406, 3
225519, 3
299067, 2
106821, 3
108024, 3
318510, 3
126071, 3
247471, 3
30744, 3
111208, 3
379540, 3
503799, 3
133558, 3
407666, 3
414557, 3
193807, 3
306615, 3
632964, 3
177919, 1
1290, 3
664205, 3
650178, 3
527848, 3
307631, 1
214219, 3
47609, 3
149597, 3
435321, 3
527441, 3
28068, 3
240495, 3
110183, 3
161550, 3
50613, 3
41313, 3
457327, 3
208474, 3
601475, 3
278419, 3
80929, 3
529945, 3
267007, 3
49138, 3
549241, 3
352760, 3
222993, 3
587077, 3
320600, 3
658936, 3
568305, 3
1210, 3
292568, 3
645905, 3
564897, 3
133620, 3
381128, 3
60240, 3
618718, 3
430880, 3
72055, 3
93284, 3
365983, 3
154893, 3
434713, 2
629464, 3
515674, 3
140954, 3
54380, 3
457363, 3
291483, 3
216908, 3
539181, 3
201191, 3
649892, 3
478764, 1
219556, 3
585705, 2
179749, 3
150948, 2
76198, 3
539161, 3
129669, 3
614736, 3
205505, 2
626483, 3
168512, 3
181267, 3
155578, 3
572061, 3
87576, 3
493594, 3
564611, 2
580927, 3
392731, 3
89565, 3
46460, 3
163630, 3
495468, 3
635788, 3
531418, 3
136253, 3
352775, 3
45127, 3
128111, 3
261093, 3
148435, 3
70841, 3
161807, 3
361695, 3
218519, 1
339627, 3
373525, 3
609056, 3
626200, 3
406640, 3
58006, 3
439549, 3
126590, 3
511609, 3
1499, 3
551348, 3
574936, 2
642608, 3
458522, 3
262728, 3
387061, 3
180624, 3
614228, 3
464053, 3
258397, 3
540242, 3
25537, 3
537748, 3
68941, 3
375377, 3
188918, 3
187979, 3
100508, 3
294498, 3
496165, 3
181258, 3
35785, 3
91999, 3
261038, 3
367274, 3
171484, 3
141, 3
481250, 3
40281, 3
133474, 3
297984, 3
67448, 3
169028, 3
33445, 2
94348, 3
537542, 3
557511, 3
242412, 3
193348, 3
342266, 3
50586, 3
286018, 3
252608, 3
40820, 3
610286, 3
28635, 3
394524, 3
409406, 3
278895, 3
308924, 3
453723, 3
258899, 3
491439, 3
165309, 3
630586, 3
528537, 3
5642, 3
182520, 2
395017, 3
179818, 3
525997, 3
63533, 3
65327, 3
238407, 3
621036, 3
646031, 3
421739, 3
42263, 3
412787, 3
428390, 2
538721, 3
309994, 3
390058, 3
236941, 3
154215, 3
605132, 3
429827, 2
407094, 3
458628, 3
49731, 3
358308, 3
313490, 3
481687, 3
3416, 3
270477, 3
645800, 3
615368, 3
349577, 3
219692, 3
584809, 3
81505, 3
125442, 2
418732, 3
532486, 3
90821, 3
483741, 3
51362, 3
447720, 3
567740, 3
333491, 3
262449, 3
595045, 3
562465, 3
343834, 3
660610, 3
227063, 3
358082, 3
302242, 3
57862, 3
60012, 3
27489, 3
288309, 3
635715, 3
24127, 3
417451, 3
497213, 3
141679, 3
327809, 3
93568, 3
357465, 3
355660, 3
302791, 3
90139, 3
227071, 3
218140, 3
284596, 3
643155, 3
250301, 3
241042, 3
619759, 3
457580, 3
101729, 2
643938, 3
239055, 3
623899, 3
655172, 3
525047, 1
572406, 3
70680, 3
633095, 3
51147, 3
571492, 3
558633, 3
533106, 3
518287, 3
43445, 3
33726, 3
155736, 3
85031, 3
29446, 3
403820, 3
65155, 3
78166, 3
312169, 3
36936, 3
514305, 3
300512, 3
655235, 3
446908, 3
35889, 3
140495, 3
521015, 3
537260, 3
544374, 3
182073, 3
449323, 3
163023, 3
642487, 3
550931, 3
366653, 3
263164, 3
299657, 3
323910, 3
299073, 3
196858, 3
360231, 3
158043, 3
159197, 3
236838, 3
156502, 3
527230, 3
428425, 3
217116, 3
468230, 3
407404, 3
230109, 3
214057, 3
38949, 3
234866, 3
259813, 3
73459, 3
637015, 3
593492, 3
236758, 3
82440, 3
130286, 3
327834, 3
169860, 3
467652, 3
530352, 1
652012, 3
80492, 3
377449, 3
638284, 3
223149, 3
148882, 3
227565, 3
349713, 3
611132, 3
363794, 3
268519, 3
610848, 3
84477, 2
90043, 2
551227, 3
389133, 3
228085, 3
423304, 3
382348, 3
635636, 3
82497, 3
485573, 2
614796, 3
60209, 3
121407, 3
61461, 3
264253, 3
61173, 3
276177, 3
506362, 3
154422, 3
665260, 3
235179, 3
612504, 3
337039, 3
529432, 3
591019, 3
632341, 3
278954, 3
87364, 3
25018, 3
168708, 3
554928, 3
161293, 3
9863, 3
476202, 3
563946, 3
169499, 3
297121, 3
596183, 3
315313, 3
565034, 3
423543, 3
570840, 2
285326, 3
154609, 3
639503, 3
508159, 3
59899, 2
539853, 3
125084, 3
91576, 3
183510, 3
45375, 3
660840, 3
530791, 2
662476, 3
489191, 3
652993, 3
648685, 3
600326, 3
245275, 3
617756, 3
29003, 3
64378, 3
398927, 3
379901, 3
278259, 1
358363, 3
538041, 3
569875, 3
579341, 3
381258, 3
370020, 3
360503, 3
508014, 3
362806, 3
174711, 3
313517, 3
370090, 3
11429, 3
522994, 3
368844, 3
268191, 3
485325, 3
272417, 3
214259, 3
7471, 3
95200, 3
290945, 3
617373, 3
41381, 2
588979, 3
511410, 3
216264, 3
217327, 3
452680, 2
345708, 3
565956, 3
241275, 3
358605, 3
374524, 3
183090, 1
389936, 3
553870, 3
444472, 3
307285, 3
332630, 3
379538, 3
639454, 3
108800, 3
494198, 3
18878, 3
488384, 3
158155, 3
38072, 3
255363, 3
331302, 3
543184, 3
285669, 3
61166, 3
652297, 3
605238, 3
466329, 3
484084, 2
615985, 3
331975, 3
586527, 2
636185, 3
77779, 3
139399, 3
448624, 3
414609, 3
421206, 3
61416, 3
366049, 3
407849, 3
470179, 3
422204, 3
104511, 3
552965, 3
379047, 3
337131, 3
196784, 2
527220, 3
375736, 3
26752, 3
322833, 3
361022, 3
140214, 3
67312, 3
239305, 3
614058, 3
536391, 3
564865, 3
407709, 3
195186, 3
660578, 3
124976, 3
522905, 3
547015, 3
383177, 3
308407, 3
314529, 3
138882, 3
628310, 1
565981, 2
564408, 3
63025, 3
516801, 3
339343, 3
26688, 3
156489, 3
273849, 3
433307, 3
37760, 2
628780, 1
617298, 3
440152, 3
597503, 3
514998, 3
152957, 3
635253, 3
15503, 3
142359, 2
520388, 3
623674, 3
521876, 3
647046, 3
43772, 3
417287, 3
166972, 3
395419, 3
70428, 3
586772, 1
582954, 3
146033, 3
384192, 3
658806, 3
564805, 3
353871, 3
611503, 3
582944, 3
500184, 2
329349, 3
161903, 3
495656, 3
521642, 3
274672, 3
74780, 3
554039, 3
102672, 3
326352, 3
187495, 3
13213, 3
518927, 3
626346, 3
99337, 3
115106, 3
495198, 3
610868, 3
362627, 3
169798, 3
659205, 3
573351, 3
663360, 3
507837, 3
49351, 3
236218, 3
331164, 3
544935, 3
101793, 3
135535, 3
191054, 3
279796, 3
282105, 3
442222, 3
91875, 3
356744, 3
173936, 2
161097, 3
273605, 3
566597, 3
400840, 3
498697, 3
92282, 3
371400, 3
478932, 3
203414, 3
269440, 3
566001, 3
44517, 3
637815, 3
509938, 3
283669, 3
488841, 3
469911, 3
76426, 3
342793, 3
46851, 3
477077, 3
509604, 3
584968, 3
539495, 3
395923, 2
261844, 3
146426, 3
488804, 3
311596, 3
580958, 3
62319, 3
147925, 3
342393, 3
542879, 3
244232, 3
280673, 3
632325, 3
160030, 3
45239, 3
406851, 3
316199, 3
259335, 3
33409, 3
413409, 3
50487, 3
53286, 3
126697, 3
583802, 3
106476, 3
575633, 3
77352, 3
329050, 3
163473, 3
578806, 3
464560, 3
266281, 3
451690, 3
177105, 3
445268, 3
409297, 3
532729, 3
164159, 3
106564, 3
567415, 3
481100, 3
375397, 3
334874, 2
461441, 3
598868, 3
525458, 3
183594, 3
476833, 3
602064, 3
110663, 3
520017, 2
456270, 3
194118, 3
590400, 3
462507, 3
433832, 3
38866, 3
152993, 3
649532, 3
585137, 3
592202, 3
550893, 3
53914, 3
472420, 3
560680, 3
154827, 3
475819, 3
273914, 3
126240, 3
69236, 3
329215, 3
287841, 3
525346, 3
271692, 3
594416, 3
165133, 3
629320, 1
379969, 3
272364, 3
176835, 3
72780, 1
210649, 3
424096, 3
140795, 3
558726, 3
271032, 3
457078, 3
198859, 3
374036, 3
602620, 3
652064, 3
199705, 3
510692, 3
420781, 3
479104, 3
161630, 3
128542, 3
158935, 3
172185, 3
549454, 3
660688, 3
468314, 3
216609, 3
19009, 3
260984, 3
310874, 3
190734, 3
418503, 3
198072, 3
101773, 3
445275, 3
553794, 3
320479, 3
205989, 3
292932, 3
403314, 3
566485, 3
302257, 3
651409, 3
90288, 3
312914, 2
482956, 3
592002, 3
467547, 3
561658, 3
435320, 3
624188, 3
374040, 3
245024, 3
49859, 3
213313, 3
334085, 3
406250, 3
493634, 3
350992, 3
166922, 3
216349, 3
341627, 3
52426, 3
96303, 3
222921, 3
1133, 3
516697, 3
545159, 3
112857, 3
155850, 3
50875, 2
561849, 3
633228, 3
314751, 3
289289, 3
249233, 3
138152, 3
201758, 3
533131, 3
22179, 3
35142, 3
613959, 2
40877, 3
582951, 3
46287, 3
464075, 3
325556, 3
228637, 3
114421, 3
618196, 3
193096, 3
459624, 3
208564, 3
130741, 2
537888, 3
132728, 3
655124, 3
384221, 3
126399, 3
210646, 3
35498, 3
63480, 3
536523, 3
246833, 3
59628, 3
63990, 3
527257, 3
301996, 2
522254, 3
542735, 3
399060, 3
257105, 3
634024, 3
423766, 3
260491, 3
135209, 3
285929, 3
599429, 3
322993, 3
380829, 3
587742, 3
336525, 3
134647, 3
630810, 3
635044, 2
217460, 3
489508, 3
56935, 3
660204, 3
465129, 3
53149, 3
536609, 3
521775, 3
552795, 3
56188, 3
140367, 3
612944, 3
352761, 3
624917, 3
414871, 3
102266, 3
514368, 3
150041, 3
633422, 3
493738, 3
529130, 3
576150, 3
384666, 3
344055, 1
655193, 3
492874, 3
397083, 3
87683, 3
628031, 3
62230, 3
664285, 2
660515, 3
236724, 3
23567, 3
189812, 3
153453, 3
141254, 3
244989, 3
552512, 3
4320, 2
526955, 3
109872, 3
350345, 3
232806, 3
326412, 3
183530, 3
3554, 3
605669, 3
651811, 3
506541, 3
349695, 3
655669, 2
199007, 2
79610, 3
62905, 3
76080, 3
621406, 3
35749, 3
506874, 3
228791, 3
169039, 3
467573, 3
54979, 3
566639, 3
498954, 3
215557, 3
607841, 3
180382, 3
307824, 3
142174, 2
97681, 3
108491, 3
522104, 3
21839, 3
273818, 3
432318, 3
209968, 3
636705, 3
643065, 3
512266, 3
110372, 3
504978, 3
44653, 3
333249, 1
15236, 3
327293, 3
367109, 3
565997, 3
343946, 3
467597, 3
531588, 2
340190, 3
108982, 3
521681, 3
68477, 3
3618, 3
219711, 3
533001, 3
432099, 3
182352, 2
94644, 3
128006, 3
372254, 3
222927, 3
422524, 3
224712, 3
425298, 3
25357, 3
442908, 3
660983, 3
97422, 3
526615, 1
87603, 3
571429, 3
602280, 3
592289, 3
228722, 3
23669, 3
49304, 3
442557, 3
399835, 3
210462, 3
14358, 3
589524, 3
492472, 3
634393, 3
386401, 3
300938, 3
467056, 3
379274, 3
502383, 3
385591, 3
99682, 3
645236, 3
58008, 3
279982, 3
382868, 3
515316, 3
361188, 3
27705, 3
434371, 3
256997, 3
136564, 3
522176, 3
435903, 3
564854, 3
566024, 3
606216, 3
601291, 3
321781, 3
539949, 3
477393, 3
47103, 3
620874, 3
121074, 3
97790, 3
369097, 3
464762, 3
82963, 3
363387, 3
328603, 3
190756, 3
491378, 3
571590, 3
630033, 3
12273, 3
178816, 3
344327, 3
643224, 3
407767, 3
348017, 3
125954, 3
291897, 3
544429, 3
507900, 3
393906, 3
569663, 3
60330, 1
158418, 3
370765, 3
372881, 3
131526, 3
301874, 3
353594, 3
444380, 3
475449, 3
253647, 1
321486, 2
143952, 3
479911, 3
538313, 3
289667, 3
249572, 3
443495, 3
70213, 3
462697, 3
368912, 3
641584, 3
486759, 3
501931, 3
246198, 3
287161, 3
433702, 2
596508, 3
561567, 3
333107, 3
103504, 3
214379, 3
574671, 3
665227, 3
127996, 3
214199, 3
636274, 3
280073, 3
146165, 3
534137, 3
612032, 3
612952, 3
375829, 3
113373, 3
264422, 3
5478, 3
364441, 3
663471, 3
627860, 1
356444, 3
584449, 3
466049, 3
41012, 3
510630, 3
471243, 3
381728, 3
145741, 3
530979, 3
487567, 3
323435, 3
304001, 3
566893, 3
317956, 3
206703, 2
439900, 3
324496, 3
271912, 3
409870, 3
444547, 3
196680, 3
202623, 3
503974, 3
51279, 3
305371, 3
269247, 3
284136, 3
332157, 3
247336, 3
286537, 3
277746, 3
225667, 3
139715, 3
25762, 3
394016, 3
352616, 3
593145, 3
414485, 3
100302, 3
21534, 3
385713, 3
550602, 3
306641, 3
595716, 3
79421, 3
6270, 3
238261, 3
469768, 3
543906, 3
502846, 3
98924, 3
470926, 3
19616, 3
72034, 3
303771, 2
195777, 3
538264, 3
316737, 3
339694, 3
11193, 3
564266, 2
200844, 3
448901, 3
341544, 3
605825, 3
278547, 3
240705, 3
644511, 3
207261, 3
647041, 3
163015, 3
581158, 3
548145, 3
637639, 3
412516, 3
636328, 3
533514, 3
513349, 3
276687, 3
33824, 3
106802, 3
230486, 3
639088, 3
223818, 3
250331, 3
305240, 3
296981, 3
241112, 3
541862, 3
28467, 3
473384, 3
645269, 3
664357, 3
189929, 3
61613, 3
69867, 3
97591, 3
127821, 3
340955, 1
151110, 3
503938, 3
244005, 3
549506, 3
654619, 3
164009, 3
202437, 3
365323, 3
482285, 3
116872, 3
509658, 3
546444, 3
585358, 3
292799, 3
473643, 3
192917, 2
492464, 3
125415, 3
289847, 3
414794, 3
537525, 3
343797, 3
145778, 3
410680, 3
557629, 3
316353, 3
317583, 3
386220, 3
585447, 3
170377, 3
112229, 3
173726, 3
502847, 3
132887, 3
513347, 3
483434, 3
629458, 3
625297, 3
633286, 3
73088, 3
538646, 3
308917, 3
431246, 3
340563, 3
87851, 3
243680, 3
39652, 3
435003, 3
514969, 2
129315, 3
427681, 3
44463, 3
604149, 1
160638, 2
599675, 3
364571, 3
260512, 3
407814, 3
459388, 3
202688, 3
375730, 3
82853, 3
265223, 3
228345, 3
284847, 3
92272, 3
185176, 3
217154, 3
62552, 3
328954, 3
371116, 3
636610, 3
173375, 3
591889, 3
7841, 3
223558, 3
376464, 3
302931, 3
619237, 3
602165, 3
262088, 3
136145, 1
657435, 3
208282, 3
44500, 3
415365, 3
498983, 3
425558, 3
223642, 3
269853, 3
107807, 3
222573, 2
114553, 3
212452, 3
585466, 3
298102, 3
173239, 3
409165, 3
586458, 3
206069, 3
513138, 3
515246, 3
550294, 3
501559, 3
518062, 1
198304, 3
314344, 3
332944, 3
410241, 3
91485, 3
546954, 3
139939, 3
283430, 3
400543, 3
234710, 3
638707, 3
140489, 2
521364, 3
376999, 3
444569, 3
185815, 3
89767, 3
182724, 3
168845, 3
582888, 3
557779, 3
169391, 3
77344, 3
570814, 3
277964, 3
309751, 3
229693, 3
550315, 3
114381, 3
21521, 3
412552, 3
290037, 3
265297, 3
318634, 3
459284, 3
566663, 3
634666, 3
147653, 3
309876, 3
407832, 3
251778, 3
148451, 3
576528, 3
239323, 3
221174, 3
159855, 3
481845, 3
14112, 3
139405, 3
269657, 3
408402, 3
273460, 3
512729, 3
602114, 3
391686, 3
318366, 3
491954, 3
392114, 2
76984, 3
446966, 3
308223, 3
451557, 2
158176, 3
380138, 3
189633, 3
618539, 3
475914, 3
569122, 3
586035, 3
241386, 3
434441, 3
241038, 3
48131, 3
215353, 3
360085, 3
650130, 3
150405, 3
500935, 3
419383, 3
474262, 3
483250, 3
601841, 3
225708, 3
197657, 3
142285, 3
327740, 3
256497, 3
286779, 3
72685, 3
35274, 3
445340, 3
364099, 3
187046, 3
51519, 3
163591, 3
605640, 3
202510, 3
195292, 3
245292, 3
547261, 3
117446, 3
272685, 3
72235, 3
280648, 3
421016, 3
136195, 3
497029, 3
661119, 1
435319, 3
257926, 3
2782, 3
633343, 3
135086, 3
47975, 3
388127, 3
324562, 3
345113, 3
72870, 3
7734, 3
624001, 3
266246, 3
171973, 3
405047, 3
277945, 3
148162, 3
444201, 3
109663, 3
503164, 3
488521, 3
240876, 3
97022, 3
243035, 3
360321, 3
286996, 3
213407, 3
75955, 3
504706, 3
593715, 3
131248, 2
513092, 3
542192, 3
25014, 3
187971, 3
551829, 3
393100, 3
297631, 3
91840, 3
490375, 3
187887, 3
616126, 2
425215, 3
334206, 3
88853, 3
244222, 3
495841, 3
478708, 3
373997, 3
343195, 3
315514, 3
612131, 3
395685, 3
130712, 3
616341, 3
515183, 3
53319, 3
556745, 3
170586, 3
78266, 2
391018, 3
78465, 3
572257, 3
226736, 3
544317, 3
75067, 3
233338, 3
148216, 3
601956, 3
131979, 3
643963, 3
473467, 3
558016, 3
456148, 3
651290, 3
555402, 3
369755, 3
82534, 3
250899, 3
539760, 3
462522, 3
5622, 3
543479, 3
274267, 3
659108, 3
584639, 3
465520, 3
7362, 3
177414, 3
56608, 3
266219, 3
355271, 3
126508, 3
440412, 3
77959, 3
543725, 3
394850, 1
575207, 3
586732, 3
100065, 3
28871, 3
416261, 3
383121, 3
269276, 3
459580, 3
479938, 3
263393, 3
607295, 3
201001, 3
205981, 3
635235, 3
441434, 3
291383, 3
156721, 3
27927, 3
622153, 3
387801, 3
130079, 3
145268, 3
317901, 3
524600, 2
328602, 3
504585, 3
273155, 3
578556, 3
5490, 3
513716, 3
595392, 3
649011, 3
307841, 3
217105, 3
499065, 3
273286, 3
611203, 3
466417, 3
501657, 3
330373, 3
587280, 3
646165, 3
478603, 3
564899, 2
261980, 3
335858, 3
28029, 3
253838, 3
367332, 3
217171, 3
490443, 3
52761, 3
534411, 3
177782, 3
24255, 3
144403, 3
421033, 3
349359, 3
249100, 3
192219, 3
510033, 3
477169, 3
156396, 3
605447, 2
543798, 3
75278, 3
178368, 3
321823, 3
250522, 3
147299, 3
252471, 3
184726, 3
146291, 3
180159, 3
232907, 3
37466, 3
592426, 3
270413, 3
356115, 3
589175, 3
471152, 3
490138, 3
510938, 3
649578, 3
73859, 3
381357, 3
247733, 3
437013, 3
154370, 3
627137, 3
91691, 1
628343, 2
656468, 3
574177, 3
215660, 3
150068, 3
459605, 3
202528, 3
160465, 3
106009, 3
386536, 3
49912, 1
474174, 3
70980, 3
210886, 3
549221, 3
374576, 3
291616, 2
576607, 3
42195, 1
335800, 3
636294, 3
527992, 3
612342, 2
411295, 3
70060, 3
419096, 3
11504, 3
661912, 3
545951, 3
589434, 3
116247, 2
639945, 3
320150, 3
562329, 3
119471, 2
375988, 3
269620, 3
101200, 3
609408, 3
577259, 3
292319, 3
189501, 3
51719, 1
592321, 3
514035, 3
531750, 1
266541, 3
198270, 3
169665, 3
367323, 3
322094, 3
488106, 3
621937, 3
27815, 3
201767, 3
574344, 3
126762, 3
281221, 3
431136, 3
1270, 3
495270, 3
60704, 3
61343, 3
113841, 3
154885, 3
344006, 3
94050, 3
217769, 3
534841, 3
46552, 3
555593, 3
99624, 3
447512, 3
403559, 3
116353, 3
403790, 3
322190, 3
107240, 3
339140, 3
169756, 3
447338, 3
208787, 1
355554, 3
279478, 3
336495, 3
572808, 3
354534, 3
28960, 3
50279, 3
637485, 3
569458, 3
267510, 3
370106, 3
637862, 3
288897, 3
651616, 3
464553, 3
521524, 3
117952, 3
243915, 3
83551, 2
146676, 3
404136, 3
255186, 3
366941, 3
349492, 3
229758, 3
653493, 3
26924, 3
637844, 3
49490, 3
4596, 3
250099, 3
40817, 3
6731, 3
596177, 3
528681, 3
51496, 3
297759, 3
22592, 3
401656, 3
451213, 3
465905, 3
540009, 3
155504, 3
184375, 3
174224, 3
105934, 3
454365, 3
516234, 3
421901, 3
633097, 3
402695, 3
517012, 3
564461, 3
65603, 3
515129, 3
90336, 3
574795, 2
243527, 3
561580, 3
359182, 3
352861, 3
191822, 1
350374, 3
68767, 3
522108, 3
206421, 3
248398, 3
425888, 3
117172, 3
648183, 3
72070, 1
388004, 3
118912, 3
13381, 2
500907, 3
517878, 3
41773, 3
326707, 3
177715, 3
622720, 3
500043, 3
391500, 3
163218, 3
313802, 3
157239, 3
575220, 3
333309, 3
565622, 2
437819, 3
12169, 3
101631, 3
224802, 3
566147, 3
628213, 1
442891, 3
287636, 3
663074, 2
464135, 3
20245, 3
535922, 3
207856, 3
574224, 3
111537, 3
418514, 3
272590, 3
246039, 3
204368, 3
223381, 3
58404, 3
128500, 3
406031, 3
473293, 3
202025, 3
525933, 3
546517, 3
614978, 3
605937, 3
411725, 3
11783, 3
662066, 3
577583, 3
455531, 3
339591, 3
76653, 2
473671, 3
579230, 3
319647, 3
15182, 3
308507, 3
65940, 3
266166, 3
207561, 1
349369, 3
3015, 3
306377, 3
523479, 3
452002, 3
94039, 3
650348, 2
295682, 3
567926, 3
30851, 3
483782, 3
408453, 2
34284, 3
139778, 3
31032, 3
14687, 3
318855, 3
70259, 3
119985, 3
107585, 3
511245, 3
65094, 3
363201, 3
300882, 3
126309, 3
138171, 3
439994, 3
36997, 3
303114, 3
321856, 3
421334, 3
113237, 3
167565, 3
472401, 1
441659, 3
564019, 3
477278, 3
182843, 2
285429, 3
336096, 3
397885, 3
505861, 3
511598, 3
363929, 3
461939, 3
470072, 3
559955, 3
400110, 3
60407, 3
363015, 3
308096, 3
79237, 3
32755, 3
283072, 3
507169, 3
410663, 3
14016, 3
274642, 3
275237, 3
542377, 3
361820, 3
38617, 3
99634, 3
303912, 3
262894, 3
272735, 3
56051, 3
202841, 3
303474, 3
277831, 3
663800, 3
328652, 3
509113, 3
370223, 3
115159, 3
558804, 3
270372, 3
150630, 3
150359, 2
215888, 3
71450, 3
402701, 3
40860, 3
245692, 3
526315, 3
116707, 3
65975, 3
235568, 1
544440, 3
335883, 3
145484, 3
465289, 3
460358, 3
380334, 3
575779, 3
98058, 3
623842, 3
85113, 3
165678, 3
309170, 3
471267, 3
278144, 3
169643, 3
5719, 3
459713, 3
152161, 3
196534, 3
627052, 3
397445, 3
56520, 3
420914, 3
351962, 3
241075, 3
21836, 3
153797, 3
12053, 3
21164, 3
82395, 3
28264, 3
371216, 3
512330, 3
437286, 3
88071, 3
86763, 3
226800, 3
336715, 3
343926, 3
468210, 3
487592, 3
196596, 3
380715, 3
619168, 3
426759, 3
618574, 3
120512, 3
354054, 2
131477, 3
227606, 3
213, 3
167960, 3
662259, 3
328553, 3
141038, 3
386358, 1
591427, 3
381407, 3
302034, 3
461360, 2
8839, 3
87345, 3
367669, 3
115893, 3
180465, 3
173630, 3
317135, 3
444693, 3
572022, 3
155416, 3
430154, 3
95043, 3
586815, 3
43919, 3
636803, 3
336652, 3
25030, 3
135777, 3
407052, 3
516632, 3
664444, 3
33870, 3
309384, 3
17782, 3
500339, 3
86615, 3
414819, 3
580860, 3
579763, 3
176854, 3
578828, 3
350338, 3
565616, 3
642407, 3
41097, 3
601413, 3
214799, 3
117891, 3
389555, 3
419003, 3
437907, 3
339362, 2
510474, 3
296601, 3
553237, 3
402771, 2
470170, 3
461867, 3
443546, 1
77572, 3
413704, 3
219004, 3
479039, 3
100906, 3
474900, 3
342090, 3
5009, 3
321103, 3
354498, 3
292584, 3
503569, 3
455145, 3
363378, 3
438724, 3
45354, 3
69402, 3
54274, 3
441803, 3
368972, 3
86456, 3
654739, 3
160195, 3
278719, 3
565383, 2
402418, 3
501475, 3
30899, 3
626607, 3
478429, 3
303201, 3
553554, 3
474417, 3
35416, 3
167937, 3
536561, 3
50914, 1
438905, 3
518710, 3
210010, 2
419344, 3
98900, 3
252705, 3
470391, 2
496966, 3
462618, 3
594617, 3
625465, 3
64012, 3
472560, 3
76749, 3
601599, 3
420369, 3
233111, 3
546633, 3
423235, 3
412380, 3
437113, 3
148311, 3
547579, 3
188692, 3
30986, 3
640974, 3
358984, 3
156485, 3
142214, 3
538821, 3
613003, 3
337347, 3
374678, 3
340507, 3
367250, 3
167662, 3
142946, 3
178483, 3
330577, 3
377618, 3
395946, 3
655454, 3
67554, 3
204948, 3
9918, 3
426262, 3
464697, 3
425887, 3
651894, 3
114511, 3
490290, 3
241498, 3
510583, 3
417410, 3
402317, 3
583057, 3
588442, 3
443820, 3
493791, 3
313034, 3
223844, 3
545221, 3
182135, 2
311871, 3
331319, 3
71951, 3
63887, 3
341384, 3
8533, 3
44978, 3
328068, 3
642214, 3
240279, 3
138222, 3
165624, 3
458239, 3
197917, 3
370685, 3
230542, 3
447652, 3
127415, 3
28194, 3
401861, 3
535556, 3
62333, 3
14894, 3
285781, 3
500594, 3
361475, 3
496856, 3
596057, 3
511601, 3
462237, 3
535492, 3
565339, 3
281488, 3
499269, 3
565513, 3
472872, 3
598546, 3
283042, 3
47225, 3
80837, 3
193514, 3
125859, 3
322922, 2
208321, 1
570285, 3
505990, 3
308404, 3
473035, 3
310482, 3
548669, 3
213764, 3
125197, 3
89431, 1
236609, 3
502766, 3
599744, 3
382337, 3
152621, 3
23396, 3
86521, 3
529460, 3
612458, 3
372846, 3
557048, 3
594589, 3
354536, 3
64871, 3
179331, 3
589649, 3
564321, 3
466105, 3
33053, 2
287935, 3
228773, 2
588685, 3
156875, 3
157007, 3
254203, 3
581210, 3
550198, 3
33530, 3
420390, 3
381441, 3
35314, 3
579077, 3
285331, 3
43805, 3
570501, 3
315756, 3
321379, 3
396069, 3
154645, 3
631369, 3
554553, 3
119748, 3
507246, 3
171950, 3
242334, 3
834, 3
614846, 3
585686, 3
106608, 3
148185, 3
122679, 3
197598, 3
230038, 3
586386, 3
649809, 3
506154, 3
331395, 3
388098, 3
27566, 3
536255, 3
87275, 3
352284, 3
69632, 3
12541, 3
607853, 3
399037, 3
179931, 3
228681, 3
609853, 3
471495, 3
424173, 3
658230, 3
367683, 3
329821, 3
266215, 3
174100, 3
370119, 3
580903, 3
89847, 3
348889, 3
74367, 3
23546, 3
51741, 3
613671, 3
550361, 3
119854, 3
596077, 3
269879, 3
516167, 3
199685, 3
555807, 3
515543, 3
119001, 3
609845, 3
164836, 3
577338, 2
72930, 3
505538, 3
292030, 3
217882, 3
318564, 3
211891, 3
424920, 3
89268, 2
501784, 3
40339, 3
185332, 3
180242, 3
532028, 3
552527, 3
468362, 3
462946, 3
312432, 3
299760, 3
351534, 3
631075, 3
47107, 3
233940, 3
116024, 3
474121, 3
20576, 1
454447, 3
189498, 2
571799, 3
456072, 3
273588, 3
168251, 3
354048, 3
343542, 3
663755, 3
447553, 3
293060, 3
251425, 3
162975, 3
597152, 3
465602, 3
646725, 3
525151, 3
344591, 1
345772, 3
150131, 3
645490, 3
407041, 3
388949, 3
269799, 3
391213, 3
560376, 3
643359, 3
17189, 3
198827, 3
472322, 3
60458, 3
616721, 3
432951, 3
604536, 1
464351, 3
348970, 3
529921, 3
423549, 3
80393, 3
483133, 3
121367, 2
165615, 3
98522, 3
262066, 3
148068, 3
511585, 3
608438, 3
205310, 3
422095, 3
475136, 3
412761, 3
426662, 3
450636, 3
387006, 3
226426, 3
53597, 3
336098, 3
198916, 3
357367, 3
253488, 2
40046, 3
450683, 3
17655, 3
168300, 3
12285, 3
331294, 3
244067, 3
257125, 3
103173, 3
516546, 3
78217, 3
65974, 3
53025, 3
337056, 3
465749, 3
451336, 3
83135, 3
92700, 3
387555, 3
467558, 3
167597, 3
38474, 3
596018, 3
168575, 3
591422, 3
253306, 3
43466, 3
443935, 3
224657, 3
577323, 3
48138, 3
64598, 3
572687, 3
573628, 3
612858, 3
328387, 3
182806, 3
384167, 3
647224, 3
527539, 3
363793, 3
607039, 3
129733, 3
452241, 3
548704, 3
120364, 3
238104, 3
132073, 3
609207, 3
236044, 3
302230, 3
447408, 3
579251, 3
520269, 3
172521, 3
513616, 3
107785, 3
604183, 3
367620, 3
215157, 3
493462, 3
618763, 2
464231, 3
580137, 3
614625, 3
649665, 3
425306, 2
342285, 3
554360, 3
116765, 3
234717, 3
396619, 3
161988, 3
180477, 2
656767, 3
595888, 3
418800, 3
646417, 3
25047, 3
637200, 3
72713, 3
110779, 3
531258, 3
574324, 3
500819, 2
14061, 3
175351, 3
501801, 3
646006, 1
479316, 3
510099, 3
160259, 3
492916, 3
145701, 3
636193, 3
352894, 3
168892, 3
303726, 3
651221, 3
188256, 3
119093, 3
431934, 3
582706, 3
567491, 3
60339, 3
617252, 3
631262, 3
603629, 1
171087, 3
115501, 3
11649, 3
410712, 3
411567, 3
203845, 3
493129, 3
130950, 3
619620, 3
223522, 3
156427, 3
30058, 2
502664, 3
548903, 3
407882, 2
633512, 3
198025, 3
257758, 3
205196, 3
100969, 3
114658, 3
159589, 3
159707, 3
387219, 3
215205, 3
297230, 3
22479, 3
499917, 3
348734, 3
189046, 3
143604, 3
163862, 3
167237, 3
172640, 3
85664, 3
287147, 3
657770, 2
546253, 3
607292, 3
215446, 3
151685, 3
164707, 3
524094, 2
39555, 3
584806, 3
13306, 3
135463, 3
26328, 3
397402, 3
147406, 3
146940, 3
478175, 3
307337, 3
275815, 3
653046, 3
73792, 3
418427, 3
194924, 3
203630, 3
444041, 3
254617, 2
115029, 3
376091, 3
448380, 3
263856, 1
444300, 3
205470, 3
135632, 3
639192, 3
650571, 3
522776, 3
241126, 3
551343, 3
47857, 3
78392, 3
493091, 3
410580, 3
493427, 3
535765, 3
574316, 3
183108, 3
291713, 3
639154, 3
274862, 3
366249, 3
177600, 3
233390, 3
650196, 3
64507, 3
56844, 3
411950, 3
486496, 3
375463, 3
224071, 3
5517, 3
635904, 3
231270, 3
312697, 3
485522, 3
67380, 3
658925, 3
250747, 3
460790, 2
154740, 3
605023, 1
519807, 3
363733, 3
604001, 3
193224, 3
530947, 3
622711, 3
125610, 3
234385, 3
293265, 3
215451, 3
80062, 3
449723, 2
563874, 2
273197, 3
538887, 3
231823, 3
164864, 3
656876, 3
11395, 3
590375, 3
103752, 3
344729, 3
644762, 3
370363, 3
45173, 3
220719, 3
73173, 3
540306, 3
35887, 3
363318, 2
86031, 3
399634, 3
573787, 3
556731, 2
417225, 3
264158, 3
635756, 3
485786, 3
93377, 3
214033, 3
100396, 3
428687, 3
572872, 3
254886, 3
278808, 3
369735, 3
448481, 3
313773, 3
576414, 3
331436, 3
359501, 3
273870, 3
43615, 2
36193, 2
339479, 3
66948, 3
456861, 3
172682, 3
508398, 3
500899, 3
529544, 3
224692, 3
549492, 3
80878, 3
453571, 3
48340, 3
587998, 3
457509, 3
211753, 3
394877, 3
417020, 3
92927, 3
42570, 3
626802, 3
97726, 3
521516, 1
356836, 2
74331, 2
489700, 3
161974, 3
15974, 3
209408, 3
583513, 3
429985, 3
235509, 3
310037, 3
628327, 3
426065, 3
583662, 3
168412, 3
13431, 3
632746, 3
79195, 3
275523, 2
155806, 3
638529, 3
499229, 3
533125, 3
428966, 3
344811, 3
80422, 3
653577, 3
365836, 3
504815, 3
216406, 3
143156, 3
388206, 1
458265, 3
559018, 3
72305, 2
507035, 3
361938, 2
443292, 3
270977, 3
235856, 3
236886, 3
528157, 3
9510, 3
262514, 3
472216, 3
135295, 3
460280, 3
195600, 3
150935, 3
129291, 2
468105, 3
458506, 3
421344, 3
29970, 3
144827, 3
154931, 3
292671, 3
366511, 1
44963, 3
640248, 3
134954, 3
334270, 3
24205, 3
473064, 3
426364, 3
36385, 1
383439, 3
21931, 3
332325, 3
477991, 3
53018, 3
524358, 3
511223, 3
471523, 3
222551, 2
341568, 3
150052, 3
534008, 3
223388, 3
105040, 3
559705, 3
158727, 3
631899, 3
147903, 3
417752, 3
83584, 3
71944, 3
366940, 3
180285, 3
409679, 3
539017, 3
307677, 3
613155, 3
298989, 3
647967, 3
233315, 3
291319, 3
253939, 3
421327, 3
291750, 3
527488, 3
444993, 3
149216, 3
127304, 3
177324, 3
584463, 3
45344, 3
384310, 3
178424, 3
145840, 1
273320, 3
559881, 3
320422, 3
52487, 3
621658, 3
552550, 3
38740, 3
664700, 3
448681, 3
542611, 3
40132, 3
547908, 3
386609, 3
646042, 3
320572, 3
473116, 3
57237, 1
130469, 3
310598, 3
625562, 3
560935, 3
571239, 3
546549, 3
182752, 3
99262, 3
606019, 3
77617, 3
72679, 3
60013, 3
40241, 3
212611, 3
563849, 3
306817, 3
660853, 3
77064, 3
602523, 3
368362, 3
227811, 3
291583, 3
83973, 3
429005, 3
215164, 2
28110, 3
377492, 3
565408, 3
173154, 3
212372, 3
204033, 3
119439, 3
547291, 3
98827, 3
101779, 3
580482, 3
462263, 3
559593, 3
495287, 2
307763, 3
296580, 3
328372, 3
64400, 3
132548, 3
73070, 3
629334, 3
149429, 2
539419, 3
375341, 3
564889, 3
140282, 3
311304, 3
73344, 3
281788, 3
188304, 3
279487, 3
507178, 3
151929, 3
549035, 3
430397, 2
130549, 3
484621, 3
176455, 3
554127, 3
259932, 3
421215, 3
486810, 3
162820, 3
409649, 3
503401, 3
544115, 3
616983, 3
177058, 3
380854, 3
422004, 3
497912, 3
598989, 3
554625, 3
419751, 3
514695, 3
347369, 3
191443, 3
174853, 3
520926, 3
550368, 3
226605, 3
307005, 3
84642, 3
263520, 3
271020, 2
210233, 3
365425, 3
165518, 3
642038, 3
642341, 3
11947, 3
513348, 3
70755, 3
526718, 3
540943, 3
406905, 3
65776, 3
290011, 3
174697, 3
516323, 3
193729, 3
545058, 3
58472, 2
108504, 3
31797, 3
297589, 3
62158, 3
291355, 3
145688, 3
643410, 3
552954, 3
353778, 3
382564, 3
77651, 3
168958, 3
177098, 3
290491, 3
219766, 1
544730, 3
213871, 3
561132, 2
314871, 3
443325, 3
591184, 3
621185, 3
167855, 3
583576, 3
126593, 3
365418, 3
378368, 3
636486, 3
200419, 3
162690, 3
399426, 3
371124, 3
530499, 3
168666, 3
181287, 3
553236, 3
347594, 3
387774, 3
535970, 3
388064, 3
280981, 3
470643, 3
640135, 3
409704, 3
42717, 3
252118, 3
324814, 2
599472, 3
143756, 3
616611, 3
72716, 3
385906, 3
101640, 3
582497, 3
214884, 3
463841, 3
500360, 3
417499, 3
48293, 1
154017, 3
428901, 3
294116, 3
115989, 3
483619, 3
127580, 3
276115, 3
121560, 3
112014, 3
631696, 3
614509, 3
403885, 3
206078, 3
448872, 3
87922, 3
518274, 3
212960, 3
48821, 3
324572, 3
504131, 3
384967, 3
112512, 3
382837, 3
32915, 2
180906, 3
416938, 3
389448, 3
663615, 3
265697, 2
449715, 3
398862, 3
555178, 3
195811, 3
515987, 3
37357, 3
487444, 3
619998, 3
257857, 3
127900, 3
535801, 3
283625, 3
236261, 3
435902, 3
564539, 3
424979, 3
69424, 3
658193, 3
154978, 3
156085, 3
496357, 3
129938, 3
209919, 3
397778, 3
598350, 3
297031, 3
123698, 3
627056, 3
519791, 3
13964, 3
288154, 3
8127, 3
339201, 3
395216, 3
58862, 3
127749, 3
437336, 3
352030, 3
176289, 3
63443, 3
210988, 3
303696, 3
101177, 3
188974, 3
565759, 3
638117, 3
61301, 3
577663, 3
151031, 3
191163, 3
532823, 3
142955, 3
414575, 3
421272, 3
54567, 3
58127, 3
172803, 3
276848, 3
605255, 3
618567, 3
82004, 2
27098, 3
265438, 3
184036, 3
68345, 3
132164, 3
194691, 3
48579, 3
562172, 3
132880, 3
582011, 3
287966, 3
459612, 3
547394, 3
540305, 3
522298, 3
280214, 3
327298, 3
649990, 3
365981, 3
289314, 3
22410, 3
614085, 3
215901, 3
503525, 3
26114, 3
652770, 3
618632, 1
624026, 3
490545, 3
312368, 3
327176, 3
220448, 3
585365, 3
314738, 3
431375, 3
619996, 3
122773, 3
189985, 3
475188, 3
590020, 2
645824, 3
117085, 3
411416, 3
555766, 1
665302, 3
378003, 3
454842, 3
570164, 3
622148, 3
528610, 2
55120, 3
585091, 3
573554, 3
62757, 3
185566, 3
41489, 3
196758, 3
169196, 3
222122, 3
264273, 2
340426, 3
353915, 3
172657, 3
403996, 3
384272, 3
74764, 3
318849, 3
585899, 2
594469, 3
566727, 3
500376, 1
410710, 1
308310, 3
11673, 3
46491, 3
118923, 3
498786, 3
247951, 3
285546, 3
563113, 3
417536, 3
414150, 3
334507, 1
179359, 3
41948, 3
500120, 3
251028, 3
391565, 3
378626, 2
271130, 3
248423, 3
475530, 3
314270, 3
130295, 3
66114, 3
138289, 3
206209, 3
450571, 3
503349, 3
511028, 3
365084, 3
376672, 3
241393, 3
456136, 3
117366, 3
116179, 3
559260, 3
515344, 3
160142, 3
78941, 3
410076, 3
594342, 3
136785, 3
528240, 3
126609, 3
413931, 3
139443, 3
100182, 3
362847, 3
585518, 2
426435, 3
493931, 3
41558, 2
455809, 3
278320, 3
463864, 1
39725, 3
74936, 3
81980, 3
168364, 3
605205, 3
399702, 3
61280, 3
312505, 3
521081, 3
624811, 3
590360, 3
562155, 3
614240, 3
632445, 3
127094, 3
468889, 3
615490, 3
177778, 3
124711, 3
422210, 3
336507, 3
375853, 3
500830, 3
659194, 2
416826, 3
539865, 3
463608, 3
603992, 3
414428, 3
393070, 3
450308, 3
560412, 3
350278, 3
324268, 3
485606, 3
450768, 3
533077, 3
39203, 3
1606, 3
270136, 3
87447, 3
333104, 3
366775, 3
202653, 3
309672, 3
267905, 3
586103, 3
278275, 3
301387, 2
266202, 3
515221, 3
62048, 3
508063, 3
607254, 3
422460, 3
483366, 3
277154, 3
476603, 3
375850, 3
192164, 3
605094, 3
491752, 3
441532, 3
638832, 3
639381, 3
3412, 3
203819, 3
235931, 3
295161, 3
473230, 3
94786, 3
241362, 3
268936, 3
139547, 3
336666, 3
533332, 3
559976, 2
361506, 3
199571, 3
545028, 3
367380, 3
67764, 3
620360, 3
404406, 3
198965, 3
519758, 3
22512, 3
344419, 3
91341, 3
68830, 3
91968, 3
271820, 3
529639, 2
116080, 3
501447, 3
538079, 3
131014, 3
261463, 3
297010, 3
5268, 3
202489, 3
92781, 3
421394, 3
479230, 3
342838, 3
611070, 3
658550, 3
401962, 3
409906, 3
131638, 1
184164, 3
509543, 3
584314, 3
437874, 3
323913, 3
483868, 3
357721, 3
458358, 3
241900, 3
109750, 3
313632, 3
48502, 1
20573, 3
609153, 1
64886, 3
288270, 3
291332, 3
56662, 3
579673, 3
315765, 3
47859, 3
599999, 2
40402, 3
480390, 3
117564, 3
633237, 3
108535, 3
301518, 1
527626, 3
501638, 3
288275, 3
571623, 3
42854, 3
47605, 3
262109, 3
26150, 3
393758, 3
628742, 3
501425, 3
240065, 3
148355, 3
591641, 3
490122, 3
349735, 3
108285, 3
251193, 3
579152, 3
576269, 3
355296, 3
434238, 3
592608, 3
340054, 3
273871, 3
584388, 3
434506, 3
92633, 3
361280, 3
425233, 3
397323, 3
467686, 3
441910, 3
20555, 3
576614, 3
517838, 2
370001, 3
245637, 3
136166, 3
185183, 1
247253, 3
319286, 3
345066, 3
223611, 3
557349, 3
812, 3
163562, 3
283904, 3
226302, 3
249134, 3
594406, 3
297347, 3
184073, 3
94257, 3
513124, 3
413802, 3
402698, 3
145193, 3
565988, 3
156416, 3
448440, 3
589255, 3
347191, 3
312664, 3
376691, 3
82889, 3
198428, 3
279021, 3
311747, 3
547953, 3
526828, 3
499467, 2
156906, 3
70586, 3
269463, 3
651043, 3
22260, 3
257772, 3
105379, 3
654435, 3
344271, 3
399760, 3
34552, 3
338471, 3
254113, 3
194637, 3
399603, 3
321458, 3
554511, 3
234623, 2
565095, 3
430166, 2
332262, 3
195255, 3
507380, 3
302026, 2
424579, 3
372158, 3
562544, 3
384128, 3
87675, 3
157941, 3
159899, 3
377469, 3
614920, 3
490262, 3
359148, 3
595103, 3
416739, 3
254895, 3
430338, 3
128638, 3
640243, 3
222366, 3
537228, 3
188482, 2
266621, 3
11423, 3
14678, 3
141517, 3
659029, 3
409694, 3
65845, 3
53964, 3
97753, 3
623593, 3
58768, 3
215169, 3
556278, 3
638135, 3
258129, 3
104362, 3
632914, 3
138915, 3
525293, 3
546398, 3
117807, 3
54540, 3
335425, 3
230904, 3
462523, 3
153864, 3
662448, 3
11259, 3
282207, 3
75605, 1
133106, 3
78280, 3
228572, 3
62385, 3
178843, 3
231461, 3
405138, 3
431176, 3
626513, 3
224675, 3
469402, 3
33932, 3
16124, 3
156991, 3
297143, 3
12630, 3
257040, 3
589049, 3
19440, 3
42615, 3
413558, 3
613952, 3
474169, 3
499310, 2
85652, 3
253792, 3
462694, 2
257055, 3
344127, 3
150625, 3
597459, 3
407257, 3
174632, 3
280881, 3
189360, 3
529346, 3
360634, 3
369801, 3
385256, 3
548355, 3
245432, 3
405929, 3
183924, 3
163668, 3
552080, 3
353988, 3
500643, 3
569050, 3
402438, 3
307482, 3
213245, 3
312063, 3
229818, 3
324627, 3
86065, 3
13251, 3
81339, 3
266212, 3
426660, 3
466837, 3
477200, 3
304758, 3
346000, 3
377349, 3
635543, 3
531048, 2
367455, 3
430132, 1
33917, 3
75958, 3
641116, 3
380456, 3
517756, 3
59682, 2
502430, 3
178370, 2
474025, 3
154530, 3
588701, 3
432034, 3
371064, 3
125422, 3
235745, 3
591001, 2
102679, 3
120167, 3
310751, 3
444460, 3
328819, 3
466614, 3
73263, 3
423324, 3
236448, 3
340374, 3
165310, 3
653569, 2
90047, 3
402583, 3
31029, 3
302384, 3
507814, 3
76782, 3
350526, 3
281863, 3
477205, 3
269512, 3
595030, 3
230704, 2
137647, 3
83864, 3
269789, 3
478636, 3
454478, 3
433445, 3
253101, 3
114739, 3
370604, 3
41662, 3
213782, 3
97489, 3
22213, 3
75507, 3
77100, 3
107803, 3
402650, 3
402946, 3
217890, 2
70594, 3
657980, 2
208463, 3
531465, 3
37579, 3
112785, 3
160564, 2
181707, 3
62175, 2
414090, 3
542825, 3
380346, 3
498255, 3
367974, 3
603640, 3
536408, 3
595877, 3
340076, 3
490165, 3
576158, 3
7374, 3
457070, 3
265775, 3
437917, 3
477239, 3
74593, 3
61815, 3
50722, 2
456448, 3
219174, 3
523580, 3
292827, 3
389713, 3
634787, 3
656764, 2
278049, 3
539658, 3
7088, 3
622772, 3
165743, 3
161517, 3
430855, 3
564700, 2
345038, 3
406220, 3
254828, 3
46570, 3
541023, 3
143675, 3
26555, 3
39054, 3
497241, 3
274077, 3
342981, 3
559635, 3
7836, 3
128821, 3
247227, 3
37031, 3
483303, 3
658117, 3
105021, 3
324284, 3
196685, 3
630003, 3
100739, 3
632476, 3
160062, 3
517090, 3
469132, 3
349562, 3
65013, 3
115776, 3
591461, 3
72568, 3
650978, 1
483347, 3
558856, 3
53896, 3
175197, 3
199134, 3
326343, 3
406575, 3
508225, 3
581659, 3
211764, 3
10296, 3
509447, 3
351440, 3
566174, 3
283311, 3
641568, 3
12232, 3
520099, 3
70597, 3
204990, 3
450363, 3
285997, 3
293506, 3
294286, 3
365331, 3
108749, 3
520595, 3
86214, 3
440922, 3
428070, 3
480173, 3
129540, 3
444694, 3
585094, 2
144235, 3
514433, 3
40077, 2
182796, 3
107988, 3
298787, 3
500382, 3
98744, 3
172734, 3
391849, 2
453703, 3
658772, 3
85470, 3
655537, 3
584306, 2
64922, 3
338979, 3
244429, 3
370629, 3
518328, 3
55308, 3
567193, 3
534132, 3
469663, 3
227353, 3
85406, 3
431510, 3
502844, 3
397971, 3
600488, 3
16043, 3
120565, 3
241132, 3
534667, 3
453566, 3
445534, 3
544193, 3
243300, 3
269517, 3
422503, 3
316018, 3
445718, 3
22578, 3
387191, 3
152174, 3
570606, 3
184142, 3
572709, 3
140505, 3
406158, 3
54266, 3
90332, 3
318077, 3
303365, 3
169472, 3
657522, 3
468389, 3
491074, 3
26127, 3
657109, 2
436797, 3
225830, 3
279480, 3
329147, 3
41544, 3
373671, 3
486334, 3
399544, 3
514746, 3
46699, 3
153038, 3
644924, 3
650395, 2
121111, 3
420215, 3
129379, 3
583837, 3
52737, 3
215918, 3
651913, 3
44202, 3
456152, 3
396090, 3
429919, 3
134737, 3
216293, 3
27692, 3
277284, 3
293775, 3
209600, 3
638122, 3
426827, 3
297366, 3
584435, 3
194508, 3
27524, 3
189170, 3
312393, 3
416682, 3
448822, 3
544220, 3
429959, 3
359958, 3
522531, 2
47861, 3
173502, 3
190616, 3
282882, 3
202571, 3
517129, 3
179606, 3
531308, 3
270434, 3
493223, 3
363454, 3
356807, 3
524747, 3
413797, 3
225815, 3
604014, 3
413320, 3
443776, 3
66373, 3
529631, 3
433586, 3
183318, 2
116243, 3
386740, 3
399015, 3
314936, 3
68124, 3
353632, 3
273772, 3
357855, 3
243311, 3
595180, 3
235734, 3
99768, 3
339261, 3
614167, 3
306129, 3
341022, 3
164975, 3
467074, 3
421600, 3
3624, 3
650862, 3
311395, 3
625833, 3
334671, 3
555793, 3
124531, 3
325559, 3
443135, 3
550090, 3
67645, 3
302550, 3
505498, 3
297967, 3
619422, 3
374378, 3
345062, 3
639709, 3
42831, 3
499929, 3
137168, 3
105669, 3
255239, 3
393031, 3
228994, 2
76513, 3
447480, 3
544685, 3
384901, 3
636452, 3
645355, 3
552187, 1
62990, 3
656883, 3
400291, 3
353571, 3
102555, 3
566363, 3
119447, 3
502554, 3
438236, 3
474801, 3
180958, 3
623496, 3
660715, 2
629149, 3
482167, 3
404315, 3
430821, 3
597666, 3
626464, 3
256447, 3
404829, 3
149070, 3
101694, 3
345693, 3
123884, 2
262996, 3
273736, 3
499661, 3
226747, 3
370100, 3
380229, 3
612520, 3
316239, 3
528469, 3
232096, 3
230470, 3
234711, 3
443305, 3
350056, 3
231152, 3
168417, 3
48471, 3
194697, 3
60208, 3
283506, 3
358790, 3
570233, 3
426162, 3
423575, 3
428394, 3
1197, 3
348140, 3
323705, 3
98714, 3
410056, 3
642332, 3
617604, 3
601219, 3
256156, 3
212938, 3
661596, 3
437303, 2
34705, 3
475509, 3
70034, 3
322752, 3
619653, 3
213398, 3
456638, 3
332164, 3
158881, 3
156486, 3
173791, 3
96142, 3
99992, 3
66129, 3
606690, 3
525290, 3
484880, 3
186153, 3
645828, 3
82038, 3
570619, 1
130244, 3
659903, 3
631768, 3
460856, 3
624228, 2
658285, 3
305839, 3
73557, 3
620948, 3
216213, 3
201296, 2
226951, 3
71680, 3
76823, 3
249332, 3
337257, 3
54008, 3
278360, 3
334121, 2
576940, 3
591261, 3
554801, 3
505024, 3
216476, 3
169639, 3
211395, 3
255536, 1
2305, 3
284308, 3
333013, 3
202269, 3
377528, 3
634445, 2
76083, 3
522708, 3
272408, 3
320911, 2
439208, 3
378558, 3
78555, 3
393126, 3
425319, 3
59237, 3
365291, 3
236224, 3
385317, 3
478881, 3
557016, 3
280298, 3
35577, 3
10391, 3
401081, 3
107501, 3
154549, 3
441156, 3
891, 3
464725, 3
235544, 2
430515, 2
483328, 3
373408, 3
561633, 3
29227, 3
35262, 3
108765, 3
258320, 3
453665, 3
91016, 3
243703, 3
211275, 3
107629, 3
405703, 3
131581, 3
255439, 3
367453, 3
628115, 3
635990, 3
162916, 3
424111, 3
286992, 3
286805, 3
406112, 3
538059, 3
570628, 3
291979, 3
372000, 3
457009, 3
661864, 3
137522, 3
473880, 2
304011, 3
584236, 3
486637, 3
48999, 3
490804, 3
432844, 3
415158, 3
224367, 3
272093, 3
217606, 3
385163, 3
168461, 3
507160, 3
70948, 3
504218, 3
379153, 3
555703, 3
315332, 3
646875, 3
390914, 3
556332, 3
48213, 1
595891, 2
59157, 3
478275, 3
138125, 3
134919, 3
382568, 1
379864, 2
114133, 3
461315, 3
175054, 3
475349, 3
289362, 3
186152, 3
403726, 3
363145, 3
53045, 3
478362, 3
8528, 3
329363, 3
645827, 3
431950, 3
84343, 3
614246, 3
150572, 3
385835, 3
613445, 3
210137, 3
446577, 3
247893, 3
73291, 3
451959, 3
626068, 3
421044, 3
241490, 3
104417, 3
611915, 3
336777, 3
199259, 3
221067, 3
118814, 3
641644, 3
349424, 3
254280, 3
292304, 3
83449, 3
234850, 2
452690, 3
515839, 3
451285, 3
142845, 3
73789, 3
631877, 3
20240, 3
248273, 3
68119, 3
355100, 3
119339, 3
32796, 2
326001, 3
312030, 3
163580, 3
465926, 3
256981, 3
107156, 3
228220, 3
128741, 3
342836, 3
528735, 3
34714, 3
187103, 3
593992, 3
539575, 3
356632, 3
339542, 3
518267, 3
575440, 2
177076, 3
274947, 2
550150, 3
367855, 3
487591, 3
116483, 3
163902, 3
71716, 3
596260, 3
324331, 3
516145, 3
120696, 3
396287, 3
353093, 3
36182, 3
235431, 3
350055, 3
346590, 3
190787, 3
38155, 3
652820, 3
385430, 3
530129, 3
560195, 3
661407, 3
143490, 3
53112, 3
392864, 3
7302, 3
119855, 3
439040, 3
436764, 3
628522, 3
490313, 1
163025, 3
561806, 3
259642, 3
192701, 3
452684, 3
218086, 3
650479, 3
425886, 3
484102, 3
514880, 3
576742, 3
110614, 3
201256, 3
564601, 3
176801, 3
184917, 3
69285, 2
286540, 3
573754, 3
153139, 3
619605, 3
1074, 3
95951, 3
646297, 3
499103, 3
73164, 2
20730, 3
482535, 3
82478, 3
245097, 3
565941, 3
611656, 3
314381, 3
249651, 3
503188, 3
288949, 3
642820, 3
105341, 3
79649, 3
422570, 3
142329, 3
483173, 3
391061, 3
387537, 2
268425, 3
250290, 3
85831, 3
279949, 3
363779, 3
399187, 3
652222, 3
128649, 3
325031, 3
454209, 2
228066, 3
142873, 3
542341, 3
106688, 3
101508, 3
69418, 3
451130, 3
177170, 3
180258, 3
165975, 3
230620, 3
150278, 3
505182, 3
62703, 3
304250, 2
70085, 2
177674, 3
438322, 3
363514, 2
222698, 3
93102, 1
454250, 3
658755, 3
450701, 3
96946, 3
229376, 3
147677, 3
96347, 3
433690, 3
635674, 3
330725, 3
206601, 3
449390, 3
170254, 3
101665, 3
418487, 3
437126, 3
144332, 3
200293, 3
584888, 3
263697, 3
467405, 3
154340, 3
658376, 3
183324, 2
451938, 3
406927, 3
537486, 3
569410, 3
619247, 3
369702, 3
231015, 3
110119, 3
47049, 3
43946, 3
361888, 3
212431, 3
45642, 3
483656, 3
108303, 3
112244, 3
461282, 3
233012, 3
292184, 3
201928, 3
199817, 2
219492, 3
249764, 3
204453, 3
269410, 3
419060, 3
50702, 3
68826, 3
466758, 3
252786, 3
560383, 3
95612, 3
61599, 3
588257, 3
138510, 3
246530, 3
428075, 3
11761, 3
359833, 3
422251, 3
544373, 3
273044, 3
264375, 3
648769, 3
358684, 3
303816, 3
357387, 3
586557, 3
87825, 3
53054, 2
607735, 3
132392, 3
59377, 3
524091, 3
276215, 3
7061, 3
186484, 3
336133, 3
656684, 3
400787, 3
170907, 2
90963, 3
657360, 3
52163, 2
564479, 2
370683, 3
223045, 3
314408, 3
97093, 3
118656, 3
585443, 3
130965, 2
452537, 3
289386, 3
411465, 3
561284, 3
361510, 3
78636, 3
115024, 3
657892, 3
506756, 3
68092, 3
32595, 3
188999, 3
254653, 3
369249, 3
500847, 3
377633, 3
339968, 3
40229, 3
610926, 3
148045, 3
551116, 3
303882, 2
485440, 3
239704, 3
399689, 3
305254, 3
467822, 3
3129, 3
394015, 3
619717, 3
201756, 3
319806, 3
208495, 3
626637, 3
23812, 3
619582, 3
67921, 3
255047, 3
342602, 3
132406, 3
39398, 3
513195, 3
51842, 3
263044, 3
606472, 3
128356, 3
59747, 3
210657, 3
385952, 3
19691, 3
40571, 3
365399, 3
62061, 3
410296, 3
335373, 3
271808, 3
222647, 3
264008, 3
358183, 3
293696, 3
304727, 3
38192, 3
460470, 3
392772, 3
530770, 3
30596, 3
489081, 3
421383, 3
148932, 3
212195, 3
622187, 3
646621, 3
235714, 3
417314, 3
530626, 2
109122, 3
486534, 3
178518, 3
426870, 3
109519, 3
33055, 3
339656, 3
279028, 3
174137, 3
598007, 3
594451, 3
664141, 3
132432, 3
276007, 3
503568, 3
375848, 3
387260, 3
662695, 3
113451, 3
512966, 3
640876, 3
237890, 3
164243, 3
552208, 3
461809, 3
566797, 3
319447, 3
237911, 3
182511, 3
580011, 3
305024, 3
355597, 3
544655, 3
25129, 3
498531, 3
591405, 3
50492, 3
618720, 3
594706, 3
624181, 3
330201, 3
388099, 3
299656, 3
186075, 1
553586, 3
622466, 3
347386, 3
140730, 3
201899, 3
257388, 3
557238, 3
151410, 3
304181, 3
220637, 3
196573, 3
599551, 3
15521, 3
102930, 3
57976, 3
396335, 3
448647, 3
324777, 3
105630, 3
285488, 3
152375, 3
244901, 3
240099, 3
92890, 3
654131, 3
295705, 3
489938, 3
18294, 3
543371, 3
439527, 3
389072, 3
343509, 3
428891, 3
80519, 3
148541, 3
290026, 3
635125, 3
438134, 3
557024, 3
541618, 3
605207, 3
459522, 3
365173, 3
474543, 3
258174, 3
63693, 3
147103, 1
316699, 3
403122, 3
13151, 3
164599, 3
54632, 3
230028, 3
267540, 3
23131, 3
38150, 3
531615, 2
271850, 3
213822, 3
525189, 3
295337, 3
22905, 3
244377, 2
295096, 3
223168, 3
621866, 3
144976, 3
603594, 3
519295, 3
220540, 3
432544, 3
463519, 3
232190, 3
415629, 3
652032, 3
425417, 3
256841, 3
449869, 3
57387, 3
292819, 3
584185, 3
390222, 3
331189, 3
616427, 3
330591, 3
272565, 3
92495, 3
141163, 3
596520, 1
533667, 3
182014, 3
447542, 3
166131, 3
370042, 3
115688, 3
407208, 3
309093, 3
342076, 3
339436, 3
67277, 3
93249, 3
662538, 3
370051, 3
217438, 2
390895, 3
422559, 3
114169, 3
163422, 3
282351, 3
445064, 3
605714, 3
282858, 3
337473, 3
165204, 3
422796, 3
376294, 3
606525, 3
474961, 3
543280, 3
435523, 3
280765, 3
496890, 3
201783, 3
603794, 3
518151, 3
565899, 3
610946, 3
151061, 3
307489, 3
518169, 3
166830, 3
264349, 3
186966, 3
513664, 3
89022, 3
305958, 3
253013, 3
66430, 3
265551, 3
464598, 3
318710, 3
140446, 3
642311, 3
6075, 3
365090, 3
194641, 3
573952, 3
478900, 3
125232, 3
464084, 3
254987, 3
260698, 3
156516, 3
507755, 3
42858, 3
631829, 3
455502, 3
218974, 3
287796, 3
576997, 3
339630, 3
94973, 3
636256, 3
153675, 3
548720, 3
280265, 3
183872, 3
576961, 3
519544, 3
231035, 3
477379, 3
605765, 3
656027, 2
290493, 3
521634, 3
208937, 3
243493, 3
385809, 3
9941, 3
438131, 3
610708, 3
330443, 3
454626, 3
55197, 3
432359, 3
627409, 3
364879, 3
369848, 3
210404, 3
566349, 3
42463, 3
559520, 3
485479, 3
288175, 3
170492, 3
203445, 3
362349, 3
183445, 3
467493, 3
34939, 3
563042, 3
271273, 3
74302, 3
561971, 3
521966, 3
511727, 3
56128, 3
157065, 3
295837, 3
327265, 3
187152, 3
225176, 3
557122, 3
381777, 3
384129, 3
600091, 3
255445, 3
516168, 3
585864, 3
339601, 3
466661, 3
365522, 3
609437, 3
271741, 3
651759, 3
407669, 3
270078, 3
317967, 3
540422, 3
373672, 3
390379, 3
496343, 3
224143, 3
114149, 3
57984, 3
171618, 3
27996, 3
17469, 3
577968, 3
389432, 3
437892, 3
484910, 3
386148, 3
604272, 3
124490, 3
626600, 3
192528, 3
336750, 3
196230, 3
15598, 3
327384, 3
98551, 3
73708, 2
145916, 3
439116, 3
92418, 3
632844, 2
126803, 3
644217, 3
607265, 3
182663, 3
90983, 3
117497, 3
86000, 3
234987, 3
123589, 3
471115, 3
424518, 3
649427, 3
495372, 3
85061, 3
433916, 3
580268, 3
240481, 3
217600, 3
464200, 3
379767, 3
156060, 3
447285, 3
200142, 3
390394, 3
20740, 3
388436, 2
534079, 3
373390, 3
560286, 3
274906, 3
467810, 3
597374, 3
1174, 3
380640, 3
431636, 3
592793, 3
505428, 3
202970, 3
238933, 3
520897, 3
387909, 3
546496, 3
522806, 3
579386, 3
429634, 3
643577, 3
399193, 3
306852, 3
454831, 3
504635, 3
651334, 3
255865, 3
81938, 3
115094, 3
489083, 3
64125, 3
144156, 3
374538, 3
528223, 3
254354, 3
604706, 2
334661, 3
450482, 3
38948, 3
154091, 3
533736, 3
10568, 3
587433, 3
279974, 3
607519, 3
207460, 3
300578, 3
663774, 2
223934, 3
392923, 3
208318, 3
556765, 3
377114, 3
355385, 3
291293, 3
117339, 3
469568, 3
2253, 3
16930, 3
614293, 3
366662, 3
444028, 3
224651, 3
362242, 3
119954, 3
102706, 3
549195, 3
213855, 3
621605, 3
530211, 3
574678, 3
383730, 3
427559, 3
199847, 3
460076, 3
100623, 3
594210, 3
181747, 3
169190, 3
496291, 3
248052, 3
112304, 3
365373, 3
239483, 3
407058, 3
77864, 3
393725, 3
276875, 3
64880, 3
420685, 3
576637, 3
494242, 3
216617, 3
561470, 3
223288, 3
189283, 3
433271, 3
138679, 3
396609, 3
451562, 3
62610, 3
205039, 3
633518, 3
486408, 3
437320, 3
67563, 3
625963, 3
641781, 3
226060, 3
618278, 3
385706, 3
213795, 3
72959, 3
144341, 3
208349, 3
394812, 3
583233, 3
436599, 3
213983, 3
460129, 2
26584, 3
625680, 3
602895, 3
572716, 3
490377, 3
371433, 3
587750, 3
615088, 3
384473, 3
115804, 3
530833, 3
556312, 3
318071, 3
426384, 3
278966, 3
397428, 3
400357, 3
409353, 3
306678, 3
89073, 3
281667, 3
174693, 3
518476, 3
508351, 3
18183, 3
319895, 3
480888, 3
92914, 3
591507, 3
25311, 3
341846, 3
30265, 3
560838, 3
265946, 2
282710, 3
325856, 3
6353, 3
482682, 3
433546, 3
115808, 3
289793, 3
62038, 3
571445, 3
523050, 3
248678, 3
415100, 3
3121, 3
151717, 3
26747, 3
565953, 3
354602, 3
250001, 3
447988, 3
496145, 3
364815, 3
70114, 3
99990, 3
510990, 3
310713, 3
94660, 3
7221, 3
148969, 3
654588, 3
267672, 3
156526, 3
108488, 3
583888, 3
408599, 3
153095, 3
393601, 3
190728, 3
375913, 3
536545, 3
56568, 3
623545, 3
526907, 3
501689, 3
112501, 3
312203, 2
580430, 3
450799, 1
246335, 3
362536, 3
532340, 3
68516, 3
86078, 1
514850, 1
332209, 3
635161, 3
555514, 3
591666, 3
500849, 3
619637, 3
75320, 3
308447, 3
611900, 3
345166, 1
660725, 3
514438, 1
236461, 3
178304, 3
481921, 3
171737, 3
100238, 3
475913, 3
524220, 3
626525, 3
422516, 1
588800, 3
576082, 3
497149, 1
593547, 3
571418, 3
474042, 3
613139, 3
486644, 3
384460, 3
583850, 3
543853, 3
40477, 3
328604, 3
431013, 3
285063, 2
385494, 3
92012, 3
543261, 3
329604, 3
589448, 3
663136, 3
58784, 3
635406, 3
610662, 3
9608, 3
155734, 3
264419, 3
159366, 3
206472, 3
22096, 3
285936, 3
114712, 3
566850, 3
488192, 3
394017, 3
86678, 3
531417, 3
176644, 3
655021, 3
533266, 3
647082, 3
611952, 3
164741, 3
196121, 3
532993, 3
216869, 3
50240, 3
446135, 3
90348, 3
74825, 3
221945, 3
635824, 3
331445, 3
244123, 3
203847, 3
567269, 3
555480, 3
197427, 3
63362, 3
626565, 3
655735, 3
428857, 3
651013, 1
124723, 3
318226, 3
414663, 3
59683, 3
515451, 3
653144, 3
176308, 3
72013, 3
239300, 3
580127, 3
512535, 3
14449, 3
472035, 3
293455, 3
383591, 3
41258, 3
40581, 3
358169, 3
594110, 3
89403, 3
19995, 3
61044, 3
387527, 1
133606, 3
314707, 3
441637, 3
345795, 3
413354, 3
138244, 3
349720, 3
519208, 3
284894, 3
96139, 3
69853, 3
321460, 3
382484, 3
540477, 3
44736, 2
525783, 3
6652, 3
510687, 3
220515, 3
432317, 3
48307, 3
45408, 3
365913, 3
255707, 3
552508, 3
620019, 3
541029, 3
438611, 3
481102, 3
576503, 3
116221, 3
528641, 3
170693, 3
262047, 3
68589, 3
405140, 3
293258, 3
605400, 1
573208, 3
212721, 3
398726, 3
361217, 3
234221, 2
370342, 3
135646, 3
600900, 3
606147, 3
392604, 3
136649, 1
297371, 3
327764, 3
131399, 3
139859, 3
285090, 3
403248, 3
429799, 3
481397, 3
359210, 3
638007, 3
61102, 3
628413, 3
296051, 3
142478, 3
559878, 3
594716, 3
470979, 3
267302, 3
652057, 3
299492, 2
601165, 3
396259, 3
243223, 3
540056, 3
86238, 3
16274, 3
210157, 3
344395, 3
11405, 3
64278, 3
358619, 3
579722, 3
134958, 3
318563, 3
451198, 3
364067, 3
617802, 3
1703, 3
451694, 3
290357, 3
299025, 3
195119, 3
451858, 3
233017, 3
413837, 3
632508, 3
633425, 3
430559, 3
494947, 3
41832, 3
357775, 3
414638, 3
536484, 3
149732, 3
277376, 3
148590, 3
282362, 3
473144, 3
313134, 3
120131, 3
649696, 3
239942, 3
256379, 3
513425, 3
614871, 3
71445, 3
281185, 3
330415, 3
277259, 3
134887, 3
97721, 3
518187, 3
263968, 3
195412, 3
617478, 3
227829, 3
116174, 3
199043, 3
649487, 3
546394, 3
99865, 3
113950, 3
484735, 3
611518, 3
413048, 3
132529, 3
452411, 3
60373, 3
218951, 3
187319, 3
45840, 3
598480, 3
391803, 3
67880, 3
451288, 3
464682, 3
642731, 3
429301, 3
214231, 3
589687, 3
93226, 3
491754, 3
360670, 3
441149, 2
337458, 3
640155, 3
80032, 3
321114, 3
518616, 3
569767, 3
607101, 3
104446, 3
550395, 3
383795, 3
490296, 3
57495, 3
279031, 3
628331, 3
307950, 3
584713, 3
250087, 3
208573, 2
463080, 3
538648, 3
279264, 3
237338, 3
648764, 3
31064, 3
16423, 3
194673, 3
115179, 3
59349, 3
159249, 3
198731, 3
478852, 3
512000, 3
478016, 3
202084, 3
608185, 3
474340, 3
212608, 3
166876, 3
294036, 3
373959, 3
268785, 3
385184, 3
204796, 3
311739, 3
333844, 3
472315, 3
377815, 3
102972, 3
608617, 2
144605, 3
287880, 3
538982, 3
176022, 3
262142, 3
144369, 3
189534, 3
532062, 3
640394, 3
550393, 3
188758, 3
662754, 3
359737, 3
53198, 3
497913, 3
628139, 3
318280, 2
296097, 3
565230, 3
157054, 3
110561, 2
137548, 3
506147, 3
639599, 3
416668, 3
542836, 3
63590, 3
644804, 3
573225, 3
383007, 3
529011, 3
631766, 3
559842, 3
445176, 3
12498, 3
275291, 3
357370, 3
557210, 3
117614, 3
36798, 3
452081, 3
275662, 3
364579, 3
279536, 3
460551, 3
316526, 3
643588, 3
459502, 3
27204, 3
350667, 3
584482, 3
456691, 3
368212, 3
147578, 2
466957, 3
370434, 3
481364, 3
592659, 3
141901, 3
557408, 3
216497, 3
147335, 3
152518, 3
585882, 3
57271, 3
456458, 3
207701, 3
105566, 3
321591, 3
627708, 3
189789, 3
441179, 3
586798, 3
150735, 3
465857, 3
436317, 1
145026, 3
365990, 3
591307, 3
24969, 3
367630, 3
315368, 3
326447, 3
173481, 3
442961, 3
437656, 3
527753, 3
233817, 3
127470, 3
227490, 3
426589, 3
560833, 3
467226, 3
621183, 3
93484, 2
361197, 3
158494, 3
284109, 3
352031, 3
513084, 3
93112, 3
100745, 3
453040, 3
655892, 3
661532, 1
581650, 1
132387, 3
18152, 3
33949, 3
217556, 3
219346, 3
548847, 3
375153, 3
432443, 3
508192, 3
634550, 3
409841, 3
628132, 3
594890, 1
450014, 1
140840, 3
570045, 3
115779, 3
518440, 3
138765, 3
379644, 3
500944, 3
555242, 3
103749, 3
299136, 3
185109, 3
642858, 3
489534, 3
611721, 3
329108, 3
21342, 3
607334, 3
386024, 3
72583, 2
609612, 3
458647, 3
150806, 3
319405, 1
546922, 3
273868, 3
524244, 3
180539, 3
260848, 3
360425, 3
223854, 3
633440, 3
134942, 3
27196, 3
162487, 3
619668, 3
298742, 3
543760, 3
447943, 3
230935, 3
448820, 3
664734, 1
484897, 3
324456, 3
386647, 3
523489, 3
594849, 3
300932, 3
140508, 3
637403, 3
521591, 3
357796, 3
177882, 3
663278, 3
170064, 3
183715, 3
177902, 3
44569, 2
306863, 3
646262, 3
657121, 3
190102, 3
15814, 3
193357, 3
595249, 3
171603, 3
87956, 1
342286, 3
48387, 3
367522, 3
471252, 3
228729, 3
530433, 3
352754, 3
644066, 3
30133, 2
649445, 3
412235, 3
292992, 3
518210, 3
459227, 3
199045, 3
467346, 3
37756, 3
74088, 3
225551, 3
248427, 3
563350, 3
184580, 3
142986, 2
486369, 3
10386, 3
379006, 3
637009, 3
109384, 3
485650, 1
621367, 3
498404, 3
494650, 3
582591, 1
540256, 3
339123, 3
615822, 3
600406, 3
206027, 3
289518, 3
537158, 1
18891, 3
311065, 3
616952, 3
162454, 3
663098, 3
275936, 3
11872, 3
250692, 3
474819, 3
321382, 3
609541, 3
119847, 3
72859, 3
401431, 3
146007, 3
214138, 3
1796, 3
102747, 3
322211, 3
175763, 3
397399, 3
265529, 3
130318, 3
531082, 3
334009, 3
27774, 3
261866, 3
641686, 2
116919, 3
584488, 3
233663, 3
569150, 3
478219, 3
336460, 3
508360, 3
236417, 3
519669, 3
559016, 3
498842, 3
189776, 3
217525, 3
433109, 3
482719, 2
165944, 3
285370, 3
430652, 3
125531, 3
615769, 3
596141, 1
303137, 3
427631, 3
38249, 3
15925, 3
265566, 3
309274, 3
494043, 3
505242, 3
442004, 1
614442, 3
466411, 3
68560, 3
205251, 3
276069, 3
583371, 3
270869, 3
93416, 3
286684, 3
522502, 3
334183, 3
606946, 3
124262, 3
361765, 3
426291, 3
2389, 3
580936, 3
33946, 3
258157, 3
178647, 3
546057, 3
87170, 3
413898, 3
334361, 3
402017, 3
58942, 3
319194, 3
579985, 3
277079, 3
539754, 3
277028, 3
572532, 3
630422, 3
568320, 3
467521, 3
458842, 3
188839, 3
266340, 3
567943, 3
407662, 3
465657, 3
588566, 3
219971, 3
347102, 3
449863, 3
516567, 2
201283, 3
146972, 3
89167, 3
619388, 3
249301, 3
124305, 3
439652, 3
217155, 3
461055, 2
127649, 3
580994, 3
418546, 3
186396, 3
299800, 3
178085, 3
307776, 3
125105, 3
620119, 3
343993, 3
542953, 3
320935, 2
404330, 3
143138, 3
155088, 3
289394, 3
606139, 3
292691, 2
236031, 3
169250, 3
230847, 3
331734, 3
190937, 3
503802, 3
611252, 3
147298, 3
10344, 3
639466, 3
608965, 3
32521, 3
278439, 3
641224, 3
42564, 3
618770, 3
316386, 3
370622, 3
54639, 3
452198, 2
631693, 3
497044, 3
552271, 3
497776, 3
490761, 3
180478, 3
256503, 3
607209, 3
30472, 3
587018, 3
426395, 3
389679, 3
60589, 3
522574, 3
601318, 3
601667, 1
381081, 3
139063, 3
573862, 3
479173, 3
257093, 3
235188, 3
2037, 3
514988, 3
158290, 3
352204, 3
304446, 3
160601, 3
186034, 3
43845, 3
460402, 3
252122, 3
440034, 3
419271, 3
389465, 3
217424, 3
489794, 3
349063, 3
137797, 3
136399, 3
538988, 3
286106, 3
32550, 3
59425, 3
460981, 3
521770, 2
215678, 3
82763, 3
555038, 3
14658, 3
3203, 3
442527, 3
216175, 3
455750, 3
498035, 3
250191, 3
13204, 3
15939, 3
660807, 3
434144, 3
476751, 3
500335, 2
71318, 3
160123, 3
452230, 3
372709, 3
62466, 3
327430, 3
258838, 3
196972, 3
43417, 3
165409, 3
120382, 3
137281, 3
41414, 3
319503, 3
338751, 3
158311, 3
503299, 3
611103, 3
563263, 3
355142, 3
185523, 3
651980, 1
524577, 3
213941, 3
599550, 3
646971, 3
581804, 3
279769, 3
468498, 3
602300, 3
81635, 3
539545, 3
421890, 3
625976, 3
637657, 3
141152, 3
438455, 3
13890, 3
413, 3
178896, 3
486724, 3
646100, 3
509795, 3
101744, 3
342308, 3
611553, 3
569535, 3
502290, 3
272840, 3
566657, 3
664560, 3
490861, 3
425945, 3
125754, 3
557316, 3
152701, 3
608937, 3
226670, 3
272089, 3
493164, 3
120995, 3
511872, 3
395176, 3
226481, 3
523939, 3
301373, 2
17692, 3
93189, 3
326715, 3
571155, 3
420512, 3
149950, 3
582970, 3
12200, 3
579764, 3
302301, 2
344399, 3
577075, 3
307404, 3
616968, 3
251989, 3
80516, 3
364295, 3
80064, 3
476477, 3
95671, 3
70091, 3
252086, 3
291721, 3
601550, 3
505644, 3
373027, 3
646929, 3
618000, 3
522634, 3
417818, 3
311647, 3
531516, 3
626866, 3
572331, 3
124086, 3
216121, 3
59696, 3
615819, 3
301637, 3
30057, 3
612332, 3
371824, 3
524481, 3
590319, 3
641313, 3
61369, 3
86696, 3
628747, 3
211230, 3
271644, 3
550918, 3
445805, 3
246987, 3
586301, 3
567236, 3
141693, 3
254036, 3
583042, 3
631081, 3
627972, 3
518295, 3
192989, 3
367600, 3
640823, 3
333539, 3
606843, 1
305973, 3
512990, 3
254348, 3
541297, 3
63379, 3
344240, 3
242703, 3
606467, 3
199170, 3
330161, 3
264014, 3
536811, 3
187613, 3
632952, 3
92176, 3
71523, 3
429994, 2
312024, 2
227403, 3
611303, 3
249687, 2
220777, 3
396365, 3
521211, 3
541778, 3
212594, 3
159382, 3
245053, 3
401780, 3
133891, 3
353272, 3
155332, 3
484470, 3
82568, 3
399030, 3
263551, 1
456481, 2
126656, 3
268011, 3
49529, 3
10005, 3
458031, 3
37118, 3
156741, 3
451301, 2
555619, 3
587133, 2
69018, 3
281631, 3
394853, 3
646935, 3
508082, 3
396330, 1
132046, 3
552109, 3
625816, 3
536650, 3
195523, 3
129493, 3
361635, 3
363241, 3
496469, 3
430472, 2
627886, 3
171628, 3
501428, 3
417201, 3
85324, 3
150475, 3
614918, 3
356288, 3
500762, 3
163855, 3
523031, 3
259363, 3
242423, 3
32086, 3
310681, 3
261151, 3
529789, 3
115427, 3
534282, 3
604255, 3
500757, 3
500541, 3
247747, 3
40980, 3
155253, 3
433384, 3
59364, 1
510555, 3
585216, 3
304272, 3
101571, 3
475541, 3
159442, 3
437876, 3
302247, 3
197124, 3
437353, 3
385008, 3
215572, 3
239575, 3
486874, 3
158923, 3
541414, 3
232229, 2
188364, 3
405638, 3
432234, 3
597103, 2
324458, 3
280669, 3
595940, 3
6110, 3
450524, 3
499053, 3
34011, 3
515495, 3
602380, 3
202675, 3
256409, 3
58531, 3
299471, 3
657635, 3
3310, 3
131226, 3
262096, 3
207823, 3
101691, 3
103998, 3
21258, 3
549877, 3
123395, 3
59504, 3
624787, 3
307925, 3
254994, 3
512921, 3
68154, 3
595903, 3
145936, 1
297890, 3
569319, 3
357320, 3
47311, 3
27125, 3
401860, 2
369300, 3
203472, 3
554729, 3
161908, 3
368981, 3
70525, 3
11849, 3
23070, 3
137803, 3
345144, 3
379400, 2
184158, 3
242595, 3
492141, 3
189518, 3
188977, 1
500517, 3
78361, 3
34419, 3
152895, 3
639228, 2
377080, 3
160187, 3
607148, 3
38585, 3
30917, 3
544233, 3
41170, 3
340922, 3
292442, 3
526662, 3
570807, 2
297942, 3
169887, 3
180641, 3
266547, 3
369917, 3
129820, 3
32617, 3
254299, 3
580370, 3
628976, 3
192969, 3
160080, 3
133178, 3
542297, 3
271997, 3
34066, 3
174950, 3
550870, 3
143372, 3
590130, 3
606740, 3
122506, 3
511460, 3
454492, 3
80697, 3
650113, 2
245052, 3
265952, 3
367788, 3
159684, 3
338584, 3
307639, 3
373023, 3
202595, 3
172775, 3
99150, 3
234851, 3
241868, 3
367342, 3
127952, 3
195275, 3
464187, 3
503179, 3
70803, 3
604661, 3
272516, 3
182652, 3
62533, 3
318050, 3
363785, 3
257931, 3
468816, 3
171619, 3
387782, 3
291732, 3
41461, 3
113487, 3
393069, 3
457102, 3
242355, 3
72250, 3
287420, 3
332299, 3
95023, 3
103409, 3
70082, 3
561973, 2
559570, 3
580674, 3
596456, 3
603639, 3
528691, 3
300868, 2
354346, 2
286435, 3
240076, 3
16074, 3
549339, 3
552313, 3
159477, 3
471215, 3
108612, 3
554203, 3
228875, 3
654230, 3
641881, 3
574993, 3
459185, 2
542737, 3
453898, 1
66471, 3
323689, 3
280333, 3
649249, 3
178495, 3
236376, 3
239964, 3
192456, 3
530058, 2
190648, 3
79453, 3
176094, 3
158802, 3
67619, 3
446554, 3
492384, 3
445218, 3
613212, 3
74048, 3
223111, 3
390216, 3
590992, 3
324021, 3
353949, 3
308417, 3
149190, 3
254577, 3
82003, 3
590102, 3
172196, 3
540495, 3
121785, 3
640463, 3
322674, 3
496388, 3
217109, 3
627611, 3
531190, 3
51642, 3
506074, 3
284371, 3
462798, 3
343844, 3
510877, 3
115202, 3
481943, 3
520790, 3
127502, 3
240068, 3
180679, 3
103201, 3
349653, 3
104004, 3
155944, 3
22186, 1
203634, 3
219602, 3
325275, 3
400780, 3
108375, 3
65682, 3
42787, 3
204027, 3
454197, 3
389570, 3
104707, 3
368287, 3
300992, 3
302677, 2
188581, 3
345440, 3
39696, 3
111385, 3
181806, 3
97509, 3
59359, 3
517095, 3
437067, 3
239206, 3
137822, 3
171894, 3
24326, 3
349604, 3
485965, 3
132288, 3
226722, 3
554166, 3
169936, 3
112678, 3
333710, 3
112439, 3
186332, 3
464019, 3
174814, 3
531244, 3
26553, 3
403041, 3
328221, 3
535994, 3
52477, 3
511600, 2
370079, 3
286283, 3
212392, 3
597737, 3
10062, 3
388796, 3
212828, 3
126274, 3
253042, 3
342961, 3
273554, 3
401743, 3
406046, 3
336337, 3
121347, 3
19644, 3
483318, 3
396276, 3
475404, 1
72296, 3
236497, 3
466297, 3
236086, 3
7723, 3
536707, 3
170324, 3
579574, 3
327020, 3
174998, 3
364844, 3
441388, 3
593948, 3
326832, 3
291085, 3
346286, 3
574086, 3
336537, 3
376032, 3
414727, 3
152541, 3
7550, 3
539663, 3
221472, 3
191911, 3
429941, 3
54430, 3
591457, 3
259146, 2
435401, 3
72728, 3
117247, 3
566750, 3
358362, 3
517048, 3
565781, 3
536436, 3
223173, 3
67310, 3
48427, 3
11789, 3
27249, 3
181395, 3
498374, 3
592826, 3
192367, 3
161798, 3
404879, 3
423045, 3
223589, 3
69326, 3
300638, 3
28204, 3
14491, 3
312866, 3
31145, 3
325469, 3
475834, 3
343403, 3
48223, 3
321995, 3
359156, 3
64852, 3
528962, 3
111054, 1
114328, 3
2785, 3
492989, 3
424138, 3
83628, 3
406681, 3
432046, 3
661151, 1
554659, 3
603755, 3
651612, 3
175365, 3
90408, 1
153194, 3
351325, 3
331091, 3
97834, 3
268835, 3
241031, 3
283818, 3
626097, 3
220061, 3
621511, 3
482343, 3
631888, 3
41877, 3
50034, 3
510486, 3
492307, 3
467847, 3
644887, 2
86079, 3
582596, 3
290589, 3
120200, 3
538736, 3
62295, 3
567811, 3
618958, 3
512360, 3
401049, 3
10790, 3
603507, 3
105568, 3
463136, 3
354300, 3
372483, 3
530534, 3
236630, 3
435995, 3
54310, 3
355907, 3
428157, 3
295410, 3
285418, 3
65716, 3
378852, 3
201116, 2
289245, 3
142291, 2
245529, 3
580592, 3
73844, 3
123519, 3
619991, 3
388669, 3
478294, 3
294230, 3
227649, 3
575264, 2
127434, 3
171790, 3
217467, 3
148763, 3
49920, 3
96121, 3
100795, 3
531397, 3
69707, 3
320671, 3
442425, 3
285833, 3
522289, 3
291399, 3
513928, 3
476939, 3
303779, 3
246871, 3
557309, 3
426400, 3
226719, 3
584982, 2
498706, 3
45313, 3
436921, 3
256172, 3
579912, 3
584254, 2
624358, 3
459098, 3
261229, 1
518722, 3
572027, 3
621764, 3
138455, 3
11342, 3
557427, 3
347380, 3
173056, 3
92343, 3
199712, 3
590961, 3
563470, 3
490716, 3
296720, 3
354129, 3
466553, 3
128200, 3
656404, 3
539114, 3
655071, 1
169543, 3
202471, 3
143902, 3
156072, 3
49535, 3
2891, 3
541650, 3
24549, 3
54585, 3
574587, 1
233607, 3
418408, 3
13087, 3
258448, 1
663212, 3
635156, 3
573767, 3
264205, 3
594929, 3
369204, 1
288106, 3
258048, 3
383903, 3
356347, 3
401486, 3
494707, 3
419202, 3
16280, 3
309157, 1
42935, 1
408709, 3
444583, 3
640724, 3
509685, 2
206582, 3
50405, 1
360999, 3
526871, 3
584343, 3
397268, 3
1590, 3
509561, 3
103588, 3
23941, 3
585217, 3
272688, 3
244430, 3
470780, 3
120934, 3
367007, 3
450176, 3
290941, 3
532813, 3
336347, 3
614670, 3
39755, 3
6910, 3
512317, 3
187202, 3
170088, 3
313933, 3
180916, 3
31373, 3
397934, 3
20571, 3
391209, 3
494164, 3
79000, 3
393921, 3
19714, 3
504659, 3
180377, 3
505526, 2
361081, 3
119956, 3
617534, 3
439293, 3
516390, 3
431143, 2
383847, 3
475200, 3
37200, 3
284787, 3
28894, 3
12377, 3
414960, 3
152509, 3
629095, 3
43342, 3
615730, 3
256265, 3
491430, 1
590025, 3
215853, 3
610805, 3
361016, 3
511830, 3
35253, 3
242044, 3
78159, 3
25476, 3
657311, 3
2529, 3
142717, 3
510371, 3
394403, 1
188114, 3
71904, 3
302515, 1
478276, 3
307095, 3
280659, 3
259837, 3
159998, 3
7992, 3
109670, 3
660364, 3
475333, 3
392807, 3
278120, 3
630251, 3
498825, 3
46264, 3
327682, 3
613879, 3
510310, 3
379033, 3
157211, 3
154560, 3
403754, 3
33469, 3
459629, 3
159327, 3
4870, 3
348155, 3
81844, 3
70295, 3
664561, 3
324347, 3
355981, 3
53612, 3
479979, 3
190059, 3
410883, 3
506521, 3
407627, 3
660591, 3
187392, 3
521271, 3
363795, 3
587969, 3
553498, 3
294554, 3
205968, 3
502094, 3
239536, 3
352778, 3
204985, 3
156986, 3
439334, 3
355965, 3
429464, 3
98570, 3
108957, 3
284102, 3
427388, 3
527207, 3
162584, 3
323686, 3
136353, 3
165093, 3
122325, 3
549360, 3
469368, 3
232710, 1
529278, 3
470491, 3
660884, 3
496546, 3
590314, 3
487237, 3
607062, 3
77173, 3
322972, 3
19532, 3
131252, 3
216748, 3
373884, 3
72629, 3
34386, 3
208522, 3
358170, 3
157093, 3
308486, 3
243994, 3
337451, 3
286055, 3
201742, 3
244655, 3
149798, 3
546678, 3
393530, 3
283209, 3
87733, 3
451751, 3
197649, 3
590949, 3
274489, 3
578984, 3
102426, 3
557325, 3
469407, 3
6396, 3
13212, 3
81485, 3
499542, 3
558600, 3
148158, 3
381395, 3
240425, 3
496230, 3
110510, 3
619108, 3
75174, 3
171552, 3
47180, 3
399399, 3
236421, 3
473934, 3
20031, 3
342487, 3
67641, 3
184189, 3
267793, 3
297943, 3
1483, 3
99390, 3
256871, 3
41424, 3
58947, 3
629651, 3
614468, 3
77381, 3
562777, 3
184133, 3
84351, 3
92518, 3
482408, 3
1616, 3
514887, 3
498979, 3
235996, 3
586143, 3
493476, 3
97680, 3
306327, 3
18190, 3
306876, 3
79910, 3
264404, 3
14642, 3
3142, 3
625761, 3
481349, 3
477302, 3
21136, 3
260963, 1
205418, 3
621270, 3
401205, 3
311404, 3
16734, 3
355883, 3
494528, 3
3424, 3
164936, 2
140333, 3
245013, 3
462929, 3
117099, 3
283554, 3
426800, 3
322210, 1
166546, 3
39337, 3
200156, 3
260734, 3
530889, 3
310616, 3
559032, 3
278530, 3
434632, 3
356388, 3
15178, 3
574094, 3
53756, 3
58331, 3
560817, 3
254189, 3
25351, 3
189883, 3
317217, 3
115208, 3
155745, 3
113935, 3
622120, 3
476497, 3
259918, 3
64649, 3
151421, 3
207135, 3
29440, 3
90614, 3
58837, 3
357761, 3
578667, 3
48479, 3
274493, 3
661868, 1
551720, 3
14182, 3
118294, 3
335219, 3
387770, 3
422326, 3
229318, 3
544225, 3
437260, 3
195437, 3
418625, 3
278110, 3
110033, 3
542471, 3
321915, 3
325836, 3
479302, 3
488722, 3
280994, 3
122314, 3
287527, 3
221231, 3
127861, 3
367795, 3
331711, 3
26132, 3
195447, 3
55057, 3
193657, 3
632153, 3
348180, 3
349857, 3
11022, 3
51072, 2
95267, 3
349733, 3
43204, 3
10129, 3
468894, 3
305291, 3
565716, 3
3324, 3
165797, 3
96865, 3
74419, 3
64594, 3
88840, 3
541531, 3
234686, 3
89297, 3
111167, 3
560795, 3
1758, 3
433300, 3
460481, 3
219660, 3
537758, 3
535376, 3
481602, 3
93154, 3
656219, 3
58585, 3
369989, 3
526230, 3
82366, 3
642916, 3
617768, 3
476896, 3
240598, 3
395736, 3
120390, 3
325208, 3
258227, 3
84354, 3
401610, 3
209013, 3
262609, 3
379810, 3
252459, 3
99236, 3
201215, 2
517946, 3
446843, 3
23810, 3
182719, 3
140506, 3
562591, 3
564356, 3
150202, 2
163869, 3
164705, 3
504823, 3
532673, 3
541078, 3
417666, 3
360942, 1
98868, 3
396498, 3
581985, 3
33820, 3
127100, 3
568512, 3
205854, 3
379186, 3
376504, 2
40033, 3
208537, 2
43722, 3
369966, 3
572418, 3
415476, 3
69683, 3
253732, 3
472689, 3
20353, 1
34719, 2
329179, 3
610479, 3
190721, 3
170149, 3
76685, 3
355313, 3
379959, 2
580672, 3
565589, 2
130812, 3
233253, 3
550553, 3
552018, 3
636685, 3
425581, 3
545510, 3
38109, 3
132290, 3
481477, 3
353611, 3
269405, 3
175571, 3
550397, 3
391725, 3
528283, 3
417392, 3
495422, 3
52798, 3
645470, 3
332453, 3
343024, 3
274776, 3
116654, 3
644915, 3
664171, 2
353254, 3
390049, 3
561384, 3
602724, 3
414957, 3
20301, 3
500302, 3
456877, 3
387287, 3
482784, 2
212862, 3
193651, 3
7622, 3
580275, 3
539336, 3
103500, 3
64823, 3
515959, 3
39368, 3
390041, 2
265723, 3
650213, 3
329020, 3
383354, 3
438271, 3
426081, 3
237347, 3
630805, 3
56547, 3
513915, 3
522494, 3
375930, 3
430476, 3
142528, 3
241510, 3
253594, 3
583859, 1
487803, 3
457255, 3
227855, 3
607181, 3
331695, 1
460465, 3
469458, 3
300577, 3
455810, 3
393911, 3
146277, 1
252021, 3
479246, 3
534513, 3
347690, 3
528998, 3
40897, 3
488936, 3
662392, 3
130948, 3
40806, 3
456402, 3
295433, 3
172813, 3
198811, 3
72198, 3
74609, 3
475782, 3
192444, 3
160476, 3
54161, 3
74990, 3
292707, 3
599630, 3
32077, 3
475321, 3
41442, 3
202312, 3
55541, 3
15349, 3
400229, 3
658277, 3
66005, 3
31597, 3
107975, 3
622110, 3
522666, 3
90310, 3
603888, 3
173032, 3
235626, 3
662704, 3
338927, 3
86278, 3
172148, 3
159114, 3
485412, 3
257068, 3
471835, 3
487448, 3
413495, 3
533606, 3
370661, 3
466974, 1
493610, 3
608465, 3
641135, 3
17257, 3
280919, 3
188262, 3
533776, 3
30623, 3
192013, 3
169152, 3
12662, 3
445804, 3
389155, 3
613927, 3
60615, 3
153260, 3
301250, 1
209639, 2
300653, 2
159877, 3
481185, 3
278932, 3
532368, 2
62702, 3
116030, 3
281731, 3
163684, 3
16364, 3
46976, 3
412531, 3
366477, 2
200121, 3
645187, 3
93241, 3
349179, 3
269306, 3
266695, 3
547378, 3
345119, 3
259330, 3
493882, 3
457437, 3
281331, 3
104586, 3
93864, 3
437249, 3
52384, 3
430009, 3
238584, 3
591264, 3
609885, 3
130133, 2
237124, 3
586917, 2
643696, 3
145381, 3
448353, 3
381708, 3
52941, 3
205571, 3
47536, 3
109420, 3
123101, 3
398705, 3
138817, 3
9125, 1
145040, 3
402169, 3
124874, 3
417462, 3
579806, 3
465250, 3
619813, 3
27842, 3
168423, 3
208759, 1
130018, 2
589452, 3
460163, 3
637978, 3
547356, 3
266151, 3
645698, 3
148500, 3
152283, 3
606252, 3
653078, 3
644861, 3
317118, 3
441600, 3
605906, 3
655051, 3
198036, 3
440076, 3
103200, 3
601105, 2
554455, 3
407886, 3
538923, 3
572337, 3
578713, 3
146266, 3
32836, 3
63216, 3
196491, 3
119131, 3
392014, 3
119604, 3
321969, 3
57102, 3
527469, 3
615124, 3
585633, 3
351790, 3
424407, 3
563436, 3
108561, 3
214964, 3
287167, 3
116415, 3
184297, 3
195788, 3
136851, 3
34904, 3
412868, 3
285647, 3
624311, 3
438173, 3
490289, 3
593646, 3
127464, 3
434051, 3
130238, 3
555978, 3
289975, 3
646480, 3
303516, 3
645853, 3
31830, 3
579368, 3
326781, 3
83690, 3
627783, 3
250721, 3
141219, 3
654140, 3
639846, 3
413729, 3
557976, 3
624756, 3
359278, 3
468443, 3
631783, 3
402942, 3
213463, 3
280968, 3
166930, 3
626303, 3
494815, 3
3280, 3
357673, 3
585969, 3
53994, 3
445745, 3
419291, 3
459362, 3
440619, 3
125412, 2
108091, 3
392281, 3
130804, 3
16070, 3
527223, 3
161440, 3
580310, 3
573804, 3
124538, 2
192562, 3
584967, 3
482236, 3
658434, 3
537571, 3
296464, 3
31347, 3
615549, 3
541827, 3
1788, 3
265119, 3
261667, 3
87665, 3
598173, 3
67539, 3
590980, 3
439523, 1
134745, 3
191153, 3
625137, 3
399612, 3
629107, 3
10569, 3
491000, 3
143588, 3
496016, 3
39881, 3
614855, 3
338672, 3
317628, 3
33693, 3
364626, 3
536454, 3
420879, 3
328155, 3
532836, 3
469952, 3
481310, 3
106629, 2
177288, 3
543461, 3
113929, 3
260588, 3
398344, 3
404030, 3
237221, 3
384747, 3
123838, 3
169400, 3
538813, 3
68375, 3
335970, 3
433394, 3
567502, 3
244468, 3
565852, 3
618606, 3
347079, 1
144089, 3
259389, 3
12250, 3
396031, 3
521930, 2
383116, 3
132220, 3
137973, 1
489605, 3
502251, 3
659279, 3
378588, 3
375007, 3
34631, 3
448414, 3
412822, 3
439162, 3
645306, 2
138094, 3
250074, 3
333072, 3
143342, 3
625803, 3
643101, 2
450386, 3
206325, 3
496683, 3
507511, 3
419173, 3
321887, 3
555989, 3
100675, 3
653367, 3
478743, 3
167671, 3
639556, 3
572667, 3
62946, 3
52914, 3
96808, 3
325446, 3
102671, 3
41604, 3
583326, 3
557180, 3
273595, 3
288807, 3
211267, 3
293088, 3
105094, 3
486989, 3
144810, 3
136087, 3
649569, 3
18584, 3
490734, 3
270243, 3
421193, 3
454942, 3
220558, 3
247655, 2
260223, 3
650005, 3
375909, 3
418709, 3
542692, 3
356313, 3
260766, 1
215485, 3
586355, 3
424947, 3
156610, 3
111735, 3
291892, 3
363941, 3
427645, 3
614704, 3
185990, 3
660390, 3
139079, 3
114092, 3
271843, 1
554063, 3
578638, 3
191807, 3
120123, 3
193384, 3
239834, 3
244415, 3
452583, 2
582335, 3
120344, 3
112171, 2
338420, 3
584349, 3
234918, 3
149371, 3
599480, 3
14637, 3
542802, 3
308955, 3
196825, 3
601999, 3
83981, 1
78204, 3
139052, 3
482910, 3
344959, 3
348368, 3
455538, 3
480719, 3
608180, 3
365485, 3
304247, 3
178588, 3
282728, 3
633754, 3
304336, 3
248941, 3
633177, 3
124694, 3
325901, 3
184030, 3
123755, 3
137796, 3
550645, 3
501521, 3
372556, 3
21719, 3
448877, 3
158034, 3
167578, 3
478375, 3
17407, 3
18736, 3
27751, 3
119048, 3
325535, 3
449883, 3
50819, 3
205093, 3
347187, 3
85039, 3
277024, 3
487647, 3
212778, 3
295856, 3
612409, 3
380090, 3
324231, 2
527143, 3
545931, 3
519992, 3
110231, 3
352801, 3
526887, 3
515052, 3
331799, 3
583477, 3
590524, 3
61001, 3
253181, 3
62781, 3
332182, 3
405941, 3
234985, 2
321777, 3
373656, 3
539416, 3
403989, 3
295285, 3
348459, 3
518413, 3
81373, 1
9099, 3
497345, 3
588031, 3
60879, 2
316629, 3
65899, 3
554576, 3
639326, 3
7869, 3
73594, 3
285591, 3
467381, 3
338336, 3
124325, 3
119611, 3
578495, 3
36159, 3
616083, 3
49823, 3
307007, 2
6597, 3
588382, 3
637948, 3
412009, 3
63309, 3
181002, 3
631135, 3
479331, 3
381719, 3
614971, 3
83230, 3
68009, 3
158931, 3
419077, 3
245291, 3
255334, 3
174271, 3
596974, 3
334946, 3
15303, 3
138331, 3
171920, 3
96869, 3
635758, 3
351901, 3
450490, 3
185716, 3
346054, 3
500677, 3
662994, 3
482405, 3
168655, 3
250236, 3
597451, 3
306570, 3
224806, 3
120038, 3
49269, 3
577575, 3
403840, 3
603281, 3
583818, 3
22032, 3
412278, 3
345291, 3
370003, 3
336894, 3
118151, 3
232805, 3
664689, 3
629502, 3
27179, 3
7642, 3
425555, 3
57078, 3
45541, 3
561701, 3
476569, 3
199988, 3
607646, 3
394760, 3
620443, 3
223997, 3
75891, 3
260917, 3
300799, 3
30049, 3
421352, 3
97216, 3
460813, 3
258569, 3
10365, 3
210351, 3
530182, 2
114880, 3
516766, 3
278391, 3
540574, 3
194411, 2
585336, 3
375999, 3
581633, 3
545903, 3
610644, 3
127628, 3
584231, 3
215522, 3
515919, 3
356068, 2
481817, 3
145816, 2
603033, 3
308866, 3
528768, 3
208678, 3
595151, 3
347401, 3
428295, 3
465066, 2
34582, 3
226881, 3
409209, 3
661574, 3
46929, 3
568105, 3
311522, 3
437686, 3
265770, 3
386199, 3
282677, 3
592446, 3
530936, 3
398702, 3
366413, 3
386197, 3
114415, 3
249340, 3
135841, 3
504281, 3
409660, 3
496067, 3
529213, 3
381633, 3
279334, 3
636282, 3
107745, 3
400673, 3
335449, 3
79354, 3
186135, 3
175600, 3
633475, 3
343116, 3
422212, 3
356977, 3
455155, 3
349531, 3
177611, 3
213510, 3
64619, 3
137547, 3
209500, 3
183943, 3
515671, 3
263212, 3
51465, 3
206634, 3
536757, 3
345684, 3
353942, 3
173187, 3
353911, 3
312164, 3
305080, 3
526359, 3
246603, 3
17632, 3
322621, 3
602805, 3
523952, 2
385927, 3
147994, 3
435683, 3
288629, 3
419883, 3
507936, 3
98803, 3
634797, 3
115306, 3
365462, 2
401726, 3
3355, 3
214313, 3
215026, 3
646539, 3
611572, 3
200099, 3
626548, 3
252947, 3
289914, 3
203140, 3
73887, 3
298687, 3
397292, 3
329865, 3
387242, 3
522718, 3
138383, 3
360159, 3
167708, 3
600934, 2
460611, 3
500690, 3
412887, 3
348393, 3
558447, 3
337846, 3
105288, 3
66011, 3
156128, 3
478017, 3
632982, 2
495751, 2
85175, 3
163162, 3
246007, 3
466964, 3
391766, 3
416800, 2
45190, 2
146404, 3
175217, 3
547252, 3
489802, 3
537277, 3
320263, 3
291500, 3
482257, 3
220834, 3
86632, 3
272272, 3
322562, 3
605230, 3
468588, 3
199025, 3
212662, 3
493267, 3
252135, 3
375472, 3
534209, 3
315612, 3
48845, 3
186174, 3
204224, 3
344552, 3
291650, 3
494394, 3
400190, 3
587849, 3
64724, 3
12855, 3
353947, 3
152755, 3
598824, 3
531030, 3
336918, 3
57177, 3
176582, 3
644498, 3
391977, 3
385661, 2
317811, 3
622728, 3
130960, 3
572724, 3
211682, 3
485482, 3
30274, 2
638495, 3
656522, 3
36797, 3
294345, 3
645548, 3
273517, 3
534583, 3
117041, 3
12411, 3
77612, 3
135678, 3
127824, 3
191079, 3
547621, 3
637732, 3
79755, 3
491814, 3
498025, 3
316621, 3
530823, 3
413736, 3
296073, 3
450976, 3
547923, 3
263025, 3
293565, 3
107551, 3
614025, 3
222860, 3
565017, 2
421429, 3
629422, 3
301419, 3
162752, 3
193573, 3
49229, 3
494821, 3
199305, 3
118691, 3
230350, 3
56298, 3
336796, 3
608676, 3
273032, 3
409138, 3
510691, 3
508637, 3
28677, 3
267747, 3
440407, 3
634627, 3
471641, 3
139985, 3
661463, 3
88794, 3
551871, 3
175585, 3
607597, 3
60363, 3
500112, 3
247186, 3
411422, 3
646466, 3
163709, 3
526086, 3
385724, 3
268252, 3
470248, 3
444175, 3
568408, 3
388061, 3
94937, 3
369617, 3
50282, 3
290935, 3
490217, 3
517122, 3
621775, 3
212174, 3
425802, 3
215407, 3
35880, 3
584828, 3
372364, 3
383858, 3
282862, 3
595479, 3
522269, 3
521637, 3
350895, 3
396590, 3
77580, 3
489990, 3
625630, 3
2643, 3
271072, 3
362744, 3
49111, 3
252325, 3
375359, 3
583175, 3
491360, 3
304876, 3
126067, 3
124749, 2
233840, 3
121568, 3
60940, 3
614356, 3
608351, 3
106919, 3
210009, 3
518218, 3
107503, 3
472498, 3
644289, 3
384365, 3
323460, 3
640943, 3
92362, 3
371130, 3
68726, 3
122703, 3
583342, 3
640656, 3
462905, 3
550912, 2
189478, 3
102861, 3
302840, 3
501046, 3
609676, 3
647337, 3
598356, 3
272576, 3
351110, 3
475664, 3
184963, 3
200528, 3
522454, 3
425129, 3
238413, 3
213964, 3
282402, 3
479738, 3
537492, 3
30921, 3
101892, 3
559236, 2
72841, 3
621230, 3
446241, 3
541566, 3
458090, 3
78862, 3
103270, 3
306360, 3
115484, 3
122, 3
99554, 3
196864, 3
521960, 1
465908, 3
390986, 1
648129, 3
592568, 3
309918, 3
531496, 3
197635, 3
69420, 3
377531, 3
407793, 3
277378, 3
435375, 3
651930, 3
164970, 3
574088, 3
362502, 3
349820, 3
465259, 3
531213, 3
423615, 3
392550, 3
151734, 3
88155, 3
417808, 3
164995, 3
541130, 3
165933, 3
472271, 3
169687, 3
229613, 3
32633, 3
458653, 3
309405, 3
428441, 3
573155, 3
597538, 3
121474, 3
12774, 3
621996, 3
587644, 3
258624, 3
313631, 3
436853, 3
316097, 3
285531, 3
135041, 3
191374, 3
79121, 3
189401, 3
173564, 3
142247, 3
589206, 3
292224, 3
392798, 3
416592, 3
576225, 3
200181, 3
466250, 3
468017, 3
524414, 3
467168, 3
34166, 3
559925, 3
221950, 3
211414, 3
427643, 3
1719, 3
524444, 3
439289, 3
615958, 3
353419, 3
256193, 3
508610, 3
259428, 3
457871, 3
473072, 3
461169, 1
154844, 3
410667, 3
290434, 3
216032, 3
654000, 3
27572, 3
55345, 3
89662, 3
659676, 3
403146, 3
272302, 3
436953, 3
406436, 3
482218, 3
312392, 3
530757, 3
214991, 3
150818, 3
540499, 3
505038, 3
626564, 3
489550, 2
393280, 3
491588, 3
200571, 3
549737, 3
542789, 3
56957, 3
497032, 3
107471, 2
94110, 3
178633, 3
278354, 3
588957, 3
416287, 3
627735, 3
175633, 3
622073, 3
475441, 3
384454, 3
508598, 2
623039, 3
515428, 3
58317, 3
619827, 3
90877, 1
435762, 3
25879, 3
59322, 3
111813, 2
664711, 3
643960, 3
539940, 3
661743, 3
597795, 3
617189, 3
556786, 3
149387, 3
548523, 3
624936, 3
238990, 3
159184, 3
459891, 3
568727, 3
649826, 3
80478, 3
399515, 3
118908, 3
516924, 1
565598, 3
145199, 3
278623, 3
637085, 3
520203, 3
496836, 3
412236, 3
437956, 3
36726, 2
346675, 3
508439, 3
368964, 3
450409, 3
212445, 3
74887, 3
309806, 3
594151, 3
543123, 3
300241, 3
572447, 3
70574, 3
490717, 3
6248, 3
589721, 3
657867, 3
190621, 3
498923, 3
22593, 3
508116, 3
602708, 1
496309, 3
619032, 3
264474, 3
329741, 3
139203, 2
149112, 3
192844, 3
542503, 3
623797, 3
230637, 3
327402, 3
131987, 3
501773, 3
467903, 3
397128, 3
368041, 3
306885, 3
297097, 3
156664, 3
110164, 3
980, 3
17638, 3
451564, 3
624814, 3
633443, 3
425631, 3
217747, 1
341034, 3
447538, 3
175467, 3
28149, 3
410651, 3
163305, 3
521367, 3
402751, 3
402127, 3
629386, 3
595626, 3
202377, 3
28486, 3
123, 3
301939, 3
605824, 2
399831, 3
244995, 3
332758, 3
162031, 3
505407, 3
629196, 2
269088, 3
92352, 3
543240, 3
460703, 3
427723, 3
602375, 3
262534, 3
210651, 3
257754, 1
605662, 1
417670, 3
64671, 3
492016, 3
47436, 3
90829, 3
154217, 3
38750, 3
141663, 3
265187, 3
521265, 3
177575, 3
200204, 2
122548, 1
649935, 3
60020, 3
631813, 3
154121, 3
254744, 3
138577, 3
449917, 3
568206, 3
64675, 3
644157, 3
1669, 3
51473, 3
363438, 3
339336, 3
118759, 3
161433, 3
605299, 3
635160, 3
318453, 3
427949, 3
455095, 3
77920, 3
443810, 3
646102, 3
550276, 3
14691, 3
503884, 3
50475, 3
36676, 3
620425, 3
161368, 3
77280, 3
165773, 3
556892, 3
12180, 3
102911, 3
256110, 3
564386, 1
605614, 3
435339, 3
599585, 3
469379, 3
615437, 3
512621, 3
171024, 3
659816, 3
105374, 3
60856, 3
620679, 3
333768, 3
200549, 2
10451, 3
232848, 3
640928, 3
280507, 3
217472, 3
90179, 1
249542, 3
340569, 3
123634, 3
34265, 3
162200, 3
79991, 3
85743, 3
512974, 3
475908, 3
366698, 3
404459, 3
423898, 3
43000, 3
74060, 3
208361, 3
537347, 3
399676, 2
256542, 3
314641, 3
295049, 3
595285, 3
455933, 3
607773, 3
403656, 3
452167, 2
205136, 3
55014, 3
165970, 3
9245, 3
439926, 3
152154, 3
122240, 3
559789, 3
271776, 3
163064, 3
641843, 3
190444, 3
362571, 3
386524, 3
199423, 3
164371, 3
532068, 3
380742, 3
431620, 3
5075, 2
526266, 3
297033, 3
209046, 3
213246, 3
191121, 3
114324, 3
184698, 3
531174, 3
71272, 3
242172, 3
441161, 3
21802, 3
406298, 3
211918, 3
643885, 3
336620, 3
357030, 3
231636, 3
56380, 1
471320, 3
156532, 3
518884, 3
432232, 3
659924, 3
642228, 3
165885, 3
111267, 3
624370, 3
595498, 1
135540, 3
35428, 2
88897, 3
159339, 3
189970, 3
377133, 3
36707, 3
110423, 3
593787, 3
140758, 2
554560, 3
539329, 3
537391, 3
594489, 3
538704, 3
664208, 3
578500, 3
35434, 3
414239, 3
574690, 3
18702, 3
154158, 3
48085, 3
582854, 3
521376, 3
531530, 2
504349, 3
341121, 3
58880, 3
159365, 3
375142, 3
91423, 3
174846, 3
308919, 3
255006, 3
417466, 3
471202, 3
13429, 3
3918, 3
125385, 3
296085, 3
391482, 3
294050, 3
492618, 3
196813, 3
612392, 1
533248, 3
206694, 3
598753, 3
566036, 2
378419, 3
113885, 3
36906, 2
173297, 3
268580, 3
152139, 3
3733, 3
239210, 3
532742, 3
327581, 3
156044, 3
462098, 3
380991, 3
485506, 3
16069, 3
336034, 3
197494, 3
171257, 3
510930, 3
381656, 3
175757, 3
644258, 3
148121, 3
52789, 2
615282, 3
658417, 3
75568, 2
548833, 3
352562, 3
201830, 3
502981, 3
649908, 3
403722, 3
571192, 3
131476, 3
290280, 3
116277, 3
593718, 3
525729, 3
509933, 3
104158, 3
651925, 1
287020, 3
230927, 3
164972, 3
446827, 3
338730, 3
143895, 3
68975, 3
293054, 3
469130, 3
451744, 3
493419, 3
499626, 3
381269, 3
39194, 3
638045, 3
270340, 3
455183, 1
496155, 3
330054, 3
408759, 3
636940, 3
484256, 3
162201, 3
433017, 3
560012, 3
137638, 3
428515, 3
451788, 3
519037, 3
267893, 3
355556, 2
495799, 3
317061, 3
593683, 3
637985, 3
84177, 2
606183, 3
92605, 3
567876, 3
642433, 3
242041, 3
491875, 3
596882, 3
641482, 3
605627, 3
553979, 3
303880, 3
130857, 3
337853, 3
310132, 3
289001, 3
631306, 3
13861, 3
591570, 3
368207, 3
602642, 2
609515, 3
89632, 3
147468, 3
538748, 3
612427, 3
335232, 3
435264, 3
145732, 3
168750, 3
554254, 3
488258, 3
433304, 3
276515, 3
137700, 3
118782, 3
39720, 3
240091, 3
256314, 3
430505, 3
364599, 3
35812, 3
197339, 3
518901, 3
337393, 3
599199, 3
557012, 3
349915, 3
194151, 3
269915, 3
495748, 3
431841, 3
165198, 3
302875, 3
292701, 3
145278, 3
70195, 3
426643, 3
626195, 3
12470, 3
140012, 3
301216, 3
78102, 3
247382, 3
614272, 3
535118, 3
25317, 3
639437, 3
616993, 3
47183, 3
535684, 3
26678, 3
10332, 3
280521, 3
653527, 3
646948, 3
294384, 3
275153, 3
114798, 3
2680, 3
83332, 3
605896, 3
359407, 3
490169, 3
171027, 3
380888, 3
585571, 3
353501, 3
129084, 3
47359, 3
477093, 3
407865, 3
428916, 3
279941, 3
381574, 3
604782, 3
492870, 1
579975, 3
150085, 3
171842, 3
435506, 3
128247, 3
167180, 3
221415, 3
493833, 3
661613, 3
66303, 3
599330, 3
475516, 3
106014, 3
405610, 3
663802, 3
332239, 3
252743, 3
243080, 3
96106, 3
542053, 3
664624, 2
242714, 3
192305, 3
601988, 3
481340, 3
640480, 3
130408, 3
543051, 3
431581, 2
288475, 3
240858, 3
421096, 3
454448, 3
366789, 3
538981, 3
3261, 3
562936, 3
233722, 3
654565, 3
40019, 3
88743, 3
110488, 3
303493, 3
397092, 3
267152, 3
228683, 3
462675, 3
551970, 3
394299, 3
583961, 3
376192, 3
500088, 3
496099, 3
134581, 3
657075, 3
6262, 3
430562, 3
37898, 3
501828, 3
277881, 3
333396, 2
141085, 3
506353, 3
337662, 3
644280, 3
617560, 3
215044, 3
48571, 3
495900, 3
175391, 3
283883, 3
551217, 3
87671, 3
252157, 3
580067, 3
235838, 3
568500, 3
290291, 3
256823, 3
503415, 3
630350, 3
193566, 3
153783, 3
17894, 2
552909, 3
664622, 3
577037, 3
255275, 3
118644, 3
306550, 2
556711, 3
642830, 3
110152, 1
208965, 3
365770, 3
624737, 1
27930, 3
280584, 3
481339, 3
472163, 3
116600, 3
597633, 3
641987, 3
529812, 3
623831, 3
548613, 3
514106, 3
37157, 3
342293, 3
561440, 3
313103, 3
371883, 3
499477, 3
19628, 3
193256, 3
564528, 3
508011, 3
373597, 3
457485, 3
356094, 3
136362, 3
345108, 3
158814, 3
601696, 3
63075, 3
398427, 3
323769, 3
288457, 3
90463, 3
580670, 3
97839, 3
615434, 3
619985, 3
382732, 2
561313, 3
110891, 3
336017, 3
642405, 2
484126, 3
454042, 3
403911, 3
188039, 3
195938, 3
653087, 3
483988, 3
375842, 3
265163, 3
310261, 3
91782, 2
447337, 2
330075, 3
583790, 3
105765, 1
481011, 2
485107, 3
154002, 3
394462, 3
480647, 3
398833, 3
202102, 3
233369, 3
140199, 3
378452, 2
512693, 3
587477, 3
439390, 3
210588, 3
610712, 3
331066, 3
56266, 3
220572, 3
230893, 3
104013, 3
500000, 3
412579, 3
81, 2
631028, 3
633741, 3
305667, 3
341426, 3
528740, 3
430050, 3
48192, 1
434104, 1
169630, 3
646840, 3
315394, 3
468164, 3
63618, 3
182949, 3
113196, 3
580033, 3
310771, 3
520201, 3
664868, 3
61012, 3
539216, 3
199765, 3
57917, 3
164763, 3
481117, 3
334650, 2
545133, 3
431448, 3
389526, 3
73117, 3
522610, 1
486061, 3
239182, 3
585613, 2
498508, 3
127559, 2
138034, 3
356527, 3
251376, 3
338512, 3
370920, 3
611574, 3
47952, 1
484366, 3
259597, 3
178247, 3
54043, 3
63665, 3
281618, 3
421563, 3
79416, 3
66259, 3
60883, 3
647826, 3
302645, 3
415439, 3
90764, 3
310181, 3
489268, 3
526210, 3
107361, 3
463721, 3
18962, 3
220120, 3
475603, 3
647357, 3
153526, 3
372126, 3
566877, 2
234885, 3
614755, 3
114563, 3
603681, 3
402975, 3
639094, 3
361489, 3
323194, 3
317926, 3
215701, 3
622978, 1
257301, 3
597238, 3
492636, 3
448997, 3
175575, 3
629855, 3
291345, 3
333891, 3
539903, 3
440845, 3
25348, 3
208885, 3
465252, 3
272202, 3
340905, 3
328681, 3
617094, 3
252241, 3
414139, 3
367934, 3
573577, 3
260811, 3
170048, 3
523431, 3
553490, 3
652710, 1
53394, 3
129280, 3
341783, 3
501348, 3
169919, 3
227191, 3
588984, 3
555151, 3
122120, 3
165164, 3
260972, 3
332656, 3
639777, 3
569777, 3
655138, 3
227862, 3
216453, 3
35913, 3
407261, 3
3569, 3
380228, 3
48209, 3
529707, 3
425333, 3
540280, 3
355630, 3
358629, 3
276795, 3
422114, 3
345836, 1
570764, 3
643700, 3
464842, 3
380539, 3
453194, 3
161131, 3
323698, 3
352161, 3
630219, 3
502763, 3
624491, 3
380646, 3
15315, 3
182669, 3
399914, 3
618887, 3
426434, 2
372875, 3
136754, 3
611168, 3
589461, 3
529206, 1
598067, 3
521900, 3
107564, 3
77705, 3
249234, 3
387931, 3
149550, 3
329152, 3
362180, 3
238390, 3
380441, 3
59776, 3
185813, 3
466241, 3
299249, 3
611336, 2
599247, 3
273667, 3
534317, 2
73233, 3
356071, 3
386793, 3
133208, 3
298418, 3
482747, 3
295560, 3
50342, 3
14719, 3
32821, 3
318967, 3
403745, 3
309763, 3
556608, 3
239737, 3
406098, 3
225640, 3
2716, 3
456671, 3
256924, 3
45445, 3
530286, 3
193403, 3
396279, 3
512265, 3
407353, 3
54007, 3
505962, 3
144837, 3
326838, 3
270748, 3
353365, 3
415770, 3
288887, 3
652386, 3
8644, 3
599700, 3
406772, 3
562888, 3
294026, 3
356747, 3
484671, 3
41764, 3
446408, 3
605211, 3
644235, 3
39834, 3
265229, 3
457923, 3
455543, 3
443498, 3
536546, 3
178439, 3
655153, 3
429843, 3
60003, 3
245601, 3
440335, 3
551843, 3
115909, 3
307935, 3
145891, 3
179631, 3
459953, 3
604653, 3
512303, 3
302076, 3
470078, 3
59573, 3
144646, 3
2863, 3
530017, 3
38116, 3
356753, 3
355024, 3
209218, 2
490669, 3
290903, 3
232652, 3
171962, 3
94990, 3
504619, 3
496584, 3
35853, 3
21746, 3
338885, 3
437707, 3
389859, 2
562405, 3
491211, 3
358450, 3
4939, 3
647004, 3
242381, 3
660443, 3
407945, 3
647774, 3
1666, 3
533989, 3
163907, 3
245342, 3
483048, 3
620975, 3
75705, 3
469242, 3
575822, 3
531411, 3
357113, 3
192729, 2
224512, 3
89921, 3
208970, 3
370384, 3
174996, 3
458804, 3
577449, 3
379739, 3
551408, 3
508479, 3
301811, 3
15739, 3
161608, 3
99548, 3
29698, 3
281074, 3
619655, 3
217279, 3
103945, 3
535219, 3
554789, 3
597697, 3
23984, 3
510818, 3
47328, 3
184974, 1
606649, 3
490519, 3
640449, 3
43092, 3
237213, 3
618344, 3
307233, 3
169022, 3
74504, 3
449732, 3
472678, 3
296544, 3
50661, 3
525070, 3
371043, 3
555108, 3
144743, 3
157936, 3
210471, 3
413806, 3
464088, 3
331240, 3
244810, 3
201021, 3
13492, 3
648288, 3
97576, 3
364170, 3
74964, 3
621217, 3
410470, 3
621509, 3
374514, 3
525926, 2
270619, 3
350082, 2
16815, 3
331882, 3
327957, 3
336611, 3
286409, 3
36268, 3
483376, 3
204477, 3
578153, 3
55122, 1
339262, 3
298292, 3
438386, 3
162144, 3
201187, 2
291435, 3
642155, 3
24529, 3
300697, 3
280026, 3
237664, 3
374893, 3
99886, 3
538220, 3
567300, 1
421494, 3
148374, 3
296275, 3
501596, 3
661673, 2
3630, 3
370898, 3
221847, 3
612149, 3
420499, 3
579122, 2
217634, 3
293418, 3
190667, 3
590903, 3
50052, 3
335129, 3
499331, 3
354616, 3
525162, 3
582740, 3
132693, 3
526763, 3
474208, 3
389494, 2
62597, 3
385431, 3
231635, 3
614002, 3
134725, 3
60925, 3
248566, 3
528652, 3
164625, 3
138965, 3
183283, 3
177963, 3
416058, 3
540132, 3
635903, 3
158059, 3
580109, 3
436876, 3
288852, 3
529397, 3
505496, 3
379029, 3
42768, 3
473049, 3
527596, 1
617106, 3
37875, 3
262485, 3
427656, 3
462953, 3
352808, 3
368110, 3
125260, 3
196772, 3
337981, 3
614849, 3
641662, 3
307247, 3
596939, 3
646914, 3
189664, 3
606056, 3
88390, 3
221490, 3
663157, 3
19344, 3
465121, 3
124160, 3
337357, 3
383194, 3
383780, 3
601369, 3
118588, 3
169084, 3
376326, 3
216127, 3
321385, 2
143159, 3
148392, 3
66475, 3
635693, 3
150725, 3
118688, 3
163205, 3
641856, 3
237809, 3
206641, 3
244450, 3
210944, 3
167067, 3
598572, 3
434968, 3
563381, 3
62066, 3
288920, 3
361179, 3
222264, 3
607756, 3
598071, 3
223473, 3
67175, 3
239888, 3
657282, 3
176870, 3
196088, 3
599573, 3
456844, 3
121791, 3
459954, 3
15722, 3
220023, 3
209817, 3
196721, 3
189562, 3
57817, 3
551296, 3
69114, 3
567318, 3
533876, 3
238094, 3
448166, 3
388245, 2
421160, 3
606494, 3
78642, 3
23921, 3
124493, 3
209625, 3
632432, 3
602654, 3
350552, 3
401532, 3
209911, 3
599863, 3
539786, 3
190972, 3
281150, 3
419618, 2
431228, 1
600514, 3
201865, 3
103640, 3
116590, 3
25884, 3
140610, 3
584892, 3
574278, 3
341758, 3
68327, 3
566670, 3
154411, 3
562899, 3
255306, 3
116647, 3
522343, 3
131348, 3
376780, 3
473963, 3
505293, 2
498184, 3
70989, 3
231365, 3
434199, 3
274955, 3
474377, 3
503057, 3
156983, 3
88033, 3
403282, 3
624745, 3
94889, 3
499513, 2
589699, 3
27992, 3
73824, 3
286308, 3
130620, 3
415812, 3
371005, 3
253357, 3
319980, 3
634305, 3
516156, 3
584736, 3
199142, 3
404518, 3
86352, 3
598825, 3
302401, 3
235014, 3
83639, 3
178715, 3
107257, 3
42820, 3
463084, 3
73972, 3
223809, 3
47050, 3
392725, 3
522980, 3
141497, 3
166591, 3
483602, 3
183329, 3
630232, 3
330714, 3
536566, 3
7360, 3
15819, 3
558315, 3
524776, 3
256999, 3
380924, 3
488809, 3
131365, 3
166846, 3
238014, 3
399976, 2
130324, 3
92130, 3
119210, 3
301535, 3
156663, 3
644424, 3
503574, 3
140761, 3
3851, 3
527950, 3
32965, 3
8300, 3
367389, 3
608307, 3
415947, 3
412920, 3
101510, 3
57088, 3
30770, 3
289151, 3
222347, 3
428851, 3
45766, 3
448905, 3
48856, 3
126542, 3
314544, 3
264475, 3
94344, 3
42487, 3
333081, 3
130155, 3
564020, 3
414973, 3
464489, 3
295041, 3
170066, 3
235582, 3
525512, 3
662056, 3
4784, 3
192674, 3
327241, 3
145192, 3
107782, 3
21132, 2
596979, 3
151, 3
17595, 3
417758, 3
46576, 3
573004, 3
94359, 3
39592, 3
453595, 3
541642, 3
493840, 3
139858, 3
275918, 3
260662, 3
476819, 3
430849, 3
71914, 3
58234, 3
186545, 3
476460, 3
635240, 3
412930, 3
521220, 3
351970, 3
209191, 3
294990, 3
119575, 3
578552, 3
256470, 3
625235, 3
441059, 3
574456, 3
417040, 1
458125, 3
384264, 3
92473, 3
336304, 3
582347, 3
494484, 3
246323, 3
517382, 3
564775, 3
565528, 3
374064, 3
430486, 3
587980, 3
350045, 3
564672, 3
232830, 3
345612, 3
279030, 3
177104, 3
404503, 3
141149, 2
78827, 3
542821, 3
322325, 3
217650, 3
272015, 3
580982, 3
95628, 3
306703, 3
226330, 3
76221, 3
4898, 3
452119, 3
413793, 3
412354, 3
186631, 3
112700, 3
188524, 2
105083, 3
664226, 3
365152, 3
443240, 3
265332, 3
496822, 3
295045, 3
387054, 3
601554, 3
250266, 3
532278, 3
55811, 3
352469, 3
141506, 3
224064, 3
659637, 3
583108, 3
591186, 3
657187, 3
636675, 3
437774, 3
345060, 3
297822, 3
212237, 3
390646, 3
184070, 3
477109, 3
158876, 3
613018, 3
18880, 3
475561, 3
338567, 3
180574, 3
447861, 3
604449, 3
522152, 3
630217, 3
580565, 3
20961, 3
647097, 3
317728, 3
386994, 3
552393, 3
156135, 3
18366, 3
549664, 3
102436, 3
330419, 3
119519, 3
472, 3
109609, 3
629605, 3
23832, 3
4827, 3
374062, 3
361507, 3
462868, 3
461784, 3
192257, 3
104987, 3
60573, 3
192682, 2
13092, 3
304855, 3
441408, 3
369663, 3
132772, 3
611913, 3
399213, 3
309881, 3
258904, 3
152460, 3
652442, 3
228777, 3
296620, 3
637997, 3
660001, 3
383837, 3
208946, 3
400801, 3
83824, 3
637258, 3
133553, 3
377465, 3
156347, 1
653293, 3
330617, 2
363180, 3
531233, 2
288473, 3
485849, 3
406253, 3
230353, 3
132557, 3
272527, 3
659818, 3
91129, 3
335999, 2
330753, 3
121695, 3
42032, 3
162150, 3
405001, 3
497542, 3
275799, 3
416567, 3
42819, 3
387602, 3
125447, 3
563809, 2
19672, 3
406844, 3
555947, 3
586505, 3
516601, 3
165230, 3
602046, 3
136249, 3
298659, 3
511139, 3
265443, 3
546988, 3
305144, 3
45890, 3
20035, 3
284209, 3
106977, 3
74801, 3
236867, 3
17612, 3
266830, 3
52417, 3
560539, 3
556127, 3
392910, 3
108932, 3
483192, 3
328073, 3
637241, 3
460993, 3
111732, 3
83037, 3
622785, 3
493991, 3
315192, 3
93711, 3
101976, 3
278035, 3
423294, 3
408209, 3
315230, 3
198822, 3
520698, 3
266305, 3
120217, 3
223790, 3
467712, 2
607158, 3
148588, 3
45826, 3
580144, 3
46674, 3
597074, 3
397101, 3
86434, 3
478616, 3
136478, 2
425550, 3
664301, 3
141041, 3
245155, 3
576510, 3
582324, 3
608116, 3
151624, 3
182817, 3
58426, 3
282145, 3
457243, 3
573025, 3
145424, 3
224128, 3
226750, 3
325138, 3
224228, 3
132065, 3
566294, 3
271168, 3
328199, 3
622911, 3
494774, 3
403637, 3
616101, 3
274241, 3
638339, 3
352047, 3
403062, 3
494719, 3
468975, 3
6585, 3
95032, 3
312405, 3
113113, 3
172408, 3
74102, 3
248564, 3
609139, 3
532329, 3
637594, 3
121696, 3
531761, 3
595043, 3
428861, 3
410673, 3
533017, 3
554603, 3
496371, 3
656862, 3
316613, 3
378277, 3
324177, 3
436103, 3
438539, 3
153133, 3
325187, 3
368614, 3
569352, 3
454428, 3
650599, 3
565593, 3
375056, 3
83945, 3
129292, 2
412511, 3
490977, 3
642243, 3
349358, 3
329671, 3
97864, 3
457645, 3
241260, 3
502463, 2
375558, 3
486071, 3
341262, 3
268073, 3
392315, 3
255005, 3
626390, 3
19085, 3
427221, 3
318583, 3
428459, 3
585869, 3
509498, 3
155725, 3
622904, 3
314894, 3
100096, 3
661975, 3
30997, 3
473629, 3
366483, 3
13696, 3
455540, 3
21879, 3
449246, 3
569519, 3
372895, 3
536978, 3
495452, 3
199993, 2
626702, 3
462393, 3
91222, 3
37835, 3
20757, 3
605311, 3
314714, 2
630279, 3
264840, 2
108402, 3
219951, 3
476987, 3
55302, 3
87738, 3
509048, 3
453403, 3
229918, 3
104223, 3
419233, 3
297564, 3
37201, 3
260147, 3
234282, 3
45061, 3
100597, 3
10926, 3
103058, 3
601399, 3
396761, 3
180832, 3
442383, 3
386402, 3
203409, 3
243621, 3
158475, 3
116229, 3
39581, 2
350668, 3
83051, 3
292315, 3
194594, 3
49822, 2
113713, 3
594969, 2
354056, 3
539308, 3
596435, 3
301652, 3
114130, 3
462843, 3
622940, 3
327487, 3
153236, 3
127334, 3
455072, 3
334554, 3
125547, 3
483866, 3
243616, 3
211089, 3
444899, 2
55116, 3
128383, 3
400973, 3
285839, 3
657660, 3
47198, 3
62547, 3
575967, 1
90712, 3
560611, 3
598341, 3
525931, 3
482872, 3
5671, 3
450327, 3
128635, 3
387553, 3
174296, 3
513023, 3
307327, 3
122526, 3
89204, 1
509835, 2
626182, 3
105506, 3
602835, 3
425927, 3
467824, 3
489080, 3
315189, 3
237115, 3
164103, 3
250005, 3
652618, 3
449460, 3
227788, 3
363819, 3
78454, 3
401264, 3
98600, 3
466217, 3
274050, 3
335132, 3
47989, 3
27624, 3
610074, 3
463451, 3
299293, 3
121328, 3
491058, 3
447399, 1
591948, 3
560171, 3
539744, 3
612478, 3
407099, 3
635281, 3
455921, 3
591059, 3
486986, 3
601224, 3
245447, 3
101937, 3
565839, 3
351103, 3
301689, 2
551740, 3
174233, 3
398223, 3
478028, 3
134558, 3
623666, 3
206967, 3
292367, 3
540046, 3
310843, 3
482275, 3
86600, 3
502531, 3
87010, 3
157523, 3
611301, 3
431450, 3
388692, 3
636249, 3
617605, 3
297098, 3
301094, 3
495429, 3
49740, 3
90433, 3
559097, 3
578685, 3
12797, 3
122754, 3
592402, 3
11522, 3
486639, 3
73248, 3
443550, 3
464311, 3
453313, 3
32514, 3
81906, 3
607483, 3
132150, 2
53452, 3
553878, 3
445972, 3
411203, 3
612544, 3
503470, 3
525539, 3
588603, 3
12304, 3
257280, 3
660665, 3
225153, 3
483472, 3
74687, 3
252413, 3
631047, 3
150610, 3
571446, 3
626052, 3
179254, 3
583325, 3
258479, 3
483122, 3
449898, 3
172980, 3
630616, 3
344734, 3
353926, 3
263079, 3
14773, 3
536333, 3
22881, 3
541799, 3
113832, 3
657880, 3
437965, 3
243901, 3
322383, 3
622004, 3
457739, 3
456653, 3
130957, 3
362479, 3
328432, 3
541361, 3
243570, 3
464500, 3
6449, 3
157047, 3
24512, 3
265851, 3
45022, 3
417947, 3
594943, 2
462521, 3
393882, 3
626884, 3
97278, 3
628206, 3
580678, 3
632261, 3
400576, 3
659986, 3
105167, 3
362853, 3
617946, 3
82338, 3
372242, 3
363871, 3
209929, 3
102767, 3
428594, 3
25523, 3
620712, 3
105936, 3
123962, 3
383612, 3
174004, 3
298297, 3
642312, 3
288436, 3
428003, 3
12205, 3
610310, 3
35839, 3
593472, 3
495952, 3
54389, 3
558708, 3
363588, 3
11803, 3
443867, 3
419683, 3
40699, 3
354311, 3
302225, 3
408105, 3
442955, 3
381721, 3
504536, 3
196964, 2
520627, 3
482928, 3
463925, 3
544129, 3
561056, 3
371051, 3
414985, 3
244427, 3
290735, 3
505973, 3
190591, 3
143505, 3
88850, 3
387401, 3
159162, 3
625251, 3
224380, 3
287929, 3
518759, 3
301140, 3
312708, 3
474569, 3
318839, 3
36971, 3
495331, 2
524866, 3
239415, 3
345936, 3
250996, 3
571384, 3
169588, 3
105307, 3
491844, 3
361570, 3
554486, 3
522451, 3
443603, 3
381645, 3
662946, 3
230080, 3
147774, 3
525913, 3
12689, 3
438120, 2
260156, 3
23566, 3
643305, 3
312064, 3
206090, 3
269254, 3
456901, 3
314336, 3
252365, 3
122827, 3
560954, 1
434381, 3
183841, 3
601658, 3
566071, 3
535988, 3
648988, 3
470119, 3
425244, 3
337994, 3
342388, 3
371436, 3
408764, 3
407389, 3
47532, 3
295132, 3
485410, 3
164091, 3
334649, 3
462829, 3
273229, 3
357514, 3
359150, 3
432958, 3
524817, 3
333416, 3
110358, 3
473400, 3
309322, 3
470887, 3
205243, 3
610456, 3
493346, 3
92371, 3
70960, 3
492515, 3
636515, 3
449151, 3
62186, 3
291957, 3
481101, 3
187212, 2
651152, 3
436801, 3
491032, 3
110774, 1
604043, 3
628081, 3
10631, 3
606371, 3
70052, 3
634565, 3
178888, 3
296452, 3
409818, 3
503169, 3
652375, 2
515901, 3
91652, 3
275120, 3
306209, 3
552864, 3
327846, 3
261701, 3
275521, 3
395789, 3
140940, 3
73243, 3
317178, 3
201266, 2
288126, 3
272301, 3
201856, 3
311698, 3
359777, 3
292074, 3
643086, 3
165460, 3
20413, 3
595485, 3
401654, 3
348827, 3
595153, 3
348600, 3
447550, 3
350871, 3
655065, 3
521108, 3
576283, 3
118801, 3
372285, 3
297012, 3
42788, 3
204320, 3
498235, 3
280692, 3
356453, 3
36162, 3
446065, 3
110430, 3
193425, 3
4508, 3
304799, 3
288885, 3
51335, 3
93947, 3
553655, 3
619103, 3
394172, 3
81325, 3
370605, 3
11651, 3
282847, 3
476180, 3
164376, 3
574168, 3
610171, 3
113932, 3
512323, 3
524738, 2
190559, 3
61203, 3
278641, 3
207934, 3
476767, 3
129070, 3
331287, 3
644672, 3
37452, 3
82323, 3
315928, 3
557052, 3
657888, 3
131922, 3
377442, 3
202427, 3
344485, 3
229467, 3
481374, 3
52618, 3
95846, 3
598805, 3
434479, 3
544426, 3
528219, 3
413646, 3
533532, 3
522755, 3
471455, 3
502451, 3
213935, 3
263930, 3
295777, 3
312242, 3
611718, 3
573501, 3
347997, 3
289426, 3
225517, 3
15516, 3
657003, 3
45884, 3
403683, 3
283799, 3
520645, 3
36200, 3
367992, 3
274870, 1
504099, 3
576836, 3
268489, 3
350154, 3
62356, 3
335583, 3
196873, 3
552725, 3
428506, 1
409588, 3
554525, 3
540537, 3
500545, 3
482930, 3
91998, 3
637391, 3
194537, 3
652608, 3
389463, 3
515282, 3
146527, 3
153568, 3
630133, 3
214574, 3
582674, 3
264121, 3
615608, 3
89944, 3
644407, 3
23622, 3
175688, 3
261554, 3
616395, 3
302504, 3
224177, 3
325070, 3
138600, 3
88925, 3
528853, 3
571295, 3
545881, 3
24161, 3
242525, 3
416206, 3
260576, 1
189056, 3
3327, 3
513415, 3
368895, 3
347897, 3
126225, 3
307244, 3
496508, 3
343177, 3
7082, 3
84024, 1
31193, 3
632739, 3
462961, 3
286270, 3
110706, 2
81314, 3
48269, 3
177225, 3
147476, 3
6304, 3
377529, 3
657341, 3
446284, 3
661353, 3
636805, 3
464306, 3
125059, 3
392824, 3
397523, 3
331708, 3
458539, 3
18592, 3
348367, 3
265640, 3
212817, 1
102924, 3
367033, 3
304825, 3
297444, 3
447133, 3
166722, 3
456903, 3
35403, 3
438171, 3
662180, 3
604589, 3
636013, 3
422194, 3
164068, 3
387483, 3
54148, 1
24993, 3
574420, 3
454452, 3
413865, 3
340122, 3
532621, 3
63458, 3
550792, 3
525366, 3
258896, 3
59908, 3
68917, 3
338323, 3
592794, 3
63153, 3
147421, 2
450950, 3
389180, 3
509190, 3
557374, 3
419031, 3
342027, 3
479369, 3
128329, 3
230947, 2
550396, 3
527242, 3
521016, 3
183627, 3
456480, 3
474474, 3
178268, 3
367458, 3
229656, 3
235503, 3
591533, 3
621598, 3
571076, 3
486437, 3
276497, 3
128504, 3
526134, 3
412804, 3
90304, 3
254090, 3
621602, 3
468529, 2
245251, 1
643704, 3
502638, 3
336135, 3
118885, 3
595368, 3
569630, 3
501819, 3
518617, 3
95199, 3
657142, 3
274622, 3
296660, 3
345721, 3
192310, 3
417454, 3
302292, 3
133948, 3
555379, 3
349474, 3
11766, 3
192151, 1
350782, 3
140546, 3
646926, 3
351866, 3
89849, 3
631523, 2
612633, 3
630309, 3
345593, 3
201623, 3
14776, 3
236133, 3
37308, 2
105283, 3
176211, 3
462999, 3
407802, 3
206188, 3
454381, 3
8027, 3
192541, 2
482381, 3
346738, 3
231357, 3
181588, 3
641869, 3
659846, 3
11731, 3
325113, 3
593685, 3
134924, 3
38472, 3
260434, 2
424547, 2
254180, 3
223538, 3
404795, 3
362014, 3
382080, 3
540064, 3
271220, 3
4353, 3
416429, 3
594756, 3
596773, 3
510218, 3
152026, 3
326657, 3
178107, 3
603768, 3
434845, 3
462272, 3
187910, 2
171231, 3
92016, 2
113678, 3
237994, 2
503302, 3
124815, 3
2096, 3
515820, 3
538137, 3
109189, 3
471575, 3
657860, 3
212576, 3
52123, 3
177580, 2
526658, 3
242286, 3
108274, 3
508200, 3
552890, 3
326573, 3
374957, 3
59962, 3
179833, 3
45107, 3
537387, 3
486176, 3
340648, 3
8760, 3
270027, 2
100995, 3
212560, 3
627497, 3
399765, 3
409321, 3
644902, 3
82628, 3
458548, 3
623387, 3
1328, 3
581836, 3
501479, 3
603979, 3
440467, 3
435816, 3
124182, 3
98158, 2
374305, 3
245722, 3
228363, 3
85960, 3
328505, 3
86714, 3
557108, 3
568909, 3
75912, 3
189107, 3
258235, 3
8274, 3
109831, 3
283522, 3
225573, 3
81501, 3
352296, 3
66372, 3
623398, 3
134817, 3
641355, 2
507014, 3
562153, 3
421139, 3
128820, 3
271960, 3
638276, 3
286112, 3
88797, 3
537899, 3
350576, 3
286067, 3
56356, 3
418796, 3
39661, 3
580151, 3
446486, 3
649281, 3
451727, 3
90432, 3
198438, 3
271919, 3
230422, 3
461320, 3
16393, 3
264723, 3
653952, 3
251166, 2
276459, 3
319470, 3
622914, 3
646574, 3
189146, 3
222337, 3
353029, 3
635429, 3
294800, 3
414085, 3
619944, 2
34506, 3
341586, 3
532989, 3
545912, 3
256159, 3
13911, 3
170081, 3
495021, 3
606934, 3
188620, 2
38047, 3
463031, 3
474803, 3
524549, 3
160186, 3
218710, 3
237982, 3
659135, 3
590113, 3
354878, 3
11773, 3
625577, 3
371201, 3
586892, 3
566655, 3
419625, 3
194912, 3
285300, 3
526845, 3
636510, 3
664712, 3
533013, 3
133630, 3
219708, 3
287300, 3
372867, 3
90639, 3
576845, 3
488304, 3
353203, 3
399517, 3
500079, 3
649306, 3
527839, 3
405919, 3
377020, 3
568670, 3
76563, 3
222412, 3
281565, 3
175421, 3
339843, 3
443947, 3
463705, 3
448057, 3
455309, 3
390009, 3
266669, 3
402439, 3
102264, 3
131171, 3
145316, 3
367159, 3
66559, 3
166312, 3
27252, 3
445404, 3
195575, 3
48614, 3
31412, 3
548245, 3
357822, 3
127712, 3
614892, 3
88661, 3
431204, 3
9412, 3
338156, 3
521254, 3
186328, 3
91511, 3
584549, 3
658964, 3
441282, 3
136389, 3
351692, 3
323836, 3
81345, 3
151120, 3
41758, 3
524272, 2
317483, 3
503060, 3
542564, 3
115289, 3
398501, 3
4873, 3
597153, 3
529839, 3
546956, 3
503237, 3
360345, 2
536406, 3
626281, 3
78251, 3
520030, 3
49086, 3
458258, 3
375951, 3
340272, 3
620422, 3
114782, 3
200931, 2
208895, 3
239584, 3
557304, 3
480972, 3
161004, 3
653997, 3
403115, 3
151754, 2
412459, 3
189532, 3
434892, 3
198136, 3
58875, 3
536699, 3
487924, 3
4409, 3
591515, 3
370247, 3
567988, 3
563966, 3
326019, 3
631268, 3
458340, 3
65686, 3
261812, 3
98557, 3
370098, 3
464233, 3
253235, 3
336114, 3
544901, 3
492886, 3
453913, 3
214577, 3
448268, 3
558747, 3
3866, 3
351153, 3
301238, 3
29127, 3
663453, 1
124927, 3
577236, 3
542478, 3
234526, 3
25480, 3
122718, 3
5813, 3
76824, 3
10740, 3
223950, 3
194230, 3
647597, 3
416671, 3
122822, 3
580631, 3
515885, 3
147366, 3
167278, 3
537690, 3
359794, 3
222098, 3
169883, 3
457741, 3
486550, 3
71867, 3
55925, 3
496621, 3
32359, 3
290583, 3
231810, 3
624333, 3
519684, 3
496548, 3
352821, 3
620317, 3
226141, 3
468964, 2
540540, 3
217840, 3
71600, 3
85181, 3
596509, 3
556468, 3
325045, 3
287852, 3
635350, 3
479142, 3
112680, 3
398712, 3
594933, 3
448056, 3
510311, 3
364738, 3
219646, 3
312043, 3
509143, 3
377411, 3
496918, 3
601972, 3
82886, 3
279210, 3
117822, 3
112604, 3
12546, 3
101903, 3
450144, 3
371170, 3
59931, 3
612430, 3
252360, 3
201943, 3
285165, 3
418870, 3
469572, 3
585707, 3
397830, 3
268370, 2
158661, 3
345841, 3
273113, 3
347282, 3
163284, 3
480389, 3
450465, 3
562859, 3
544130, 3
486974, 3
222298, 3
538029, 3
192764, 3
361456, 3
289462, 3
366889, 3
574766, 3
240055, 3
396550, 3
442582, 3
608025, 3
535652, 3
573955, 3
128645, 3
628695, 3
624354, 3
133464, 3
475008, 3
571865, 3
375989, 3
664081, 1
51463, 3
448667, 3
162629, 3
572007, 3
70214, 3
255438, 3
612720, 3
594829, 3
235440, 3
225542, 3
278303, 3
242227, 3
610348, 3
70421, 3
431506, 3
310378, 3
100016, 3
552601, 3
354127, 3
457762, 3
550597, 3
55223, 3
99511, 3
546290, 3
386901, 3
425855, 3
384603, 3
502687, 3
583985, 2
449373, 3
152417, 3
599954, 3
664325, 3
216074, 3
183515, 3
160320, 3
20256, 3
40272, 3
544625, 3
507057, 3
357419, 3
540980, 3
127573, 3
39346, 2
304992, 3
269532, 3
297136, 3
207590, 3
137474, 3
152792, 3
649408, 3
461423, 3
143964, 3
423841, 3
137567, 3
305246, 3
504891, 3
260402, 3
3298, 3
108360, 3
498625, 3
180001, 3
451009, 3
210696, 3
49602, 3
32540, 3
267996, 3
614232, 3
121206, 3
406562, 3
607169, 3
358399, 3
188336, 3
448629, 3
479205, 2
645278, 3
556423, 3
273405, 3
518715, 3
513497, 3
214220, 3
78294, 3
597584, 3
385989, 3
530452, 3
28311, 3
593349, 3
566487, 3
128675, 3
75647, 3
546551, 3
531518, 3
107198, 3
577302, 3
222764, 3
589502, 3
315732, 3
398953, 3
523107, 3
24280, 3
496815, 3
219788, 3
28654, 3
501242, 2
574885, 3
288638, 3
511473, 3
611420, 3
263909, 3
599195, 3
579927, 3
231180, 3
331762, 3
225791, 3
583386, 2
590584, 3
262844, 3
24029, 3
235611, 3
379355, 3
26122, 3
245362, 3
275857, 3
367139, 3
509558, 3
125205, 3
587022, 3
49557, 3
334360, 3
579401, 3
583404, 3
195260, 3
163459, 3
370437, 3
226524, 3
210845, 3
417463, 3
359110, 3
575873, 3
55293, 3
353042, 3
287727, 3
144778, 3
445727, 3
185602, 3
468892, 3
526998, 3
84628, 3
162045, 3
337871, 3
550128, 3
487193, 3
31281, 3
263286, 3
409501, 3
404538, 3
122167, 3
540855, 3
552667, 3
34677, 2
269151, 3
216828, 3
465369, 1
237424, 3
366863, 3
454925, 3
323751, 3
252817, 3
336657, 3
234951, 3
549131, 3
52719, 3
58012, 3
160951, 3
225679, 3
623389, 3
430448, 2
493488, 3
491931, 3
465482, 3
351408, 3
79602, 3
286900, 3
17608, 3
95452, 3
341158, 2
304871, 3
149634, 3
535625, 3
190979, 3
614365, 3
469962, 3
50773, 3
662989, 3
585297, 3
216498, 3
12772, 3
266828, 3
630627, 3
411119, 3
540483, 3
458995, 3
511180, 3
506331, 3
664439, 3
103267, 3
358869, 3
34791, 3
274645, 3
645922, 3
193431, 3
386934, 3
93282, 3
434080, 3
37333, 3
652214, 3
566033, 3
554756, 3
287812, 3
491078, 3
453553, 3
278825, 3
199678, 3
603636, 3
518045, 3
627849, 3
201286, 3
649444, 3
663455, 3
336122, 3
297826, 3
217352, 3
59539, 3
91370, 3
574105, 3
549357, 3
438294, 3
91253, 3
339861, 3
385652, 3
351527, 3
616046, 3
560584, 3
71888, 3
170281, 3
418455, 2
79352, 3
311528, 3
323108, 3
322017, 1
537461, 3
100563, 3
185923, 3
70399, 3
431840, 3
284731, 3
550928, 3
605976, 3
181958, 3
358134, 1
341248, 3
502226, 3
658549, 3
216342, 3
382450, 3
538324, 3
102310, 3
148951, 3
180201, 3
330957, 3
460676, 3
283614, 3
294530, 3
523630, 3
566962, 3
146351, 3
276562, 3
415674, 2
292957, 3
81071, 3
18410, 3
230516, 3
656177, 3
318793, 3
293334, 3
479494, 3
104813, 3
394923, 3
619787, 3
432955, 3
127869, 3
191281, 3
395913, 3
407645, 3
138209, 3
207853, 3
457696, 3
76129, 3
435184, 3
198260, 3
337273, 3
315902, 3
649904, 3
369346, 3
298167, 3
659462, 3
143773, 3
341675, 3
196746, 3
521601, 3
436885, 3
644137, 3
261201, 3
87246, 3
483379, 3
628389, 3
656811, 3
495211, 3
433643, 3
521971, 3
75088, 3
625962, 3
55779, 3
512174, 3
83935, 3
34523, 3
499440, 3
565719, 3
314699, 3
538492, 3
43832, 3
379143, 3
643031, 3
175261, 3
387583, 3
352061, 3
223217, 3
258170, 3
193861, 3
385994, 3
464223, 3
61554, 2
357583, 3
157179, 3
399646, 3
579491, 3
144485, 3
39657, 3
611725, 3
32395, 3
112872, 3
2637, 3
320706, 3
623053, 3
266177, 3
418916, 3
522899, 3
98505, 3
201748, 3
467127, 3
293608, 3
75291, 3
631543, 3
651202, 3
47028, 3
379416, 3
171032, 3
6850, 3
431373, 3
119865, 3
467166, 3
36657, 3
159698, 3
82704, 3
281879, 3
97239, 3
73341, 3
441927, 3
662561, 3
119990, 3
166810, 3
482655, 3
322535, 3
245548, 3
665379, 3
516209, 3
418891, 3
588901, 3
317027, 3
594609, 3
110338, 3
491691, 3
248275, 3
592307, 3
431830, 3
104399, 3
543052, 3
554865, 3
407439, 3
125713, 3
623051, 2
267846, 3
325738, 3
235521, 3
312109, 3
196575, 3
627446, 3
393872, 2
459249, 3
351773, 3
228412, 3
249015, 3
462338, 3
351304, 3
626657, 3
331015, 3
594249, 3
61941, 3
167725, 3
610720, 3
595616, 3
110255, 3
557257, 3
442265, 3
373618, 3
213275, 3
105977, 3
369965, 3
90225, 3
266198, 3
157014, 3
78954, 3
212801, 3
414674, 3
13221, 3
578425, 3
18304, 3
644956, 3
180857, 3
599606, 2
213708, 3
211046, 3
428650, 3
293807, 3
111053, 3
82995, 1
43350, 3
453581, 3
199525, 3
337045, 3
553950, 3
441473, 3
394472, 3
106364, 3
406936, 3
5535, 3
114369, 3
559221, 3
602627, 3
638098, 3
308912, 3
238092, 3
257661, 3
44437, 3
384244, 2
462099, 3
636556, 3
424373, 3
303907, 2
277246, 3
519789, 3
264863, 3
613610, 3
174638, 3
639196, 3
103626, 3
294414, 3
31053, 3
618786, 3
14907, 3
562787, 3
72200, 3
340935, 3
148267, 3
2238, 3
344483, 3
509067, 3
352059, 3
338368, 3
512064, 3
641443, 3
327566, 3
219384, 3
420854, 3
185802, 3
99057, 3
551414, 3
557597, 3
97754, 3
60065, 1
639619, 3
283651, 3
53001, 3
41536, 3
313255, 3
337295, 3
521934, 3
235322, 3
275047, 3
318617, 3
227037, 3
22557, 3
340270, 3
85046, 1
302224, 3
232080, 3
318036, 3
59992, 3
633471, 3
565858, 2
537513, 3
534470, 3
655833, 3
379466, 3
84927, 3
537417, 3
5616, 3
524104, 3
346007, 3
23296, 3
624662, 3
630124, 3
633937, 3
425747, 3
324214, 3
216151, 3
266868, 3
515924, 3
436080, 3
402843, 3
195864, 3
363026, 3
392529, 3
366305, 3
317439, 3
539233, 3
228149, 3
52317, 3
36460, 3
565193, 3
355087, 3
311352, 3
659649, 3
659801, 3
441512, 3
313296, 3
606617, 3
541930, 3
320841, 3
328125, 3
41800, 3
67435, 3
135302, 3
595928, 3
507691, 3
514099, 2
648408, 3
34242, 3
519944, 1
378353, 3
293566, 3
205486, 3
513902, 3
445589, 3
463373, 2
564794, 3
111985, 3
602823, 3
420607, 3
124636, 3
585257, 3
5234, 3
132025, 3
663613, 3
175066, 3
629059, 3
225934, 3
604804, 3
321960, 2
474839, 3
393360, 3
341775, 3
286559, 3
449906, 3
16971, 3
51859, 3
138975, 3
362828, 3
536246, 3
508602, 3
59530, 3
434132, 2
415969, 3
307059, 3
389685, 3
523642, 3
624905, 3
211732, 3
166157, 3
282147, 3
656207, 3
509566, 3
242517, 3
297064, 3
112764, 3
127754, 2
534912, 3
117969, 2
606540, 3
382261, 3
661109, 3
574546, 3
105139, 3
362733, 3
576190, 3
14545, 3
537415, 3
51211, 3
381861, 3
407249, 3
612224, 3
123640, 3
92838, 3
422400, 3
276381, 2
333998, 3
445994, 3
545668, 3
398298, 3
64942, 3
590142, 3
20176, 3
507588, 3
93248, 3
31907, 3
432685, 3
43938, 3
477577, 2
92668, 3
5361, 3
483494, 3
375293, 3
276911, 3
303127, 3
218800, 3
16881, 3
114305, 3
476980, 3
544623, 3
469040, 3
16892, 3
95837, 3
162664, 3
61058, 3
241974, 3
323884, 3
543008, 3
624089, 3
450258, 3
384540, 3
329377, 3
416623, 3
588693, 3
548371, 3
94825, 3
391219, 3
247112, 3
503703, 3
537498, 3
46445, 3
436503, 3
87750, 3
415929, 3
228502, 3
43966, 3
498886, 2
365922, 3
270396, 3
32545, 3
83617, 3
532343, 2
233742, 3
631480, 3
363039, 3
232876, 3
13728, 3
78024, 3
218185, 3
531497, 3
484576, 3
468312, 3
373288, 3
351884, 3
223822, 3
232455, 3
456685, 3
157799, 3
25111, 3
283550, 3
378275, 3
495605, 3
122454, 3
340385, 3
244432, 3
76859, 3
197980, 3
169668, 3
177387, 3
450173, 3
124175, 3
263125, 3
207751, 3
498749, 3
82496, 3
68681, 3
308197, 3
61073, 3
335091, 3
423183, 3
663743, 3
645719, 3
473095, 3
104087, 3
653120, 3
173262, 3
660411, 2
616236, 3
188352, 3
212707, 3
53291, 3
99413, 3
468905, 3
552757, 3
39068, 3
276269, 3
403574, 3
639173, 3
592118, 3
590490, 3
195305, 3
423768, 3
522818, 3
537008, 3
618978, 3
343320, 3
394804, 3
391674, 3
293387, 3
547944, 3
352387, 3
630515, 3
289683, 3
133893, 3
150004, 3
663676, 3
47426, 3
472155, 3
59339, 3
608202, 3
483116, 3
317841, 3
342079, 3
440669, 3
362831, 3
279345, 3
570947, 3
576818, 3
491403, 3
460599, 3
346752, 3
47840, 3
172721, 3
43492, 3
63504, 3
257012, 3
187563, 3
281702, 3
327911, 3
529172, 2
485451, 3
400160, 3
134250, 3
417447, 3
317865, 3
294022, 3
617090, 3
481982, 3
196471, 3
184195, 3
37727, 3
533438, 3
575585, 3
263466, 3
328831, 3
261189, 3
247180, 3
281462, 3
534725, 3
458075, 3
242522, 3
89710, 3
50442, 3
199877, 3
237091, 3
65615, 3
533253, 3
251734, 3
362755, 3
100128, 2
166711, 3
404094, 3
292459, 3
271132, 3
188629, 3
337296, 3
556826, 3
630405, 2
319083, 2
373112, 3
565771, 3
168059, 3
456474, 3
113994, 3
172766, 3
131150, 3
228065, 3
14650, 3
188643, 3
336822, 3
214825, 3
495125, 3
582524, 3
442514, 3
129598, 3
560830, 2
322455, 3
99024, 3
333823, 3
407684, 3
547156, 3
462399, 3
421562, 3
82954, 3
567955, 3
316347, 3
32442, 3
644019, 3
284317, 3
664546, 2
450667, 3
535049, 3
533962, 3
333789, 3
366946, 3
105546, 3
339909, 3
535704, 3
650633, 3
60911, 2
40453, 3
40792, 3
292503, 3
288687, 3
209515, 3
184676, 3
90808, 3
489168, 3
254728, 3
650812, 3
42388, 3
652073, 3
261521, 3
121620, 3
652659, 3
306306, 2
377835, 3
151096, 3
193249, 3
380632, 3
270026, 3
148532, 3
386374, 3
429558, 3
358333, 3
420230, 3
475468, 3
476618, 3
658498, 3
338278, 3
469887, 3
315833, 3
379216, 3
406532, 3
202015, 3
298178, 3
304345, 3
443981, 3
151827, 3
330723, 3
428647, 3
422198, 3
605932, 3
184344, 3
469527, 2
269467, 3
178079, 3
105246, 3
459116, 3
335649, 3
617257, 3
361493, 3
260692, 3
538799, 3
301147, 2
163483, 3
220796, 3
198285, 3
235719, 3
247255, 3
658185, 3
452214, 3
519648, 3
601947, 3
405025, 3
37017, 3
207865, 3
313183, 3
617212, 3
160063, 3
481017, 3
227326, 3
1844, 3
155427, 3
415661, 3
233069, 3
572349, 3
638038, 3
349694, 3
61523, 3
314391, 3
516704, 3
428031, 3
456577, 3
576900, 3
661065, 3
273503, 3
274849, 3
541322, 3
566672, 3
514238, 3
252446, 3
438906, 3
599672, 1
106413, 3
615522, 3
442428, 3
83593, 3
657165, 3
14681, 3
271646, 3
519294, 3
417376, 3
541968, 3
445039, 3
59213, 3
193210, 3
322610, 3
366995, 3
515110, 3
219914, 3
38135, 3
543971, 3
243949, 3
433960, 3
625648, 3
353139, 3
602222, 3
599442, 3
331603, 3
655543, 3
342410, 3
425995, 2
262435, 3
288002, 3
285337, 3
182033, 3
259456, 3
500894, 3
107212, 3
392228, 3
299692, 3
542458, 3
452918, 3
477689, 3
551780, 3
170955, 3
279121, 3
77870, 3
193286, 3
245225, 3
294444, 3
295441, 3
399545, 3
55175, 3
472739, 3
343093, 3
533905, 3
604683, 3
655185, 3
438626, 3
113008, 3
20538, 3
663425, 3
410884, 3
617338, 3
389670, 2
436432, 3
72342, 3
621360, 3
469191, 3
425759, 3
26395, 3
438270, 3
158182, 3
183364, 3
2851, 3
614862, 3
610134, 2
204279, 3
635570, 3
517364, 3
50230, 1
341525, 3
343776, 3
196247, 3
577973, 3
49392, 3
349223, 3
178703, 3
482746, 3
566025, 3
395329, 3
377100, 3
43172, 3
385055, 3
14336, 3
126747, 3
143122, 3
583638, 3
514549, 3
648380, 2
114881, 3
214278, 3
127181, 3
583258, 3
654204, 3
480314, 3
3757, 3
348475, 3
244961, 3
409088, 3
203495, 3
166663, 3
656433, 1
134661, 3
270068, 3
249229, 3
243743, 3
349257, 3
374898, 3
16523, 3
618174, 3
638300, 3
24926, 3
446570, 3
312340, 3
543908, 3
120733, 3
476838, 3
55275, 3
602518, 3
260646, 3
597905, 3
84197, 3
399770, 3
33256, 3
1648, 3
315223, 3
255133, 3
234628, 3
85808, 3
364938, 3
384210, 3
323898, 3
446011, 3
321340, 3
21236, 3
610928, 3
117620, 3
46467, 3
590044, 3
317469, 3
583491, 3
263156, 3
636370, 3
367875, 3
367244, 3
197282, 3
218731, 3
562611, 3
164222, 3
63230, 3
570734, 3
504363, 3
223115, 3
71995, 3
402401, 3
279427, 3
258498, 3
466383, 3
218986, 3
339604, 3
194916, 3
363995, 3
344538, 3
144477, 3
247955, 3
559197, 3
220675, 3
334313, 3
353960, 3
188657, 3
432063, 3
28161, 3
537766, 3
372128, 3
442, 3
542155, 3
614030, 3
368514, 3
52571, 3
418263, 3
104971, 3
232782, 3
119108, 1
634814, 2
31252, 3
649845, 3
9857, 3
290317, 3
608316, 3
66218, 3
40482, 3
519023, 3
408035, 3
414291, 3
544545, 3
234902, 3
603257, 3
74634, 3
348118, 3
340895, 3
388503, 3
196022, 3
580885, 2
478951, 3
497267, 3
131742, 3
437210, 3
530511, 3
149231, 3
266478, 2
249653, 3
328929, 3
596590, 3
222639, 3
74441, 1
217866, 3
492088, 3
181485, 3
65499, 3
496554, 1
663954, 3
5215, 3
489297, 3
476327, 3
442711, 3
613566, 3
652467, 3
302078, 3
210808, 3
604681, 3
255145, 3
38807, 3
313591, 3
640592, 3
273894, 3
226896, 2
594314, 3
353984, 1
470667, 3
312892, 3
566726, 3
21074, 3
594866, 3
193371, 3
660093, 3
305042, 3
170344, 3
452784, 3
65387, 3
458188, 3
176186, 3
261307, 3
885, 3
89291, 3
102984, 3
166448, 3
191602, 3
382977, 3
494544, 3
350717, 3
610307, 3
463455, 3
406292, 3
628234, 3
298289, 3
442595, 3
469698, 3
78020, 3
17823, 3
17773, 3
512981, 3
522234, 3
46853, 3
269501, 3
436470, 3
219134, 3
432228, 3
199046, 3
74948, 3
71442, 3
300506, 3
80699, 3
22057, 3
439671, 3
232103, 3
195003, 3
653183, 3
165256, 3
596178, 3
142073, 3
319654, 3
267963, 2
140467, 3
445592, 3
145767, 3
382332, 3
484235, 3
638721, 3
579322, 3
236328, 3
639253, 1
406351, 3
466487, 3
290208, 3
161315, 3
569234, 2
105475, 3
195334, 3
412715, 3
406667, 3
286973, 3
363197, 3
658067, 3
643021, 3
533233, 3
594477, 3
550339, 3
143605, 3
239514, 3
402725, 3
118878, 3
386599, 3
543429, 3
48541, 3
660669, 3
529990, 3
547970, 3
147633, 2
372732, 3
630066, 3
330286, 3
482697, 3
125337, 3
281960, 3
271115, 3
328695, 3
594710, 3
596883, 1
475725, 3
499524, 3
583311, 3
660027, 3
236228, 3
315486, 3
592959, 3
420706, 3
276021, 3
34574, 3
338465, 3
456705, 2
555595, 3
633281, 3
460147, 3
109594, 3
103086, 3
528195, 1
73034, 3
464384, 3
600836, 3
462690, 3
595179, 3
577602, 3
53086, 1
379727, 3
69584, 3
496713, 3
386007, 3
234527, 3
503600, 3
231884, 3
23129, 3
205172, 3
573058, 3
111147, 3
154984, 3
218690, 3
492510, 3
21244, 3
444366, 3
406127, 3
552703, 3
379516, 3
424378, 1
172559, 3
609564, 3
114142, 3
465049, 3
519732, 3
63677, 3
517075, 3
390989, 3
650544, 3
340240, 3
10982, 3
643815, 3
1240, 3
575637, 3
212250, 3
582593, 3
27975, 3
138443, 3
213952, 3
260302, 3
550161, 3
562719, 3
79691, 3
399147, 3
448762, 3
654143, 3
334988, 3
399274, 3
332170, 3
509335, 3
534095, 3
188870, 3
131978, 3
261455, 3
338786, 3
497885, 3
301412, 3
314086, 3
403787, 3
491459, 3
517314, 3
256761, 3
659052, 3
277844, 3
300305, 3
223841, 3
541840, 3
261900, 2
325995, 3
240701, 3
115085, 3
329428, 3
501950, 3
468228, 3
614355, 3
493316, 3
101167, 3
145407, 3
443393, 3
320689, 3
286740, 3
640189, 3
406355, 3
191870, 3
398154, 3
65559, 3
542240, 3
377717, 3
54999, 3
69217, 3
609953, 3
270338, 3
571127, 2
432340, 3
479740, 3
241680, 3
356337, 3
572405, 3
386443, 3
411098, 3
96829, 3
627676, 3
475641, 3
557277, 3
200588, 3
229361, 3
533568, 3
118521, 3
494040, 3
30300, 3
565490, 3
374330, 3
647290, 3
28018, 3
409410, 3
82746, 3
599084, 3
582269, 3
211605, 3
16276, 3
380986, 3
588131, 3
43264, 3
220070, 3
508516, 3
371729, 3
632, 3
22798, 3
554521, 3
437169, 3
572825, 1
225476, 3
236301, 3
100791, 3
342683, 3
116774, 3
7913, 3
662653, 2
2614, 3
498614, 3
263604, 3
224359, 2
480957, 3
656121, 1
295999, 3
650683, 3
41299, 3
86921, 3
114392, 3
155923, 3
564442, 3
251698, 3
161418, 3
647930, 3
590413, 3
581322, 3
216333, 3
601930, 3
210699, 3
476001, 3
630509, 3
584173, 3
31864, 3
494494, 3
524446, 3
565562, 3
285208, 3
286868, 3
288796, 3
100423, 3
164030, 3
522465, 3
631001, 3
226391, 3
135098, 3
613199, 3
272987, 3
283260, 3
40171, 3
412700, 3
603949, 3
568298, 3
58173, 3
613246, 3
128657, 3
141178, 3
597895, 3
183702, 3
66210, 3
50097, 3
134523, 3
617192, 3
244304, 3
603080, 3
218130, 3
429368, 3
523439, 3
183913, 3
606631, 3
137722, 3
235336, 3
488055, 3
307103, 3
637724, 3
294425, 3
420543, 3
556120, 3
492728, 1
203723, 3
410930, 3
420729, 3
138702, 3
645989, 3
70527, 3
188404, 3
237295, 3
381788, 3
203009, 3
69035, 3
278135, 2
559596, 3
235185, 3
622598, 3
360003, 3
320978, 2
442533, 3
479471, 3
564637, 3
289742, 3
337738, 3
434354, 1
189303, 3
494488, 3
508323, 3
243817, 3
578089, 3
360446, 3
85751, 3
502372, 3
88083, 3
53918, 3
624217, 3
308844, 3
140845, 3
445460, 3
441621, 3
167974, 3
386659, 3
176672, 3
178819, 3
577467, 3
92438, 3
196910, 3
607036, 3
383627, 3
270147, 3
354229, 3
403572, 3
290822, 3
412280, 3
78100, 3
547535, 3
133828, 3
433636, 3
22214, 3
25073, 3
561780, 1
628049, 3
409083, 3
396418, 3
236520, 3
240060, 3
271724, 3
410164, 3
380481, 3
589993, 3
555142, 3
135187, 3
330190, 3
527133, 3
616473, 3
431211, 3
598882, 3
235615, 3
226098, 3
559997, 3
237463, 3
457712, 3
220105, 3
396054, 1
227699, 3
545247, 3
275287, 3
193964, 3
410247, 3
3904, 3
461289, 3
578871, 3
152079, 3
620824, 3
260840, 3
481451, 3
497742, 3
116333, 3
439656, 3
271971, 3
432990, 3
441218, 3
553025, 3
406622, 3
235642, 3
95038, 3
85905, 3
426603, 3
393263, 3
614377, 3
100786, 3
392067, 3
447718, 3
194003, 3
416386, 3
87146, 3
502269, 3
87658, 3
93162, 3
236903, 3
123607, 3
301358, 3
564347, 3
4339, 3
269766, 3
142220, 3
31824, 3
299887, 3
469235, 3
144637, 2
520744, 3
51318, 3
602764, 3
131427, 3
328616, 3
618420, 3
392612, 3
601489, 3
621150, 3
476431, 3
454563, 3
233682, 3
468555, 3
392291, 3
451952, 3
172063, 3
567553, 3
305605, 1
44691, 3
68026, 3
302405, 3
194813, 3
22696, 3
14341, 3
429287, 3
406086, 3
168261, 3
423990, 3
356948, 3
71225, 3
307191, 3
165305, 3
631089, 3
246686, 3
76680, 3
490191, 3
439541, 3
146651, 2
56014, 3
193919, 3
279286, 3
543404, 3
85728, 3
105639, 3
145331, 3
608303, 3
508460, 3
101127, 3
532173, 3
455077, 3
281945, 3
559785, 3
156343, 3
267077, 3
354208, 3
541707, 3
21081, 3
155943, 3
470049, 3
373425, 3
4945, 3
295750, 1
373693, 3
298876, 3
601677, 3
425653, 3
14806, 3
476011, 3
188872, 3
174542, 3
198516, 3
46711, 3
607018, 3
452912, 3
127735, 3
211851, 3
142450, 3
554475, 3
247088, 3
281394, 3
187201, 3
338568, 3
572745, 3
339812, 3
247401, 3
61706, 2
230091, 3
60837, 3
74704, 3
1983, 3
233037, 3
405444, 3
581978, 3
277841, 3
205352, 2
493080, 3
190815, 2
125621, 3
579644, 3
184119, 3
285994, 3
263474, 3
48774, 3
209932, 3
498158, 3
461022, 3
168219, 3
439719, 3
250490, 3
271977, 3
256142, 3
379434, 3
19811, 3
239864, 3
293115, 3
172300, 3
566990, 3
167120, 3
497984, 3
316010, 3
35611, 3
406359, 3
662492, 3
380148, 3
345528, 3
513044, 3
107760, 3
30597, 3
233071, 3
47784, 3
226506, 3
364843, 3
597064, 3
57992, 3
264667, 3
4410, 3
480640, 3
653523, 3
68612, 3
134084, 3
343807, 3
154534, 3
225175, 3
89725, 3
535104, 3
244079, 3
294995, 3
663513, 3
63825, 3
588788, 3
203726, 3
321126, 3
615218, 3
382036, 3
222806, 3
322167, 2
420443, 3
284059, 3
631453, 3
225883, 3
611934, 3
171157, 3
157059, 3
62381, 3
504087, 3
45399, 3
201095, 3
6537, 3
609625, 3
307698, 3
399741, 3
248573, 3
419293, 3
219385, 3
342361, 3
56153, 3
576808, 3
279850, 3
354868, 3
307877, 3
285995, 3
576025, 3
39456, 3
172108, 3
250292, 3
615918, 1
278737, 3
564687, 3
271050, 3
17990, 3
358386, 3
118492, 3
599977, 3
581315, 3
600279, 3
201885, 3
572979, 3
595430, 3
347872, 3
444647, 3
407131, 3
636388, 3
387751, 3
332459, 1
142325, 3
217087, 3
524862, 3
607003, 3
384146, 3
404965, 3
106412, 1
176920, 3
519977, 2
546652, 3
630097, 3
494942, 3
359815, 3
429226, 2
2636, 3
402535, 3
339794, 3
344210, 3
290010, 3
295288, 3
227282, 3
642746, 3
75508, 3
434273, 3
491943, 3
559739, 3
572837, 3
92121, 3
130850, 3
376136, 3
385974, 3
135837, 3
93510, 3
463182, 3
117246, 3
44903, 3
463577, 3
569174, 3
121167, 3
108935, 3
556565, 3
281443, 3
366750, 2
565724, 3
432421, 3
5090, 3
539826, 3
494836, 3
377335, 3
33455, 3
647720, 3
611403, 3
12062, 3
73293, 3
71767, 3
436021, 3
567480, 3
514856, 3
174138, 3
663837, 3
374796, 3
435023, 2
238213, 3
250328, 3
501136, 3
123126, 3
646553, 3
413561, 3
93950, 3
574341, 3
382084, 3
413756, 3
142531, 3
51345, 3
456792, 3
95748, 1
571533, 3
118420, 3
281244, 3
587408, 3
106551, 3
460338, 3
649862, 3
129231, 3
611464, 3
54379, 3
169045, 3
510846, 3
603583, 3
357944, 3
78429, 3
74819, 3
569850, 3
212409, 3
364371, 3
644607, 3
601283, 3
540826, 3
3762, 3
370944, 1
619727, 3
236965, 3
491737, 3
576589, 3
363461, 3
174533, 3
468044, 3
36625, 2
627898, 3
500804, 3
284554, 3
320375, 3
415684, 3
334935, 3
531145, 3
64945, 3
454178, 3
242164, 3
95536, 3
403796, 3
141471, 3
610901, 2
268730, 3
438449, 3
497277, 3
290854, 3
107666, 3
637955, 3
446716, 3
527837, 3
458923, 3
285594, 3
406145, 3
562386, 3
137120, 3
369951, 3
318780, 3
581288, 3
18375, 3
276632, 3
352591, 3
14843, 3
408641, 3
350005, 3
225862, 3
54428, 3
225180, 3
641591, 3
155808, 3
457462, 3
562872, 2
361850, 3
13551, 3
363691, 3
368115, 3
404098, 3
662524, 3
391347, 3
475427, 3
70741, 3
393134, 3
126644, 3
121770, 3
16737, 3
530044, 3
472441, 3
377634, 3
586013, 3
624332, 3
208552, 3
26321, 3
18422, 3
548850, 3
449122, 3
405734, 3
510459, 3
75191, 3
662508, 3
621850, 3
611779, 3
4814, 3
446244, 3
266628, 3
18032, 3
634846, 3
192148, 1
507383, 3
393325, 3
144214, 3
491713, 3
269752, 3
446781, 3
621346, 3
449754, 3
74913, 3
149764, 3
416350, 3
7748, 3
360892, 3
186641, 3
497021, 3
588831, 3
647120, 3
307594, 3
131800, 3
510543, 3
541289, 3
23937, 3
591875, 3
431445, 3
121458, 3
147924, 3
202882, 3
348198, 3
489540, 3
147785, 3
334690, 3
2771, 3
487147, 3
319781, 3
219797, 3
43774, 3
604797, 3
542023, 3
169837, 3
93963, 3
152799, 3
339473, 3
9760, 3
200793, 2
308078, 3
347732, 3
137707, 3
16201, 3
277431, 3
455851, 3
327498, 3
467817, 2
457510, 3
643035, 3
59230, 3
243483, 3
256870, 3
116667, 3
484097, 3
303436, 3
347490, 3
34578, 3
122523, 3
341711, 3
259778, 3
21464, 3
549680, 3
105145, 1
200878, 1
94936, 3
577594, 3
347881, 3
226690, 3
420063, 3
583320, 3
243790, 3
434112, 2
41803, 3
483614, 3
641792, 3
396589, 1
286104, 3
146793, 3
85928, 3
141249, 3
2991, 3
121209, 3
366490, 3
381584, 3
151811, 2
224799, 3
102177, 2
511904, 3
464622, 2
377790, 3
285787, 3
253700, 3
426990, 3
159537, 3
230605, 3
339795, 3
237730, 3
416018, 3
584688, 3
468627, 3
385825, 3
556794, 3
317204, 3
625322, 3
452443, 3
502164, 3
175647, 3
317327, 3
334455, 3
68661, 3
154845, 3
244332, 3
291358, 3
361746, 3
427820, 3
509942, 3
652455, 3
161317, 3
5109, 3
175113, 3
70620, 3
133903, 3
62812, 3
204157, 3
381206, 3
561215, 3
222790, 3
275575, 3
505801, 3
226788, 3
323637, 3
124233, 3
417491, 3
348749, 3
375750, 3
349899, 3
599961, 3
583208, 3
56606, 3
137986, 3
155360, 3
603403, 3
441286, 2
328635, 3
8521, 3
650600, 3
80661, 3
205536, 3
153811, 3
428982, 3
440320, 3
198328, 2
5615, 3
296070, 3
255249, 3
495084, 2
215004, 3
657163, 3
374595, 3
162375, 3
296960, 3
310205, 3
345816, 3
539765, 3
80816, 3
500706, 3
28047, 3
299299, 3
317014, 3
153603, 3
170886, 3
286986, 3
447724, 3
656349, 3
451222, 3
258482, 3
276349, 3
527458, 3
479691, 3
313098, 3
194447, 3
645058, 3
231501, 3
431745, 3
4789, 3
30518, 3
459746, 3
491881, 3
43433, 3
606678, 3
551331, 3
208180, 3
33310, 3
163549, 3
347747, 3
570393, 3
135742, 3
238113, 3
119869, 3
488595, 3
572946, 3
252713, 3
237194, 3
319214, 3
433403, 3
587388, 3
246744, 3
258862, 3
407751, 3
106107, 3
278428, 3
541067, 3
654165, 3
129722, 3
372320, 3
220563, 3
253510, 3
553613, 3
466028, 3
581297, 3
63509, 3
412959, 3
85018, 3
139313, 3
57694, 3
456028, 3
168759, 3
309923, 3
520496, 3
475924, 2
250484, 3
566668, 3
214515, 3
282974, 3
454385, 3
369265, 2
638913, 3
274553, 3
424271, 3
190801, 3
127076, 3
306686, 3
322255, 3
631491, 3
171888, 3
205365, 3
333827, 3
127582, 3
62455, 3
142826, 3
203600, 3
565649, 3
273085, 3
4185, 3
133974, 3
459873, 3
384626, 3
605102, 3
160042, 3
92751, 3
421627, 3
456065, 3
419823, 3
455188, 3
556773, 3
504365, 3
371770, 3
591223, 3
84151, 3
602800, 3
315587, 3
323654, 3
271786, 3
268143, 2
237044, 3
114428, 3
51487, 3
315987, 3
74249, 3
285909, 3
599206, 3
60226, 3
277800, 3
390071, 3
104724, 3
46156, 3
264073, 3
132426, 3
523746, 3
596540, 3
472348, 3
240753, 2
82374, 3
218275, 3
523839, 3
422939, 3
526007, 3
108213, 3
134013, 3
105976, 3
661770, 3
141474, 3
210274, 3
171563, 3
175722, 3
452899, 3
42955, 3
177612, 3
649096, 3
274297, 3
576825, 3
616835, 3
203965, 3
565200, 3
27898, 3
499021, 3
178521, 3
138054, 3
436093, 2
73241, 3
227776, 3
538583, 3
48492, 3
360864, 3
310727, 3
154266, 3
72634, 3
330263, 3
380182, 3
246647, 3
189944, 3
77447, 3
159730, 3
496298, 3
182421, 3
508228, 3
267934, 3
278446, 3
350558, 3
486960, 3
237587, 3
7495, 3
340402, 3
511978, 3
149953, 3
645875, 3
355343, 3
365405, 3
411844, 3
437873, 2
222284, 3
237542, 3
77174, 3
417685, 3
197009, 3
210892, 3
498271, 3
241136, 3
31529, 2
152766, 3
141700, 3
448528, 3
208953, 3
14695, 3
296897, 3
637963, 3
449204, 3
374967, 3
371044, 3
230110, 3
214973, 3
359091, 3
416870, 3
340917, 3
516009, 3
356525, 3
193882, 3
628040, 3
13035, 3
261317, 3
532210, 3
101135, 3
121050, 3
250438, 3
5961, 3
414322, 3
505627, 3
225976, 3
532001, 3
229972, 3
357376, 3
394355, 3
242606, 3
603751, 3
564257, 3
176466, 3
215224, 3
481526, 3
500889, 3
291930, 3
69950, 3
87526, 3
349630, 3
125730, 3
601538, 3
9105, 3
467327, 3
495398, 3
501215, 3
593788, 3
347176, 3
579775, 3
425334, 3
340952, 3
484997, 3
208876, 3
292873, 3
110407, 3
107521, 3
613343, 3
127528, 3
509361, 3
539557, 3
156912, 3
431262, 3
547711, 3
43348, 3
24674, 3
185536, 3
69312, 1
124885, 3
487132, 3
481977, 3
649018, 3
518911, 2
551455, 3
542030, 3
421517, 3
631287, 3
576430, 3
485158, 3
9228, 3
130246, 3
249339, 3
371474, 3
482665, 3
447017, 3
14089, 3
138053, 3
366197, 3
517504, 3
385881, 3
7862, 3
20219, 2
72963, 3
134552, 3
44343, 3
608575, 3
146741, 3
267056, 3
320694, 2
313525, 3
546124, 3
17694, 3
144267, 3
125562, 3
527595, 3
378276, 3
518481, 3
283733, 3
172587, 3
309058, 3
168646, 3
20109, 3
567589, 3
139775, 3
248764, 3
251320, 3
34430, 3
476326, 3
147055, 3
653119, 3
322513, 3
46668, 3
492101, 3
652174, 3
312456, 3
662913, 3
115618, 3
125301, 3
605551, 2
205760, 3
444523, 3
506151, 3
41272, 3
582051, 3
419967, 3
374835, 3
106574, 3
196515, 3
617655, 3
5338, 3
510565, 3
86981, 3
638688, 3
49382, 3
545025, 3
563627, 3
523100, 3
2527, 3
494540, 3
227136, 3
275572, 3
529807, 3
596976, 3
183979, 3
80692, 3
320268, 3
223439, 3
504227, 3
540901, 3
237833, 3
502318, 3
647260, 3
312682, 3
33121, 3
154700, 3
221980, 3
464942, 3
41509, 3
435433, 3
373836, 3
264776, 3
121712, 3
227441, 3
461617, 3
468410, 3
508227, 3
404342, 3
424536, 3
299810, 3
67567, 3
229787, 3
374317, 3
536603, 3
584725, 3
638946, 3
38482, 3
613994, 3
554357, 3
587487, 3
459496, 3
259110, 3
268082, 3
644959, 3
360309, 2
329167, 3
86046, 1
614089, 3
41707, 3
174676, 3
583913, 3
231157, 3
156279, 3
642013, 3
405742, 3
209182, 3
270370, 3
238089, 3
118955, 3
384085, 3
210475, 3
51561, 3
450746, 3
59378, 3
360417, 3
351764, 3
567166, 3
449597, 3
518112, 3
614711, 3
640228, 3
53210, 3
206107, 3
59424, 3
338491, 3
261886, 3
294693, 3
531254, 3
597019, 3
268010, 3
479475, 3
522831, 3
91584, 3
205866, 3
266700, 3
166844, 3
68010, 3
96028, 3
278665, 3
477497, 3
99637, 3
127836, 2
188822, 3
181685, 2
372015, 3
98578, 3
319376, 3
141646, 3
251453, 3
18847, 3
279513, 3
356629, 3
314793, 3
378141, 3
449004, 3
175672, 3
39819, 3
58934, 3
315164, 3
254829, 3
613133, 3
110246, 3
176205, 3
479872, 3
116448, 3
664830, 3
491292, 3
464039, 3
369592, 3
51103, 3
325109, 3
3852, 3
392563, 3
387551, 3
609057, 3
295594, 3
199317, 3
307671, 3
41588, 3
276861, 3
585672, 3
616543, 3
266584, 3
141167, 3
512782, 2
259382, 3
247960, 3
533966, 3
618040, 3
596142, 3
363587, 3
615638, 3
456598, 3
548289, 3
151353, 3
453765, 3
508347, 3
326796, 3
81176, 2
453971, 2
21911, 3
567387, 3
33042, 3
74516, 1
446685, 3
449436, 3
412836, 3
638157, 3
575086, 2
427814, 3
178612, 3
473968, 3
441978, 3
455179, 3
591681, 3
94037, 3
485308, 3
530968, 3
450171, 3
212069, 3
661060, 1
353783, 3
650924, 3
469879, 3
400444, 3
455749, 3
241120, 3
116334, 1
563402, 2
412612, 3
600366, 3
211762, 3
645935, 3
477671, 3
49137, 3
390599, 3
292355, 3
626474, 3
494466, 3
657949, 3
399451, 3
60096, 3
578970, 3
297548, 3
251343, 3
604880, 3
249280, 3
12608, 3
626977, 3
239546, 3
239643, 3
645782, 3
154631, 3
483994, 3
33326, 3
109717, 3
414550, 3
498821, 3
221639, 3
247742, 3
448621, 3
346411, 3
341695, 3
223659, 2
618345, 3
99121, 3
505771, 3
556433, 3
58236, 3
552723, 3
606415, 3
511856, 3
176823, 3
613593, 3
513455, 3
164028, 3
56286, 3
662167, 2
274861, 3
54271, 3
605796, 3
215856, 3
333216, 3
168208, 3
525218, 3
315933, 3
588998, 3
500316, 3
494576, 3
513767, 3
44549, 1
493894, 3
469307, 3
296573, 3
39209, 3
327647, 3
490621, 2
566704, 3
595889, 3
408083, 3
309073, 3
332516, 3
88339, 3
595764, 3
219599, 3
628385, 3
386192, 3
202072, 3
272557, 3
357057, 3
40629, 3
89140, 3
652943, 3
224912, 3
548503, 3
401138, 3
419123, 3
500353, 3
156452, 3
82049, 1
512558, 3
665294, 3
233159, 2
464878, 3
515906, 3
95776, 3
360914, 3
551327, 3
567428, 3
560786, 3
170515, 3
201547, 3
166462, 3
126212, 3
251602, 3
372272, 3
554049, 3
645102, 3
365459, 3
173978, 3
534704, 3
95731, 3
515849, 3
195631, 3
25606, 3
15357, 3
170177, 3
444095, 3
165724, 3
62673, 3
103632, 3
151722, 3
596551, 3
503304, 3
366048, 3
579894, 3
646992, 3
352709, 3
607678, 3
609317, 3
643671, 3
40388, 3
110471, 3
184527, 3
375641, 3
177124, 3
192918, 2
536786, 3
438616, 3
397284, 3
61833, 3
13538, 3
119045, 3
625561, 3
96721, 3
458900, 3
116914, 3
551699, 3
106503, 3
360541, 3
49696, 3
94175, 3
297774, 3
537370, 3
648197, 3
87239, 3
390553, 3
116319, 3
155805, 3
649806, 3
386489, 3
194693, 3
374527, 3
597711, 3
517724, 2
567308, 3
163292, 3
419292, 3
290819, 3
408389, 3
613781, 3
383222, 3
199799, 3
46158, 3
35346, 3
100474, 3
397317, 3
104628, 3
48533, 3
39189, 3
331655, 3
581334, 3
651213, 2
174187, 3
567836, 3
81250, 3
387614, 3
27942, 3
518719, 3
549408, 3
429759, 2
2843, 3
366849, 3
78881, 3
271226, 3
95692, 3
125423, 2
507777, 3
661552, 3
632638, 3
282765, 3
167522, 3
160170, 3
26935, 2
56282, 3
43154, 3
139019, 3
520041, 3
366879, 3
403425, 3
170545, 3
20600, 3
401333, 3
606480, 3
27548, 3
242605, 3
83885, 3
625654, 3
664620, 3
175333, 3
172440, 3
653374, 3
100812, 3
322847, 3
371462, 3
625099, 3
573170, 3
623200, 3
555789, 2
319244, 3
414483, 3
499959, 3
649658, 3
577529, 3
63046, 3
419122, 3
89183, 3
274558, 3
588337, 3
374018, 3
358820, 3
551349, 3
122460, 3
448799, 3
559749, 3
167738, 3
430240, 3
13353, 3
346322, 3
267290, 3
533763, 3
232873, 3
196105, 3
377859, 3
109743, 3
206034, 3
230680, 3
124817, 3
189074, 3
602692, 3
174628, 3
261282, 3
439128, 3
408493, 3
440547, 3
367727, 3
337396, 3
640515, 3
49273, 3
312331, 3
332126, 2
73382, 3
480482, 3
209352, 3
166041, 3
239718, 3
113046, 3
564349, 3
226840, 3
166529, 3
464012, 3
370647, 3
140653, 3
572358, 3
541824, 3
620439, 3
319730, 3
193446, 3
101977, 3
646804, 3
47985, 3
429293, 3
84880, 3
620166, 3
634847, 3
393524, 3
407174, 3
94857, 3
367624, 3
221055, 1
387981, 3
153457, 3
413880, 3
144102, 3
645697, 3
370670, 3
488779, 3
245707, 2
484162, 3
300107, 3
23582, 3
602345, 3
47847, 3
63631, 3
589394, 3
70120, 3
293728, 3
384992, 3
15803, 3
304099, 3
371105, 3
227576, 3
80373, 3
213821, 3
599053, 3
309446, 3
664802, 3
379893, 3
75372, 3
641170, 3
175206, 3
262874, 3
601203, 3
462117, 3
350984, 3
206153, 3
339161, 3
450090, 3
17329, 3
272296, 3
189817, 3
396471, 3
559589, 3
646188, 3
33058, 3
587047, 3
505819, 3
72025, 3
110832, 3
248793, 3
161986, 3
65840, 3
508733, 3
14998, 3
273144, 3
633562, 3
251589, 3
376006, 3
301848, 2
402950, 3
227970, 3
545745, 3
494145, 2
228370, 3
428557, 3
563787, 3
287309, 3
70036, 3
390835, 3
380717, 3
386327, 3
479199, 3
196861, 3
410527, 3
364229, 3
367667, 3
274651, 3
125986, 3
264414, 2
522711, 3
293778, 3
560150, 3
376963, 3
2867, 3
14203, 3
389790, 3
80505, 3
162886, 3
415122, 3
303454, 1
41681, 3
148150, 3
167758, 3
604402, 3
542441, 3
513610, 3
92640, 3
7780, 3
421029, 3
654605, 3
454704, 3
555884, 3
549882, 3
603485, 3
285420, 3
481406, 2
649790, 3
561828, 3
570022, 3
535729, 3
353649, 3
144301, 3
316367, 3
3295, 3
272277, 3
285529, 3
408943, 3
124093, 3
161567, 3
649489, 3
548027, 3
605615, 3
170091, 3
647636, 3
220424, 3
404674, 3
244967, 3
202896, 3
341688, 3
91739, 3
509138, 3
332995, 3
45855, 3
310003, 3
429716, 3
536747, 3
301431, 3
98529, 3
250817, 3
491811, 3
114410, 3
447923, 2
338589, 3
488822, 3
567047, 3
205496, 3
62734, 3
355016, 3
599323, 3
48715, 3
57063, 3
532527, 3
515401, 3
151405, 3
30202, 3
543326, 3
363528, 3
109627, 3
329781, 3
499901, 3
600009, 3
464977, 3
280828, 3
167112, 3
507885, 3
589055, 3
191264, 3
280384, 3
89952, 3
35198, 3
381648, 3
343619, 3
388383, 3
84597, 3
146224, 3
184794, 3
253145, 3
458533, 3
192572, 2
417601, 3
51213, 3
30230, 3
244662, 3
176963, 3
371272, 3
405085, 3
325962, 3
189989, 3
205818, 3
534023, 3
661030, 3
139126, 3
154449, 3
334711, 3
354772, 3
416566, 3
313443, 3
655517, 3
1520, 3
232472, 1
608463, 3
7763, 3
448437, 3
629248, 3
506894, 3
24799, 3
337695, 3
328981, 3
84546, 3
650270, 3
199815, 3
45908, 1
533147, 3
379972, 2
67676, 3
589667, 3
648588, 3
90556, 3
142732, 3
313992, 3
485435, 3
613886, 3
394514, 3
158450, 3
48965, 3
448337, 3
267621, 3
81862, 3
92762, 3
342449, 3
253927, 3
329947, 3
353689, 3
434833, 3
464808, 3
536461, 3
481777, 3
170724, 3
78883, 3
343964, 3
332206, 3
212510, 3
156251, 3
556754, 3
410518, 3
409467, 3
597920, 3
199112, 3
487221, 3
319777, 3
613378, 3
662185, 3
247303, 3
121382, 3
274476, 3
281401, 3
285604, 3
209745, 3
261851, 3
432746, 3
641001, 3
588186, 3
91346, 3
313459, 3
22562, 3
658473, 3
343794, 1
664181, 3
125168, 2
169205, 3
248981, 3
45979, 3
318497, 3
543972, 3
602996, 3
357845, 3
419863, 3
177944, 1
95831, 3
389663, 3
255557, 3
40087, 3
620990, 3
590857, 3
657658, 3
416403, 3
476954, 3
192750, 3
359151, 3
239547, 3
551879, 3
80051, 3
355818, 2
599494, 3
46342, 3
441658, 3
48217, 3
9346, 3
202959, 3
253660, 3
343971, 3
168258, 3
32880, 3
396849, 3
571278, 3
460933, 3
453501, 3
387056, 3
31178, 3
74547, 3
302961, 3
326478, 3
461661, 2
294442, 3
20691, 3
615476, 3
241356, 3
54574, 3
355626, 3
350432, 3
405436, 3
20833, 3
10404, 3
478693, 3
561960, 3
90850, 3
405306, 3
392854, 3
435047, 3
126622, 3
476989, 3
548837, 3
362088, 3
261896, 1
347069, 3
658273, 3
240760, 3
396205, 3
30122, 3
362962, 3
206664, 3
319283, 3
9553, 3
482580, 3
430876, 3
220885, 3
367593, 2
353967, 3
160726, 3
215602, 3
39540, 3
7287, 3
381866, 3
28019, 3
22620, 3
532978, 3
172230, 3
327159, 3
36874, 3
610736, 3
588006, 3
335574, 3
530269, 3
89330, 3
66231, 3
573900, 3
280271, 3
386713, 3
150591, 3
5151, 3
615110, 3
386951, 3
517834, 3
533092, 3
279728, 3
656089, 3
196916, 3
581377, 3
384961, 3
439156, 3
615666, 3
526716, 3
82463, 3
665377, 3
178603, 1
120796, 3
65523, 3
460663, 3
347442, 3
432744, 3
324047, 3
433447, 3
76784, 3
67167, 3
216028, 2
292473, 3
122638, 3
425366, 3
191408, 3
246931, 3
573254, 3
160707, 2
570724, 3
131734, 3
579007, 3
425660, 3
565671, 2
577571, 3
535475, 3
435277, 3
266687, 1
194091, 3
99163, 3
635619, 3
362513, 3
42715, 3
442254, 3
56878, 3
226320, 3
536100, 3
11045, 3
623898, 3
492689, 3
147466, 3
545253, 3
221499, 3
647638, 3
9069, 3
558419, 3
609789, 3
471742, 3
485706, 3
488292, 3
288085, 3
434187, 2
644775, 3
475778, 3
44722, 3
277950, 3
559588, 3
184380, 3
572533, 3
457708, 3
664948, 3
463388, 2
474611, 3
555842, 3
335694, 3
512936, 3
214903, 3
358477, 3
65506, 2
62027, 3
482782, 3
12903, 1
493379, 3
465746, 3
370704, 3
120944, 2
555626, 3
93714, 3
412651, 3
350618, 3
312929, 3
504249, 3
125914, 3
259091, 3
356131, 3
475892, 3
316253, 3
608905, 3
24317, 3
250225, 2
118695, 3
197674, 2
655361, 2
277117, 3
208097, 3
475695, 3
107405, 3
217468, 3
494447, 3
273937, 3
39404, 3
67212, 3
561860, 3
566503, 2
327002, 3
537989, 3
57017, 3
503797, 3
401061, 3
556340, 3
76189, 3
162502, 3
417611, 3
470294, 1
345147, 3
596523, 3
344983, 3
300491, 3
222203, 3
135521, 3
69616, 3
118008, 3
315310, 3
129930, 3
337183, 3
337587, 3
543354, 3
9192, 3
34329, 3
265440, 3
504787, 3
271406, 3
145369, 3
76549, 3
372188, 3
128365, 3
326770, 3
209307, 3
124423, 3
444600, 3
388650, 3
238200, 3
546097, 3
501356, 3
270273, 3
295712, 3
373359, 3
344909, 3
522652, 3
125173, 3
376867, 3
227789, 3
142047, 3
517524, 3
364559, 3
591729, 3
486295, 3
292336, 3
635909, 3
558784, 3
437037, 3
20695, 3
326039, 3
553662, 3
12226, 3
399797, 3
538190, 3
224713, 3
494487, 3
260381, 3
384791, 3
109139, 3
327839, 3
446883, 3
191092, 3
600931, 3
640920, 3
366261, 3
258278, 3
102108, 3
592023, 3
602150, 3
570932, 3
522588, 3
269502, 3
38171, 3
485784, 3
134088, 3
276496, 3
12513, 3
129578, 3
524655, 3
658452, 3
315468, 3
237627, 3
248059, 3
647679, 3
532452, 3
122235, 3
198705, 3
399486, 3
278793, 3
294096, 3
571389, 3
536636, 3
392614, 3
655911, 3
461344, 3
613599, 3
552686, 3
374435, 3
39865, 3
523485, 3
345379, 3
430810, 2
34584, 3
380340, 3
625615, 3
221905, 3
20824, 3
93137, 3
493509, 3
73907, 3
28557, 3
353450, 3
107941, 3
497675, 3
661159, 3
421988, 3
558774, 3
109647, 3
456023, 3
162774, 3
362292, 3
509171, 3
296376, 3
94038, 3
550850, 3
433936, 3
21290, 3
433066, 3
201720, 3
357042, 3
652401, 3
524152, 3
218513, 3
333011, 3
49646, 3
519433, 3
612425, 3
201700, 3
486180, 3
533267, 3
265653, 3
399453, 3
331293, 3
396086, 2
406607, 3
264488, 2
133398, 3
606683, 3
595937, 3
12808, 3
160936, 3
230161, 3
100356, 3
240550, 3
188736, 3
120182, 3
123527, 3
248569, 3
130784, 3
158997, 3
661842, 3
376830, 3
306837, 2
177708, 3
541123, 3
321734, 3
378736, 3
590155, 3
207179, 3
275683, 3
441389, 3
383463, 3
481819, 3
49043, 3
259533, 3
355084, 3
129010, 1
7071, 3
99307, 2
549083, 3
359860, 3
129708, 3
343199, 3
337205, 3
584615, 3
496638, 3
474101, 3
8354, 3
270105, 3
412703, 3
234280, 3
525566, 3
189208, 3
242744, 3
284882, 3
56855, 3
487371, 3
356260, 3
240341, 3
60961, 3
199770, 2
535238, 3
298636, 3
220396, 3
657642, 3
116750, 3
64187, 3
506807, 2
294885, 3
322336, 3
246001, 3
544414, 3
362766, 3
471103, 2
584666, 3
647708, 3
588462, 3
122440, 3
288323, 3
149171, 3
405617, 3
464296, 3
338694, 3
361723, 3
649161, 3
497286, 3
290612, 3
48406, 1
210412, 3
26822, 3
460079, 3
80990, 3
477868, 3
572140, 3
526993, 3
548597, 3
256058, 3
428831, 3
37847, 2
231433, 3
460683, 3
654239, 2
559491, 3
203471, 3
249940, 3
105343, 3
531470, 3
176666, 3
406180, 3
197892, 3
331129, 3
55424, 3
344268, 3
2962, 3
532820, 3
620285, 3
117113, 3
606087, 3
6900, 3
151221, 3
400915, 3
206895, 3
65306, 3
469385, 3
151949, 3
262647, 3
31564, 3
108563, 3
353895, 3
435584, 3
375423, 3
348327, 3
266898, 2
8728, 3
549841, 3
259179, 3
275194, 3
120854, 3
574022, 3
85447, 3
403174, 3
184536, 3
603759, 3
288732, 3
429929, 2
656218, 3
637956, 3
495622, 2
146885, 3
594357, 3
182446, 2
397701, 3
311116, 3
567575, 3
178153, 3
418294, 3
455576, 3
563194, 2
349900, 3
286087, 3
636769, 3
357984, 3
142527, 1
577372, 3
257573, 3
354431, 3
618829, 3
490058, 3
558568, 3
400529, 3
603114, 3
180614, 3
129039, 3
104380, 3
225315, 3
188936, 3
589792, 3
117629, 3
150750, 3
411914, 3
244038, 2
265774, 3
46921, 3
605592, 3
104901, 3
384291, 3
395917, 3
428773, 3
284700, 3
400711, 3
192800, 3
614863, 3
376802, 3
122224, 3
258459, 3
459690, 3
470841, 3
172568, 3
213467, 3
171198, 3
431241, 1
209814, 3
345448, 3
402567, 3
554866, 3
582108, 3
477800, 3
272597, 3
211381, 3
254871, 3
389891, 3
333503, 3
182238, 3
446084, 3
284326, 3
245648, 3
318754, 3
305985, 3
162770, 3
212753, 3
389508, 3
201952, 2
263214, 3
54881, 3
165356, 3
14869, 3
248158, 3
568147, 3
557947, 3
654153, 3
450987, 3
150118, 3
650033, 2
507481, 3
244052, 3
130823, 2
103850, 2
395800, 3
291519, 3
500492, 3
312048, 3
417805, 3
183, 3
280069, 3
104397, 3
171478, 3
49915, 2
210145, 3
639559, 3
499227, 3
417934, 3
643531, 2
343711, 3
279641, 3
122667, 3
96618, 3
340891, 3
505992, 3
650859, 3
653957, 3
90526, 3
357639, 3
597853, 3
515440, 3
109769, 3
51788, 3
358077, 3
531765, 1
508194, 3
325180, 3
390377, 3
139167, 3
160995, 3
64302, 3
643122, 3
546613, 3
148489, 3
477435, 3
553850, 3
396277, 3
648529, 3
455822, 3
622560, 3
629435, 3
75898, 3
146309, 3
175319, 3
556553, 3
611591, 3
257403, 3
515615, 3
590538, 3
207957, 3
257049, 3
467220, 3
532635, 3
600654, 2
487171, 3
256400, 3
270070, 3
316458, 3
636183, 3
429947, 3
598009, 3
275797, 3
360057, 3
655986, 1
224883, 3
272868, 3
614908, 3
337121, 3
373770, 3
220502, 3
411294, 3
43936, 3
618626, 3
571247, 3
82226, 3
88056, 3
191224, 3
190843, 3
407456, 3
137289, 3
317467, 3
455144, 3
646258, 3
652512, 3
155329, 3
302460, 3
501154, 3
306021, 3
629726, 3
212754, 3
17289, 3
197037, 3
39192, 3
506443, 3
390531, 3
287599, 3
85842, 3
511850, 3
45626, 3
5544, 3
631224, 3
581325, 3
639293, 3
73872, 3
67856, 3
647689, 3
28378, 3
479047, 3
195860, 3
171582, 3
537326, 3
112011, 3
617601, 3
458654, 3
629189, 3
173336, 3
184672, 3
611293, 3
577051, 3
465023, 3
84481, 3
292230, 3
551135, 3
356496, 3
121338, 3
110769, 3
639314, 3
603902, 3
419642, 3
493431, 3
116392, 3
237367, 3
269946, 3
142609, 3
501353, 3
102683, 3
410068, 3
443389, 3
641804, 3
291606, 3
565862, 3
661244, 3
80958, 3
82542, 2
228611, 3
556225, 3
604772, 3
185589, 3
321548, 3
611044, 3
204315, 3
542803, 3
452064, 3
118228, 3
5900, 3
117086, 3
195327, 3
410002, 3
429974, 3
278521, 3
427123, 3
172317, 3
386336, 3
81788, 3
2622, 3
456726, 3
307493, 3
445992, 3
233477, 3
103507, 3
598711, 1
255274, 3
370681, 3
330546, 3
638373, 3
640884, 3
336334, 3
505337, 3
505646, 3
239480, 3
541718, 3
459705, 3
65292, 3
146350, 3
182517, 3
188694, 3
186140, 3
31889, 3
193702, 3
601315, 3
532550, 3
656823, 3
477885, 3
533347, 3
125101, 3
84745, 3
195858, 3
219706, 3
514436, 3
576518, 3
507944, 3
632382, 3
497555, 3
471046, 3
465387, 3
253866, 3
311428, 3
512678, 3
612569, 3
293724, 3
313495, 3
505894, 3
166659, 3
433757, 2
432971, 3
91765, 3
266569, 3
615004, 3
25828, 3
36732, 2
425941, 3
423580, 3
555331, 3
527736, 3
624449, 3
566177, 3
232638, 3
502414, 3
247037, 3
655415, 2
485201, 3
325231, 3
526310, 3
92071, 3
234974, 2
448854, 3
597449, 3
36945, 3
356202, 3
626377, 3
527791, 3
403364, 3
194394, 3
441973, 3
301476, 2
13377, 3
216833, 3
120001, 3
514487, 3
80620, 3
575867, 3
650641, 2
526204, 3
628050, 3
379790, 3
37874, 3
464090, 3
91326, 2
645733, 3
578888, 3
263592, 3
55606, 3
72853, 3
37973, 3
17304, 3
321553, 3
56556, 3
253035, 3
557021, 3
609070, 3
197447, 3
270460, 3
181922, 3
64524, 3
109215, 3
552692, 3
533797, 3
425605, 3
117732, 3
369860, 3
510434, 3
389265, 3
456993, 3
335862, 3
179595, 3
606238, 3
347393, 3
127940, 3
160169, 3
32568, 3
361441, 3
328860, 3
119678, 3
275954, 3
130385, 3
219186, 3
599063, 3
442723, 1
664505, 3
610371, 3
243532, 3
351933, 3
389170, 3
357934, 3
366304, 3
319754, 3
458902, 3
481464, 3
250336, 3
258205, 3
172534, 3
422866, 3
643924, 2
528806, 1
508035, 3
431236, 2
501193, 3
594414, 3
159597, 3
456737, 3
476633, 3
40540, 3
514308, 3
389431, 3
285941, 3
439745, 3
618508, 3
238373, 3
398309, 3
32225, 2
49777, 3
353526, 3
394843, 3
174248, 3
211919, 3
424825, 3
307627, 3
653933, 3
294974, 3
214913, 3
514078, 3
637370, 3
366669, 3
355996, 3
506898, 3
597312, 3
103665, 3
144436, 3
477392, 3
128366, 3
750, 3
176417, 3
501517, 3
1986, 3
91206, 3
531112, 3
558483, 3
15272, 2
194929, 3
50238, 3
51854, 3
136551, 2
110921, 3
640179, 3
493229, 3
285074, 3
34668, 3
557419, 3
571430, 3
483839, 3
317608, 3
72720, 3
542261, 3
167506, 3
28436, 3
458328, 3
179451, 3
485853, 3
237483, 3
620530, 3
405493, 3
487826, 3
56391, 3
491980, 3
620211, 3
317851, 3
223593, 3
146997, 1
61496, 3
327417, 3
32988, 3
168447, 3
53517, 3
259562, 3
642170, 3
643216, 3
219634, 3
285910, 3
421343, 3
610497, 3
582225, 3
98192, 3
434657, 3
629904, 3
520418, 3
512926, 3
392618, 3
117149, 3
188339, 3
434817, 3
464342, 3
53460, 3
393283, 2
47450, 3
495528, 3
42812, 3
241344, 3
191064, 3
137163, 3
555684, 3
174008, 3
622591, 3
126611, 3
141400, 3
266425, 2
382584, 3
94028, 3
114528, 3
354903, 3
390967, 3
632185, 3
197111, 3
627321, 3
190502, 3
285807, 3
228045, 3
515327, 3
263795, 2
494690, 3
244147, 1
217258, 3
246000, 3
380216, 3
243247, 3
304350, 3
625041, 3
517405, 3
257018, 3
2764, 3
492042, 2
559669, 3
342859, 3
87759, 3
255175, 3
460379, 3
500564, 3
381609, 3
653325, 3
100094, 3
388682, 3
362393, 3
62155, 3
385728, 3
349014, 3
580884, 3
503848, 3
233705, 3
448176, 3
604011, 3
97939, 1
198853, 3
554799, 3
246534, 3
592437, 3
206339, 3
181027, 3
654393, 3
311101, 3
169650, 3
36284, 3
454954, 3
525914, 3
405786, 3
115744, 3
5357, 3
346400, 3
484828, 3
292144, 3
650838, 3
81095, 3
223438, 3
287172, 3
238899, 3
293811, 3
193112, 3
230377, 2
40851, 3
171280, 3
26443, 3
516279, 3
573418, 3
296917, 2
570308, 3
557567, 3
301739, 3
651991, 3
429500, 3
280743, 3
663512, 3
559535, 3
601722, 3
108865, 3
294094, 3
413137, 3
334730, 3
613005, 3
28883, 3
224583, 3
421652, 3
521327, 3
578974, 3
487306, 3
232054, 3
157628, 3
404606, 3
505759, 3
319778, 2
591358, 3
152301, 3
370470, 3
558271, 3
424922, 3
460755, 3
249039, 3
64010, 3
78086, 3
638177, 3
507394, 3
468232, 3
631752, 3
474834, 3
222859, 3
577511, 3
419521, 2
445345, 3
321356, 2
609146, 3
661127, 3
595636, 2
143019, 3
603198, 3
464927, 3
552321, 3
650618, 3
640069, 3
140970, 3
600554, 3
372892, 3
83683, 3
467890, 3
606693, 3
247044, 3
296314, 3
49492, 3
501767, 3
609252, 1
40083, 3
128973, 2
259748, 2
536909, 3
39589, 3
83023, 3
528416, 3
359224, 3
429001, 3
330059, 3
443687, 3
395536, 3
144954, 3
8088, 3
484180, 2
483755, 3
253507, 2
12334, 3
177786, 1
261981, 3
160392, 3
31993, 3
360494, 3
173072, 3
496763, 3
37594, 2
648291, 3
96734, 3
633404, 3
614131, 3
443077, 3
603552, 3
418721, 3
197270, 3
316684, 3
205482, 3
295417, 1
170074, 3
95922, 3
581713, 3
248439, 3
309183, 3
49479, 3
508659, 3
655261, 3
308461, 3
172973, 3
145147, 1
504073, 3
472472, 3
227469, 3
129173, 3
45474, 3
366334, 3
97171, 3
449160, 3
355153, 3
97929, 3
644964, 3
74792, 3
527985, 3
569739, 3
535725, 3
12751, 3
177066, 3
223499, 3
41568, 3
438239, 3
72539, 3
438083, 3
491617, 3
515539, 3
578470, 3
239275, 3
78164, 3
106635, 3
57643, 2
193486, 3
416531, 3
62518, 3
441377, 3
402442, 3
353750, 3
438531, 3
456479, 3
652136, 2
330516, 3
570550, 3
635816, 3
185682, 3
283103, 3
240597, 3
623087, 3
140870, 3
104542, 3
9361, 3
329679, 3
197653, 3
496721, 3
419500, 3
72114, 3
617595, 2
269777, 3
394169, 3
394758, 3
94059, 3
12872, 3
368148, 3
287186, 3
449645, 3
88089, 3
309215, 3
42698, 3
554030, 3
158742, 3
444102, 3
40004, 3
551808, 3
62493, 3
403650, 3
113183, 3
649537, 3
218281, 3
32435, 2
66336, 3
185244, 3
638650, 3
402833, 3
14062, 3
568220, 3
44093, 3
387089, 3
255068, 3
263238, 3
650104, 3
545366, 3
443218, 3
138771, 3
260046, 3
295666, 3
577723, 3
223732, 3
10136, 1
369085, 3
402674, 3
609578, 3
395523, 3
31030, 3
150744, 3
181289, 3
237326, 3
644767, 1
190809, 3
413093, 3
642489, 2
11332, 3
97467, 3
173837, 3
438888, 3
206132, 3
473282, 3
232118, 3
623974, 3
240993, 3
144230, 3
238376, 3
351461, 3
112599, 3
459291, 3
85936, 3
213628, 3
156879, 3
344721, 3
183029, 3
374689, 3
259989, 3
322516, 2
566945, 3
536210, 3
122297, 3
313173, 3
587374, 3
92622, 3
234817, 3
246998, 3
651720, 3
271106, 3
332321, 3
589232, 3
252350, 2
279271, 3
70518, 3
345842, 3
636374, 3
19962, 3
452500, 3
290894, 3
413628, 3
578355, 3
642201, 3
425662, 3
447573, 3
65252, 3
37184, 3
149599, 3
535915, 3
390506, 3
440662, 3
68956, 3
521745, 3
323453, 1
304202, 3
611842, 1
327770, 3
433907, 3
575961, 3
89151, 3
180937, 3
407703, 3
243625, 2
278490, 3
467314, 3
81233, 3
312098, 3
403592, 3
600767, 3
343784, 3
100429, 3
535419, 1
592282, 3
577170, 3
663934, 3
256465, 3
342629, 3
580963, 3
495646, 3
353287, 3
21961, 3
76279, 2
90148, 3
467371, 3
178676, 3
123295, 3
181017, 3
423621, 3
27266, 3
584682, 3
361019, 3
520875, 2
363041, 3
203933, 3
136844, 3
141727, 3
658126, 3
327279, 3
597557, 3
577134, 3
250384, 3
474149, 3
636477, 3
125932, 3
274691, 3
185182, 1
139202, 2
125189, 3
449341, 3
656261, 3
447562, 3
622377, 3
167961, 3
612848, 3
649653, 3
72144, 2
320873, 3
65647, 3
396709, 3
5103, 3
452530, 3
527683, 3
624035, 3
560810, 3
28814, 3
154059, 3
605374, 3
408358, 3
148057, 3
616506, 3
611043, 3
124574, 3
398537, 3
277769, 3
654067, 3
413038, 3
415046, 3
16322, 3
563827, 3
550758, 3
428110, 3
158011, 3
285563, 3
421108, 3
119924, 3
311023, 3
111204, 3
220099, 3
370226, 2
241979, 3
580221, 3
450038, 3
532858, 3
658313, 3
157094, 3
82300, 3
372348, 3
523833, 2
120957, 3
356340, 3
180395, 3
156499, 3
462028, 3
364436, 3
90317, 3
44901, 3
342381, 3
647069, 3
434078, 3
537718, 3
590802, 3
269851, 3
143863, 3
89218, 3
646108, 3
633632, 3
23352, 3
348436, 3
525279, 3
659914, 3
212296, 3
431289, 3
22267, 3
499902, 3
332185, 3
75971, 1
371387, 3
328280, 3
148824, 3
613976, 3
228601, 3
295281, 3
258182, 3
154311, 3
625223, 3
416064, 3
73329, 3
548079, 3
423475, 3
4464, 3
362238, 3
330621, 3
402022, 3
483046, 3
62334, 3
503410, 3
12089, 3
381455, 3
529847, 3
310900, 3
226880, 3
353877, 3
446211, 3
639200, 3
118972, 3
89493, 3
73484, 3
412283, 3
35520, 3
225165, 3
649545, 3
252629, 3
418586, 3
472804, 3
6738, 3
357868, 3
490512, 3
64060, 3
42112, 3
470271, 3
457039, 3
213316, 3
129275, 3
229246, 3
627758, 3
410402, 3
527328, 3
226939, 3
363982, 3
541654, 3
355252, 3
127694, 3
464467, 3
336043, 3
319205, 3
620450, 3
110788, 3
500892, 3
304300, 3
191999, 3
532563, 3
183826, 3
534942, 3
619780, 3
97283, 3
121901, 3
324808, 3
80139, 3
358943, 3
410449, 3
633931, 3
228225, 3
124322, 3
187512, 2
261047, 3
251939, 3
495181, 3
383040, 3
41966, 3
70431, 3
473791, 3
221662, 3
100407, 3
81269, 3
465665, 3
253163, 3
16271, 3
77125, 3
620916, 3
247944, 3
327403, 3
328850, 3
229608, 3
362023, 3
205936, 3
531170, 3
413139, 3
54468, 3
232351, 3
294229, 3
80719, 3
561684, 3
2850, 3
93945, 3
121234, 3
481242, 3
144158, 3
40705, 3
552179, 3
540805, 3
443652, 3
295749, 3
180528, 3
282629, 3
607296, 3
385926, 3
539967, 3
347548, 3
175914, 3
584234, 3
406736, 3
62235, 3
552679, 3
343892, 3
626757, 3
373868, 3
643853, 2
325734, 3
18011, 3
283026, 3
485290, 3
563891, 3
293020, 3
259307, 3
314635, 3
535655, 3
462203, 3
463833, 3
599362, 3
453433, 3
431142, 3
364635, 3
519686, 3
500711, 3
78734, 3
79103, 3
298126, 3
64982, 3
107230, 3
321097, 2
117889, 3
528705, 3
488430, 3
464043, 3
433556, 3
287735, 3
372952, 3
337179, 3
473673, 3
578810, 3
318208, 3
40205, 3
167433, 3
452271, 2
100806, 3
570891, 3
195599, 3
611260, 3
563879, 2
407526, 3
106467, 3
422586, 3
311720, 3
258841, 3
204697, 3
118101, 3
194951, 3
97626, 3
8218, 3
612844, 3
391502, 3
379799, 3
336917, 3
47642, 3
320920, 2
345188, 3
140612, 3
418967, 3
380506, 3
55334, 1
321293, 3
634626, 3
137275, 3
410034, 3
444613, 3
549561, 3
184701, 3
521880, 3
599328, 3
106550, 2
290687, 3
564126, 3
374887, 3
138217, 3
37562, 3
655656, 3
41814, 3
125303, 3
167244, 3
348034, 3
50778, 2
196101, 3
533302, 3
54061, 3
290440, 3
330082, 3
12848, 3
199005, 3
198576, 3
67137, 3
216459, 3
659897, 3
414492, 3
271597, 3
595916, 3
565014, 3
434542, 3
649340, 3
208955, 3
577088, 3
371857, 3
424767, 3
644127, 3
576465, 3
18351, 3
123051, 3
40594, 3
540994, 3
48111, 3
532324, 1
65365, 3
138748, 3
21399, 3
537249, 3
379271, 3
306923, 3
77099, 3
609497, 3
338843, 3
440355, 3
296600, 3
394339, 3
393947, 3
403450, 3
366949, 3
436451, 3
218979, 3
190762, 3
36696, 3
11584, 3
635894, 3
168516, 3
587240, 1
103234, 3
125674, 3
457252, 3
236258, 3
497503, 3
265598, 3
45963, 3
131841, 3
497369, 3
185078, 3
418826, 3
205130, 3
87339, 3
311787, 3
2182, 3
331884, 3
454041, 3
493007, 3
123296, 2
603118, 3
636599, 3
207510, 3
105363, 3
230325, 3
323872, 2
398905, 3
353258, 3
353752, 3
434942, 1
616607, 3
458777, 3
444806, 3
314060, 3
662961, 2
298858, 3
177510, 3
343583, 3
652897, 2
622490, 3
374409, 3
247016, 3
8037, 3
289031, 3
439638, 3
371266, 3
290927, 3
529511, 3
406816, 3
270167, 3
192784, 3
543627, 3
221557, 3
317809, 3
155679, 3
523413, 3
220016, 3
382224, 3
204355, 3
446501, 3
573323, 3
609066, 2
248105, 3
194667, 3
468813, 3
243798, 3
658424, 3
431750, 1
463933, 3
29474, 3
237195, 3
48893, 3
402718, 3
310097, 3
625404, 3
262389, 3
54968, 3
135240, 3
405409, 3
255800, 3
8252, 3
99906, 3
656226, 3
546953, 3
631062, 3
169554, 3
281893, 3
219412, 3
245942, 3
307541, 3
117843, 3
527866, 3
364007, 3
395711, 3
564912, 3
10064, 3
262562, 3
395809, 3
319473, 3
150003, 3
535493, 3
401329, 3
36807, 3
626108, 3
37802, 3
35776, 3
586185, 2
75944, 3
638512, 3
71031, 3
588715, 3
181962, 3
356502, 3
296619, 2
602617, 3
330595, 3
196542, 3
246374, 3
466719, 3
28757, 3
576929, 3
610082, 3
563141, 2
105499, 3
307152, 3
248955, 3
337271, 3
5952, 3
571314, 3
664446, 2
12028, 3
66043, 3
570111, 3
23314, 3
36281, 3
8773, 3
191788, 2
28189, 3
505557, 3
61848, 3
235758, 3
538500, 3
157935, 3
630380, 3
629329, 3
204889, 3
419617, 2
294188, 3
491507, 3
306375, 3
266289, 3
416713, 3
260229, 1
20647, 3
632100, 3
269202, 3
541356, 3
360367, 3
314984, 3
656780, 3
647055, 3
149902, 3
660510, 3
62539, 3
190929, 3
195054, 3
254149, 3
658914, 3
603214, 3
139046, 3
267555, 3
120959, 3
210488, 3
472037, 3
252173, 3
293981, 3
597140, 3
123186, 3
360852, 3
413248, 3
408494, 3
145300, 3
402921, 3
316847, 3
663707, 3
413132, 3
211340, 3
618254, 3
85055, 3
389000, 3
502979, 3
299860, 3
515262, 3
273986, 3
209520, 3
270130, 3
477250, 3
559468, 3
497674, 3
70321, 1
338221, 2
29147, 3
589750, 3
153314, 3
459924, 3
365355, 3
319054, 3
659919, 3
209429, 3
152367, 3
7493, 3
80912, 3
378126, 3
338053, 3
131432, 3
343330, 3
429317, 3
363905, 3
617428, 3
597354, 3
214250, 3
39627, 3
431528, 2
525490, 3
105603, 3
513174, 3
324579, 3
206852, 3
74132, 3
626999, 3
212708, 3
436866, 3
71473, 3
83286, 3
531642, 3
74698, 3
171562, 3
114061, 3
503587, 3
492980, 3
139902, 3
483545, 3
593837, 3
656985, 3
539503, 3
226819, 3
590997, 3
458886, 3
302488, 3
38900, 3
417778, 3
290555, 3
253586, 2
435010, 3
515790, 3
48710, 3
121853, 3
375726, 3
157472, 3
445053, 3
486949, 3
248027, 3
574696, 2
123939, 3
434106, 3
154410, 3
116038, 1
584464, 3
30081, 3
348992, 3
277345, 3
403352, 3
610824, 3
319833, 3
101672, 3
252271, 2
89141, 3
661642, 3
236108, 3
528870, 3
497062, 3
479248, 2
531526, 3
529842, 3
55972, 3
390712, 3
525365, 3
643746, 1
401256, 3
215850, 3
459701, 3
222951, 3
75430, 3
440273, 3
515065, 3
571626, 2
531767, 3
204916, 3
87125, 3
133831, 3
352403, 3
391631, 3
93039, 3
657439, 3
279696, 3
582325, 2
407071, 3
177732, 3
252232, 3
414405, 3
8784, 3
215874, 3
447688, 3
510226, 3
370654, 3
438141, 3
380045, 3
309733, 3
424153, 3
335632, 3
493863, 3
542479, 3
165645, 3
25808, 3
514476, 3
208429, 3
479805, 3
291491, 2
481270, 3
367743, 3
280792, 3
64730, 3
77320, 3
441631, 3
601217, 3
595309, 3
53248, 3
111798, 3
550331, 3
255152, 3
240075, 3
68779, 3
182560, 3
171238, 3
343589, 3
501009, 3
357235, 3
626723, 3
308756, 2
330802, 3
366865, 3
118031, 3
511928, 3
90400, 3
220688, 1
102581, 3
357160, 3
293810, 3
579599, 3
337156, 3
321115, 3
531752, 3
254771, 3
297079, 3
87834, 3
165823, 3
170206, 3
183922, 3
516986, 3
648885, 3
372114, 3
562785, 3
414341, 3
421059, 3
509754, 3
451803, 3
64687, 3
526924, 3
118980, 3
289179, 3
260259, 3
232114, 3
331849, 3
635998, 3
433640, 3
281266, 3
20888, 3
624699, 3
389862, 3
247762, 3
432960, 3
652189, 3
394599, 3
220750, 2
488862, 3
28909, 3
16557, 3
566376, 3
74682, 3
131360, 2
569911, 3
531808, 3
213733, 3
242638, 3
176325, 3
426599, 3
317200, 3
34400, 3
159959, 3
496810, 3
524206, 3
565753, 2
183939, 3
632215, 3
452427, 3
141018, 3
634375, 3
292076, 3
166995, 3
139347, 3
595353, 3
23148, 2
279532, 3
105965, 3
191225, 3
456605, 3
18419, 3
171712, 3
647591, 3
627567, 3
395988, 3
86452, 3
319403, 3
657566, 3
38911, 3
157776, 3
501908, 3
149728, 3
140296, 3
149497, 3
261948, 3
432836, 3
226021, 3
334526, 3
170295, 3
470901, 3
146818, 3
564828, 2
65807, 3
622392, 3
480939, 3
164491, 3
415986, 3
441449, 3
282303, 3
273977, 3
287028, 3
398160, 3
309757, 3
418727, 3
502908, 3
140363, 3
139668, 3
217633, 3
649409, 3
656007, 3
581175, 3
100536, 3
29584, 3
663057, 1
534571, 3
4319, 3
624869, 1
310936, 3
563066, 2
487946, 3
646306, 3
9580, 3
659312, 3
493470, 3
220894, 1
256308, 3
441543, 3
100524, 3
124087, 3
326216, 3
50029, 3
238148, 3
252392, 3
264930, 2
82072, 3
337269, 3
363531, 3
356186, 3
155819, 3
400135, 3
44372, 3
407947, 3
110288, 3
393286, 3
246742, 3
313063, 3
344186, 3
167753, 3
512946, 3
660161, 3
319758, 3
560505, 3
396977, 3
470781, 3
648549, 3
454006, 3
510230, 3
445182, 3
192723, 3
584773, 3
395154, 3
352844, 3
521182, 3
99279, 3
177108, 3
223116, 3
204359, 3
171580, 3
242169, 3
634016, 3
214901, 3
445301, 3
546500, 3
519855, 3
408158, 3
48005, 3
593998, 3
295651, 3
188572, 3
184381, 3
15934, 3
327532, 3
291434, 3
121030, 3
106492, 3
208903, 3
10320, 2
151617, 2
478410, 3
491391, 3
303899, 3
189102, 3
425424, 3
34987, 3
389606, 1
611625, 3
562887, 3
541789, 3
85492, 3
612145, 3
44672, 3
375958, 3
274017, 3
636002, 3
505319, 3
104314, 3
76988, 3
64223, 3
39497, 3
207299, 3
290934, 3
661444, 2
486088, 3
443407, 3
624148, 3
170764, 3
544814, 3
290248, 3
340343, 3
120272, 3
295611, 3
485556, 3
295867, 3
463042, 3
200119, 3
641257, 1
428132, 3
609465, 3
202230, 1
380066, 3
462491, 3
622262, 3
232214, 3
330412, 3
308165, 3
551421, 3
173554, 3
401807, 3
150351, 3
195146, 3
30496, 3
132204, 3
422041, 3
430591, 2
558371, 3
596872, 3
271290, 3
599147, 3
604347, 3
118079, 3
351716, 3
74595, 3
19818, 3
447663, 1
245813, 3
116518, 3
355733, 3
192235, 3
78260, 3
418490, 3
456820, 3
96124, 3
272769, 3
450502, 3
479766, 3
487872, 3
244030, 3
388708, 3
166899, 3
414624, 3
563908, 3
415704, 3
411102, 3
328996, 3
549299, 3
156426, 3
366380, 3
124700, 3
530275, 3
606392, 3
467996, 3
426294, 3
662342, 3
150934, 3
247814, 3
104194, 3
178804, 3
583928, 3
206590, 3
60247, 3
612533, 1
253669, 3
280935, 3
205632, 3
529513, 3
279090, 3
457023, 2
165191, 3
592636, 3
370298, 3
534463, 3
643004, 3
200260, 3
478117, 3
272888, 3
630941, 3
2398, 3
107565, 3
74043, 3
41908, 3
268673, 3
10383, 3
262760, 3
205249, 3
330156, 2
442833, 3
454772, 3
154708, 3
32113, 3
2727, 3
478352, 3
238387, 3
392975, 1
8020, 3
560317, 3
243777, 3
207864, 3
485503, 3
270048, 3
439461, 3
648232, 3
533672, 3
395860, 3
118483, 3
260560, 3
377822, 3
265626, 3
663203, 3
466558, 2
94552, 3
495376, 3
235948, 3
580831, 3
537124, 3
364360, 3
320170, 3
434413, 3
495594, 3
90041, 3
305905, 3
655821, 3
416404, 3
652743, 3
550890, 3
476198, 3
282463, 3
114835, 3
35053, 3
334178, 3
235456, 3
241345, 1
343406, 3
116446, 3
302363, 3
452964, 3
117698, 3
447266, 3
510128, 3
574594, 3
409854, 3
109879, 3
442663, 3
269890, 3
46294, 3
634631, 3
526035, 3
511842, 3
76836, 3
465037, 3
457540, 3
415089, 3
518583, 3
636247, 3
659929, 1
339576, 3
377365, 3
326553, 3
438153, 3
293698, 3
353758, 3
255639, 3
45450, 3
66916, 3
393856, 3
526912, 3
72393, 3
583685, 3
125938, 3
120294, 3
637792, 3
88851, 3
588147, 3
533050, 3
407607, 3
185496, 3
172163, 3
260023, 3
383009, 3
557775, 2
63463, 3
614024, 1
306041, 3
251126, 3
511874, 3
189438, 3
144982, 3
378750, 3
482005, 3
476687, 3
515480, 3
178400, 3
241293, 3
88711, 3
660145, 3
539750, 3
579191, 3
590796, 3
191936, 3
420014, 3
379710, 2
417717, 3
476736, 3
419021, 3
646382, 3
392935, 1
284428, 3
608515, 3
201027, 3
243720, 3
170013, 3
82035, 3
348296, 3
516020, 3
479739, 3
423369, 3
216035, 3
173382, 3
394023, 3
109598, 3
86862, 3
71941, 3
358554, 3
22662, 3
5849, 3
460043, 3
194008, 3
524200, 3
310121, 3
18249, 3
75294, 3
511612, 3
521033, 3
241050, 3
236235, 3
157686, 3
129626, 3
79631, 3
251426, 3
630172, 3
337682, 3
641165, 3
567436, 3
116432, 3
589401, 3
145402, 1
318039, 3
630575, 3
630158, 3
595783, 3
492325, 3
189759, 3
44233, 3
456686, 3
496974, 3
356375, 3
251116, 3
165415, 3
414165, 3
652959, 3
94742, 3
38117, 3
166668, 3
26282, 3
23147, 3
96091, 3
476686, 3
551694, 3
600519, 3
347503, 3
539569, 3
325104, 3
418797, 3
118214, 3
129536, 3
240277, 3
405254, 3
456931, 3
397129, 3
430647, 2
632008, 3
488001, 3
15209, 3
26633, 3
533113, 3
378132, 3
153932, 3
601089, 3
486068, 1
466130, 3
221906, 3
620647, 2
455093, 3
520119, 3
609763, 3
100422, 3
355475, 3
239997, 3
87041, 3
494054, 3
76255, 3
126237, 3
579826, 3
331420, 3
71190, 2
329287, 3
328780, 3
650148, 3
380774, 3
570135, 3
550202, 3
210399, 3
425838, 3
92136, 3
593191, 3
419566, 3
638696, 3
53211, 3
53224, 3
644557, 3
160841, 3
252510, 3
106427, 3
496891, 3
555204, 3
273549, 3
186597, 3
146461, 3
105419, 3
267515, 3
17868, 3
377500, 2
512664, 2
118202, 3
457665, 3
243473, 3
249118, 3
334626, 3
268633, 3
99301, 3
123786, 3
439087, 3
254861, 3
130109, 3
25060, 3
404813, 2
543712, 3
215852, 3
406267, 3
9656, 3
143381, 3
275210, 3
211796, 3
396059, 3
198004, 3
105952, 3
534274, 3
179267, 3
465365, 3
22906, 3
469024, 3
144930, 3
445649, 3
569450, 3
31769, 2
7806, 3
486156, 3
494408, 3
23402, 3
273064, 3
226551, 3
506290, 3
71880, 2
468703, 3
26253, 3
126795, 3
137691, 3
81888, 3
276054, 3
169904, 3
329328, 3
450731, 3
590278, 3
397806, 3
579636, 3
227948, 3
154904, 3
657297, 3
389411, 3
120171, 3
196789, 1
501206, 3
582444, 3
362712, 3
491346, 3
163007, 3
354732, 3
525969, 3
345112, 3
344177, 3
8613, 3
663599, 3
180298, 3
341630, 3
482714, 3
203792, 3
229159, 3
94902, 3
454446, 3
108670, 3
356364, 3
270172, 3
14145, 3
169107, 3
509986, 3
134658, 3
263378, 3
231554, 3
636612, 3
469884, 3
114887, 3
253284, 3
360570, 3
488230, 3
650646, 3
178968, 3
289467, 3
151051, 3
339430, 3
434030, 3
510902, 3
249210, 2
456725, 3
28423, 3
413076, 3
347120, 3
383514, 2
601290, 3
280132, 3
643785, 3
115828, 3
20004, 3
298715, 3
318773, 3
589408, 3
295233, 3
264996, 2
252240, 3
284210, 3
511485, 3
498788, 3
292814, 3
186549, 3
260416, 3
637991, 3
355737, 3
137266, 2
458370, 3
501163, 3
403627, 3
350920, 3
650281, 2
596152, 3
636325, 3
20203, 3
317895, 3
601193, 3
444243, 3
134892, 3
115730, 3
21813, 3
453663, 3
300252, 3
154989, 3
637001, 3
4201, 3
231458, 3
580704, 3
80307, 3
273012, 3
460184, 3
169534, 3
571412, 3
566305, 3
539869, 3
367967, 3
601304, 3
352675, 3
528368, 3
367998, 3
424298, 3
80087, 3
249853, 3
426948, 3
489121, 3
264033, 3
378156, 3
12101, 3
45982, 3
167221, 3
293526, 3
336549, 3
552193, 3
234506, 3
405368, 3
189336, 3
69558, 3
407056, 3
245206, 3
146870, 3
427970, 3
40613, 3
432702, 3
166822, 3
452533, 3
267803, 3
531927, 3
246861, 3
508977, 3
124345, 3
634703, 3
221806, 3
109270, 3
431196, 3
511248, 3
130217, 3
75526, 3
436552, 3
400678, 3
545758, 3
550884, 3
323335, 1
387160, 3
201257, 3
203497, 3
536588, 3
114250, 3
241538, 3
420448, 3
417365, 3
75265, 3
312082, 3
389940, 2
444347, 3
268503, 3
118226, 3
144397, 3
652485, 3
557110, 3
18701, 3
147494, 3
436992, 3
503348, 3
204424, 3
20920, 3
536555, 3
635147, 3
193272, 3
298923, 3
460872, 3
396109, 3
104535, 3
56653, 3
614869, 3
112055, 3
390910, 3
100886, 3
623936, 3
118597, 3
158985, 3
250417, 3
157240, 3
24609, 3
168468, 3
109038, 3
193892, 3
99812, 3
366331, 3
449918, 3
125201, 3
40844, 3
566868, 3
519587, 2
307110, 3
161811, 3
93814, 3
452783, 2
620527, 3
493489, 3
275157, 3
82974, 1
18985, 3
171693, 3
244693, 3
156780, 3
313403, 3
122446, 3
320599, 3
36254, 3
124699, 3
410423, 3
162240, 3
201094, 3
566843, 3
175068, 3
218076, 3
390552, 3
137456, 3
288238, 3
442516, 3
259397, 3
450428, 3
595448, 3
16187, 3
335613, 3
203097, 3
24364, 3
256706, 3
184314, 3
321844, 2
19252, 3
103575, 3
209438, 3
594528, 3
266936, 2
206679, 3
208866, 3
257717, 3
613273, 3
28589, 3
546343, 3
649519, 3
664074, 3
391341, 3
252670, 3
131837, 3
468550, 3
450866, 3
123383, 3
114253, 3
373526, 3
302646, 3
116023, 2
231468, 3
297993, 3
70363, 3
225649, 3
45877, 3
240642, 3
68289, 3
361244, 3
107286, 3
554834, 3
375828, 3
114770, 3
435381, 3
589935, 3
61221, 3
30853, 3
631129, 3
385368, 3
483554, 3
300850, 3
48946, 3
463056, 3
329353, 3
110323, 3
446787, 3
135725, 3
314759, 3
231832, 3
29949, 3
443050, 3
441983, 3
90064, 3
173189, 3
308307, 3
28870, 3
95186, 3
164145, 3
616252, 3
349858, 3
627226, 3
608449, 3
460602, 3
566152, 3
242613, 3
531273, 3
565009, 2
440239, 3
582973, 3
489787, 3
246623, 3
574976, 3
51733, 3
68162, 3
251256, 3
276592, 3
292774, 3
161965, 3
532407, 3
545052, 3
215959, 3
1321, 3
26719, 3
345305, 3
215634, 3
524230, 3
226027, 3
414187, 3
204178, 3
194909, 3
146837, 3
562147, 3
368534, 3
205052, 3
341668, 3
541194, 3
377929, 3
524130, 3
81954, 3
260410, 3
665023, 3
594161, 3
219762, 3
149241, 3
114950, 3
38462, 3
630675, 3
299846, 3
263708, 3
443209, 3
26472, 3
252335, 3
464591, 2
269050, 2
663767, 3
53129, 3
160451, 3
300543, 3
400580, 3
166983, 3
141215, 3
511573, 3
607436, 3
551961, 3
198149, 3
479306, 3
579626, 3
362979, 3
35095, 3
393957, 3
13669, 3
615451, 3
641838, 3
462772, 3
209059, 3
152411, 3
102204, 3
14078, 3
234556, 2
218880, 3
154456, 3
516235, 3
262754, 3
448476, 3
591564, 3
88701, 3
21284, 3
155424, 3
107362, 3
355793, 3
467042, 3
84339, 3
586827, 3
492710, 3
492284, 3
22308, 3
92775, 3
321394, 3
267170, 3
98363, 3
55336, 3
510988, 3
626216, 3
73953, 3
409868, 3
173374, 3
590110, 3
164331, 3
340, 3
251557, 2
17028, 3
1141, 3
306538, 3
202168, 3
599600, 3
456688, 3
483623, 3
216313, 1
533642, 3
598027, 3
256888, 3
496541, 3
555374, 3
57763, 3
238879, 3
355308, 3
288463, 3
307948, 3
408919, 3
619130, 3
201516, 3
41368, 3
430314, 2
104085, 3
73477, 3
46377, 3
581109, 3
498339, 3
115354, 3
388357, 3
536654, 3
388200, 3
481081, 3
610711, 1
197758, 3
218712, 3
175051, 3
356180, 3
599960, 3
634126, 3
526194, 2
569425, 3
665219, 3
134448, 3
207641, 3
466919, 3
417144, 3
588943, 3
54406, 3
491348, 3
281143, 3
288857, 3
279877, 3
378702, 3
7831, 3
306966, 3
600866, 3
139314, 1
127966, 3
52324, 3
270768, 3
221582, 3
462299, 3
430978, 3
288729, 3
68104, 3
389172, 3
419354, 3
583686, 3
27747, 3
650826, 3
412719, 3
593609, 3
565686, 3
215300, 3
187494, 3
661894, 3
86101, 3
104145, 3
614135, 3
625609, 3
261477, 3
63992, 3
84316, 3
279112, 3
117287, 3
453233, 1
318850, 3
576780, 3
298011, 3
139634, 3
239991, 3
233082, 3
498072, 2
235515, 3
278362, 3
107570, 3
502284, 3
554684, 3
345575, 3
201788, 3
176119, 3
475498, 3
188103, 3
272582, 3
619718, 3
299793, 3
108662, 3
52787, 3
190147, 3
248408, 3
477185, 3
194241, 3
260595, 3
406190, 3
18670, 3
571050, 3
453203, 3
553409, 3
509372, 3
362275, 3
211876, 3
202576, 3
388800, 3
20932, 3
341058, 3
136304, 3
131132, 3
309429, 3
423750, 3
545695, 3
641726, 3
257635, 3
227110, 3
300980, 2
185564, 3
578463, 3
156602, 3
217374, 3
317238, 3
581772, 3
549471, 3
182108, 3
644930, 3
538159, 3
131586, 3
289728, 3
659153, 3
6330, 3
411396, 3
62245, 3
3009, 3
28237, 3
74329, 3
97959, 3
662099, 1
155405, 3
78767, 3
537066, 3
170170, 3
543943, 3
83344, 3
613724, 3
359756, 3
377950, 3
147844, 3
331634, 3
378443, 3
60727, 1
505902, 3
508696, 3
352727, 1
18417, 3
59262, 2
403679, 3
336609, 3
118478, 3
517459, 3
83427, 3
643596, 3
517999, 3
187992, 3
607310, 3
441609, 3
171306, 3
440143, 3
138466, 3
166391, 3
468068, 3
15130, 3
603190, 3
74702, 3
493303, 3
650852, 3
164901, 3
278499, 3
658233, 3
370220, 3
476099, 3
11746, 3
620718, 3
79994, 3
10652, 3
429365, 3
470234, 3
412635, 3
320928, 3
164415, 3
425998, 3
213490, 3
356441, 3
612593, 3
34730, 3
456384, 3
375159, 2
160090, 3
368467, 3
252153, 3
628966, 3
222578, 3
257647, 3
160575, 3
270506, 3
473419, 3
377309, 3
383779, 2
99167, 3
119677, 3
154164, 3
367652, 3
297106, 3
359497, 3
336186, 3
632601, 3
212327, 3
258333, 3
245944, 3
303668, 3
124314, 2
467055, 2
614087, 3
545288, 3
126024, 3
139012, 3
354984, 3
334330, 3
522101, 3
308963, 3
440664, 3
255342, 3
510750, 3
509998, 3
210292, 3
536819, 3
633614, 3
550500, 3
491605, 3
120916, 3
613778, 3
651077, 2
490112, 3
368306, 3
258011, 3
555687, 3
105025, 3
173102, 3
416608, 3
316532, 3
547580, 3
586259, 3
589161, 3
628233, 3
417072, 3
387320, 3
633521, 3
77067, 3
654706, 3
306917, 3
476077, 3
319481, 3
207315, 3
396246, 3
496925, 3
245688, 3
184097, 3
135930, 3
228755, 3
250218, 3
272441, 3
501703, 3
286715, 3
23306, 3
492774, 3
369567, 3
181763, 3
141819, 3
376207, 3
324164, 3
189060, 3
330759, 3
89807, 3
64360, 3
236233, 3
53036, 3
110446, 3
151979, 3
69614, 3
37315, 2
142091, 3
31974, 3
469811, 3
514907, 3
280632, 3
436999, 3
73683, 3
512655, 3
291107, 3
147696, 3
633066, 3
624045, 3
285109, 3
277275, 3
606099, 3
157332, 3
144774, 3
220569, 3
158377, 3
538660, 3
182990, 3
385429, 3
285239, 3
173927, 3
236893, 3
271511, 3
171200, 3
575904, 3
261878, 3
558019, 3
190114, 3
112712, 3
330517, 3
413111, 3
44839, 3
527462, 2
628102, 3
412770, 1
598659, 3
310227, 3
89622, 3
260821, 1
339229, 3
99659, 3
519867, 3
431798, 3
289424, 3
493764, 3
470288, 3
248126, 3
50956, 3
370157, 3
145718, 3
551810, 3
528966, 3
156110, 3
333806, 3
404897, 3
341020, 3
414232, 3
133261, 3
114702, 3
408239, 3
475170, 3
49556, 3
98699, 3
390451, 3
355194, 3
323410, 3
150429, 3
631432, 3
277229, 3
179033, 3
565898, 3
224154, 3
340289, 1
203527, 3
278487, 3
154613, 3
64178, 3
429441, 3
314115, 3
427148, 3
282319, 3
262467, 3
40776, 3
317568, 3
77992, 3
650484, 3
167836, 3
526913, 2
368693, 3
427707, 3
166370, 3
428883, 3
265999, 3
128026, 3
514103, 3
615196, 3
442971, 3
539941, 3
84161, 3
636602, 3
536669, 3
255974, 3
234939, 3
62077, 3
548696, 3
79877, 3
229443, 3
571478, 3
361467, 3
597091, 3
214692, 3
513082, 3
36360, 2
373641, 3
63288, 3
257751, 3
108950, 3
506299, 3
241117, 3
296163, 3
233559, 3
325943, 3
106535, 3
157663, 3
546268, 3
496793, 3
509101, 3
358384, 3
511659, 3
637409, 3
403520, 3
447304, 2
330745, 3
547736, 3
21656, 3
44102, 3
616218, 3
200752, 3
514796, 3
22274, 3
102934, 3
648491, 3
147141, 3
498053, 3
116223, 3
612099, 3
541967, 3
511026, 3
416203, 3
347302, 3
426312, 3
641988, 3
48758, 3
326145, 3
590396, 3
500599, 3
570725, 3
260203, 3
139983, 3
66853, 3
546747, 3
229769, 3
20671, 3
507574, 3
767, 3
351752, 3
78067, 3
114126, 3
665058, 1
299274, 1
531295, 3
276142, 3
228415, 3
650288, 3
436318, 3
170340, 3
383383, 3
601768, 3
430859, 3
274193, 3
196598, 3
547879, 3
12868, 3
171497, 3
273360, 3
617525, 3
537790, 3
81589, 3
404763, 3
435721, 3
58749, 3
525322, 3
315322, 3
510398, 3
442886, 3
280432, 3
446746, 3
598522, 3
40411, 3
8183, 3
253824, 3
267520, 3
80801, 3
104746, 3
661434, 3
651772, 2
334203, 3
506949, 3
293750, 3
81365, 3
624690, 3
619283, 3
599837, 3
593915, 3
422731, 3
96289, 3
478702, 3
540641, 3
293496, 3
129924, 3
41341, 3
188972, 3
613487, 3
103733, 3
595480, 3
215941, 3
167334, 3
398627, 3
183278, 2
452207, 3
578318, 3
122854, 3
289751, 3
67947, 3
30980, 3
518748, 3
309679, 3
77048, 3
208157, 3
484754, 3
438803, 3
27685, 3
479181, 3
246382, 3
307856, 3
499382, 3
132771, 3
641631, 3
512737, 3
348214, 3
28904, 3
224913, 3
213939, 3
496335, 3
286333, 3
485487, 3
479116, 3
28716, 3
353231, 3
308686, 3
84191, 3
204981, 3
508499, 3
541668, 3
180797, 3
31216, 3
612216, 3
409125, 3
91535, 3
377006, 3
503784, 3
433806, 3
6750, 3
246224, 3
441896, 3
592658, 3
5082, 3
197498, 3
285919, 3
425830, 3
532342, 3
435384, 3
268345, 3
185516, 1
610214, 1
620324, 3
141974, 3
70493, 3
250765, 3
259809, 3
347822, 3
350029, 3
75698, 3
245306, 3
576325, 3
140227, 3
105574, 3
238644, 3
431960, 3
293882, 3
353618, 3
396744, 3
440172, 3
104713, 3
311084, 3
294756, 1
14424, 3
208613, 3
254525, 3
366475, 3
216146, 3
539270, 3
589148, 3
541905, 3
33524, 2
634406, 2
425357, 3
102044, 3
353716, 3
321596, 3
158781, 3
519945, 3
638489, 3
169438, 3
540143, 2
195869, 3
396252, 3
601466, 3
409665, 3
577773, 3
17356, 3
415640, 3
659213, 3
20602, 3
580546, 3
616373, 3
631381, 3
186827, 3
225099, 3
651879, 3
39355, 3
135315, 3
178898, 3
10663, 3
508721, 3
183782, 3
345197, 3
62835, 3
490667, 3
56638, 2
59465, 3
159411, 3
656338, 3
353576, 3
512221, 3
2827, 3
44996, 3
461330, 3
585119, 3
194189, 3
373206, 3
444363, 3
431453, 3
271500, 3
610257, 3
532483, 3
341550, 3
265374, 3
382202, 3
425256, 2
105846, 3
653219, 3
458290, 3
141291, 3
365703, 3
656316, 3
381508, 3
150838, 3
200486, 3
152227, 3
614619, 3
467475, 3
466908, 3
174654, 3
181141, 3
530869, 3
152035, 3
478809, 2
467845, 3
78527, 3
504801, 3
209842, 3
78348, 3
354806, 3
250357, 3
343062, 3
404718, 3
282532, 3
118809, 3
124138, 3
496113, 3
113111, 3
394656, 3
485102, 3
236798, 3
141933, 3
114494, 3
291388, 3
341945, 3
85201, 3
202778, 3
167063, 3
240302, 3
349336, 3
95345, 3
402346, 3
334447, 3
107990, 3
661058, 3
374663, 3
487993, 3
261315, 3
461723, 1
129547, 3
253736, 3
153542, 1
46089, 3
183084, 3
220255, 3
267388, 3
466595, 3
178128, 3
585421, 3
315151, 3
436540, 3
389616, 3
135076, 3
102209, 3
56971, 3
599359, 3
162054, 3
347098, 3
571463, 3
39637, 3
187688, 3
415990, 3
534087, 3
420184, 3
95469, 3
230689, 3
183890, 3
647489, 3
461139, 2
548023, 3
9533, 3
189764, 3
104450, 3
409058, 3
263501, 3
337930, 3
190517, 3
18049, 3
576606, 2
544532, 3
393242, 3
403238, 3
543860, 3
504422, 3
631101, 3
634394, 3
577544, 3
232620, 3
152629, 3
299616, 3
663939, 3
278458, 3
36706, 3
101330, 3
178688, 3
182183, 2
438218, 3
340902, 3
143454, 2
444316, 3
605883, 3
332586, 3
270152, 3
558744, 3
35698, 3
589505, 3
454461, 3
189113, 3
612362, 3
184004, 3
393109, 3
453279, 3
596274, 3
72922, 3
531409, 3
66016, 3
645133, 3
111622, 3
583081, 3
160312, 3
50598, 3
490280, 3
653413, 1
122408, 3
494991, 2
119866, 3
204251, 3
298849, 3
326680, 3
623745, 3
45755, 3
662938, 3
399743, 3
589194, 3
60401, 3
520543, 3
83490, 2
476237, 3
354070, 3
160203, 3
213683, 3
565926, 3
541173, 3
442216, 3
625693, 2
465295, 3
305811, 3
451367, 3
589420, 3
215491, 2
120015, 3
494860, 1
263003, 3
384485, 3
32386, 3
500546, 1
156174, 3
198558, 3
663276, 3
580540, 3
254558, 3
542809, 3
227124, 3
491063, 2
237358, 3
225968, 3
534172, 3
311199, 3
219333, 3
627092, 3
20054, 3
313611, 3
159216, 3
538774, 3
588020, 3
23732, 3
17392, 3
363267, 3
304432, 3
386557, 3
347773, 3
367591, 3
379569, 3
528734, 3
418361, 3
122640, 3
436908, 3
560856, 2
508975, 3
576027, 3
653977, 3
536865, 3
388941, 3
258551, 3
592742, 3
534443, 3
6035, 3
576943, 3
331787, 3
24485, 3
411275, 3
219595, 3
630639, 1
540144, 3
80572, 3
99571, 3
5205, 3
105864, 3
139900, 3
5919, 2
160844, 3
397331, 3
115206, 3
271360, 3
454405, 3
532078, 2
264007, 3
552666, 3
88880, 3
508222, 3
51043, 3
105911, 3
227082, 3
461703, 3
314590, 3
576951, 3
662535, 1
315876, 3
362012, 3
416263, 3
383738, 3
224886, 3
487605, 3
325670, 3
482593, 3
147160, 3
429813, 3
401038, 3
333266, 3
271099, 3
252762, 3
504521, 2
228846, 3
425858, 3
632114, 3
299335, 3
441058, 3
137549, 3
405075, 3
17648, 3
226291, 3
442085, 3
604894, 3
631090, 3
234862, 3
470888, 3
510613, 3
105587, 3
472692, 3
170591, 3
148755, 3
587913, 3
176859, 3
39416, 3
566324, 3
333098, 3
231707, 3
613565, 3
150547, 3
338756, 3
78704, 3
304784, 3
60726, 2
366041, 3
299710, 3
288305, 3
545650, 3
166394, 3
192915, 3
331037, 3
225103, 3
396710, 3
509509, 3
504449, 3
5120, 3
34175, 3
618688, 3
445530, 3
617643, 3
137154, 3
334867, 3
108181, 3
587876, 3
248619, 3
482519, 3
235172, 3
493392, 3
476899, 3
448444, 3
244745, 2
306219, 3
145911, 3
90277, 3
25401, 3
273218, 3
286677, 3
557403, 3
305844, 3
183185, 3
98380, 3
143188, 3
604310, 3
641998, 3
369752, 3
256564, 3
381923, 3
476636, 3
91195, 3
49751, 3
15813, 3
105533, 3
659516, 3
60800, 3
64934, 3
306424, 3
437446, 3
398918, 3
496396, 3
393996, 3
504907, 3
246802, 3
513225, 3
372136, 3
396500, 3
512836, 3
258108, 3
49791, 3
470935, 3
654869, 3
111953, 3
573666, 3
490319, 3
39494, 3
411134, 3
564997, 3
11869, 3
404710, 3
469694, 3
649231, 3
378015, 3
307155, 2
297673, 3
393541, 3
624731, 3
6385, 3
239527, 3
293353, 3
30414, 3
532910, 3
572249, 3
634791, 3
504755, 3
553477, 3
16935, 3
310710, 3
210110, 3
441955, 1
18406, 3
561799, 3
527163, 3
279450, 3
219094, 1
253052, 3
70465, 3
81912, 3
199755, 3
20984, 3
661676, 3
434017, 3
275328, 3
14652, 3
337171, 3
393380, 1
193173, 3
215345, 3
264707, 3
494803, 3
106176, 3
588601, 3
465694, 1
138116, 3
417980, 3
285958, 3
597501, 3
12222, 3
24798, 3
182455, 3
192173, 3
174547, 3
168139, 3
147359, 3
100618, 3
330798, 3
552177, 3
468841, 3
212819, 3
292673, 3
499652, 3
84367, 3
445316, 3
371978, 3
568184, 3
26901, 3
171309, 3
307798, 3
279157, 3
125216, 3
515044, 3
624132, 3
503923, 3
520999, 3
157985, 3
213858, 3
393505, 3
333460, 3
411764, 3
491054, 3
39576, 3
74779, 3
252884, 3
405709, 3
571669, 3
39870, 3
198505, 3
179184, 3
450394, 3
98297, 3
475667, 3
468527, 3
105435, 3
60668, 3
73831, 3
365896, 3
91358, 3
22698, 2
527778, 3
395427, 2
601543, 3
127224, 3
249404, 3
459237, 3
282399, 3
646400, 3
631815, 3
257430, 1
424964, 3
51061, 2
306370, 3
364480, 3
571987, 3
481740, 3
20451, 3
417272, 3
234570, 3
262342, 3
166189, 3
111907, 3
204262, 1
244114, 3
279410, 3
466662, 3
571170, 3
53234, 3
532090, 3
164876, 3
264309, 3
396984, 3
314283, 2
530358, 3
657974, 3
236560, 3
514048, 3
185317, 3
307225, 3
217144, 2
431951, 3
332230, 1
265359, 3
151304, 3
494184, 3
591093, 3
155425, 3
289841, 3
507182, 3
52314, 3
259468, 3
486445, 3
455030, 3
421513, 3
187235, 3
300331, 3
605003, 3
228515, 2
195185, 3
570245, 3
515850, 3
579702, 3
84483, 3
505919, 3
66293, 3
185247, 3
618414, 3
179433, 3
621025, 3
228688, 3
124105, 3
185823, 3
600187, 3
222828, 3
115555, 3
560829, 3
481904, 3
535575, 3
273094, 3
563464, 3
42403, 3
155932, 3
79273, 3
642921, 3
249785, 3
350559, 3
606407, 3
200248, 3
606250, 3
546254, 3
242205, 3
23742, 3
307653, 2
40215, 3
290710, 1
455624, 3
83468, 3
388233, 3
130375, 3
588912, 3
258268, 3
79501, 3
292921, 3
105084, 3
469832, 3
144634, 3
277151, 3
349190, 3
546630, 3
174602, 3
471851, 3
299047, 3
293830, 3
447585, 3
315204, 3
112276, 3
562327, 3
415381, 3
188623, 3
286673, 3
59517, 3
495303, 3
466080, 3
175868, 3
89174, 3
284129, 3
176516, 3
442041, 3
67356, 3
343752, 3
335467, 3
105375, 3
428397, 3
150566, 3
262814, 3
378134, 3
515944, 3
198059, 3
188800, 3
47620, 3
465962, 3
37762, 3
445733, 3
656410, 2
455253, 3
420281, 3
583100, 3
485014, 3
387360, 3
630019, 3
618498, 3
537551, 3
411430, 3
437311, 2
294962, 3
245959, 3
419660, 3
349246, 3
357744, 3
334800, 3
117030, 3
220131, 1
273131, 3
153454, 3
5790, 3
231956, 3
261687, 3
344768, 3
488301, 3
453274, 3
565974, 3
418105, 3
126392, 3
606029, 3
570812, 3
586333, 3
572746, 3
327078, 3
349889, 3
653415, 3
400202, 3
293373, 3
398980, 3
232007, 3
315519, 3
366878, 3
139438, 3
305922, 3
43141, 2
640856, 3
619713, 3
589251, 3
550966, 3
427935, 3
230051, 3
207062, 3
406079, 3
303225, 3
335946, 2
382158, 3
74222, 3
301296, 3
389310, 3
178035, 3
241751, 3
109196, 3
414839, 3
114980, 3
292635, 2
226587, 3
282513, 3
210406, 3
462447, 3
567134, 3
553455, 3
594914, 2
263311, 3
622235, 3
247114, 3
261070, 3
470164, 3
19430, 3
648937, 3
419435, 3
572519, 3
387116, 3
363342, 1
397789, 3
498223, 3
569883, 3
15327, 3
138650, 3
445695, 3
173350, 3
101753, 3
648464, 3
136510, 3
25974, 3
591524, 3
17593, 3
165081, 3
194355, 3
419488, 3
433547, 3
278791, 3
554273, 3
490438, 3
179697, 3
116904, 3
621052, 3
394571, 3
275360, 3
465813, 3
497087, 3
471116, 3
262955, 3
44599, 3
154260, 3
288357, 3
265941, 3
364138, 3
471932, 3
399344, 3
42326, 3
477904, 3
379766, 3
310428, 3
642213, 3
526535, 3
585453, 3
166936, 3
449626, 3
324090, 3
143850, 3
573536, 3
126883, 3
317397, 3
616158, 3
641102, 3
414264, 3
188688, 3
81287, 3
415865, 3
629564, 3
410373, 3
404105, 3
396876, 1
256298, 2
645385, 3
276238, 3
374800, 3
286756, 3
538061, 3
33438, 2
478179, 3
416329, 3
531888, 3
317588, 3
457942, 3
529796, 3
379571, 3
370523, 3
627009, 3
454648, 3
233907, 3
227682, 3
310556, 3
131074, 3
265348, 2
348064, 3
415900, 3
195158, 3
78926, 3
561312, 3
217608, 1
465583, 3
101807, 3
209031, 3
160871, 3
409935, 2
230471, 3
37940, 2
598398, 3
137278, 3
123204, 3
318079, 3
383948, 2
462180, 3
187407, 3
516181, 3
658284, 3
419493, 3
497166, 3
641872, 3
262975, 3
306199, 1
540669, 3
522305, 3
357571, 1
568684, 3
458663, 3
323117, 3
397614, 3
325186, 3
637399, 3
420692, 3
95565, 3
163882, 3
22739, 3
105701, 3
107542, 3
134472, 3
17293, 3
284823, 3
478912, 3
329788, 3
307474, 3
296499, 3
416080, 3
25858, 3
507086, 3
32970, 2
166496, 3
541732, 3
396073, 3
111297, 3
470475, 1
500451, 3
260658, 3
330554, 3
186116, 3
135650, 3
395545, 3
18790, 3
249439, 3
557003, 3
646757, 3
51889, 3
469074, 3
287830, 3
141771, 3
610786, 3
169705, 3
434320, 2
298782, 3
466071, 3
584109, 2
495017, 3
116809, 3
111833, 3
27899, 3
152542, 3
548639, 3
608609, 3
172458, 3
264613, 3
311594, 3
7840, 3
330915, 3
366684, 3
177019, 3
503290, 3
254366, 3
472676, 3
557279, 3
221306, 3
22042, 3
547203, 3
456378, 3
72448, 3
617041, 3
343661, 3
549074, 3
404605, 3
310468, 3
65215, 3
122821, 3
391151, 3
123803, 3
307909, 3
91262, 3
151812, 2
588890, 3
628143, 3
556768, 3
222029, 3
638723, 3
43710, 3
105362, 3
77289, 3
578698, 3
557354, 3
121805, 3
331485, 3
48976, 3
410407, 3
547790, 3
283888, 3
111935, 3
27528, 3
593929, 3
429418, 3
390348, 3
353074, 3
117136, 3
296365, 3
320603, 3
113980, 3
372102, 3
25445, 3
115920, 3
85420, 3
288388, 3
99183, 3
384722, 3
474035, 3
305776, 3
420061, 3
216220, 3
42951, 3
156624, 3
39828, 3
267121, 3
235637, 3
491968, 3
36323, 3
572063, 3
317459, 3
47041, 3
272006, 3
30727, 3
590010, 3
364508, 3
355063, 3
392224, 3
461851, 3
407994, 3
514427, 3
51726, 3
555421, 3
564785, 3
282257, 3
650074, 3
291998, 3
45424, 3
274860, 3
168008, 3
542831, 3
217754, 3
8089, 3
56931, 3
85049, 3
202801, 3
216655, 3
496934, 3
48084, 3
406730, 3
500658, 3
532073, 2
519642, 3
128382, 3
147048, 3
216449, 3
509331, 3
609592, 3
78308, 2
126813, 3
212490, 3
117133, 3
31121, 3
173251, 2
309773, 3
447443, 3
416216, 3
595873, 3
467977, 3
412829, 3
540230, 3
380219, 3
663819, 3
474358, 3
303658, 3
388296, 2
305587, 3
76446, 2
465270, 3
406891, 3
543601, 3
200055, 1
120911, 3
81012, 3
140900, 2
291531, 3
400087, 3
283167, 3
596718, 3
136673, 3
109029, 3
508950, 3
391275, 3
403193, 3
335321, 3
623142, 3
181831, 3
444929, 3
644947, 3
585391, 3
178712, 3
253495, 3
443748, 3
247127, 3
260652, 3
124854, 3
469516, 3
101023, 3
185441, 3
267960, 2
566151, 1
484801, 3
339139, 3
599574, 3
569867, 3
475145, 3
447580, 3
405312, 3
464582, 3
208860, 3
243153, 3
564322, 3
182013, 3
523349, 3
383208, 3
354911, 3
388788, 1
457496, 3
52590, 3
531446, 3
634660, 3
552139, 3
634399, 3
654825, 3
525325, 3
526428, 3
417464, 3
421676, 3
249672, 3
496527, 3
135214, 3
158874, 3
498012, 3
454881, 3
659711, 3
542533, 3
207989, 2
650134, 3
403287, 3
268967, 3
336566, 3
249911, 3
424367, 3
563135, 3
571267, 3
662730, 3
198393, 3
495562, 3
373891, 3
346227, 3
628107, 3
175801, 3
100279, 3
618699, 3
302100, 3
306645, 3
417578, 3
573125, 3
231023, 3
392013, 3
178882, 3
41264, 3
653871, 2
336541, 3
637231, 3
181444, 3
357713, 3
342380, 3
475864, 3
282318, 3
21432, 3
504686, 3
258582, 3
120839, 3
462487, 3
343230, 3
333659, 3
328775, 3
70550, 3
378112, 3
517132, 3
32088, 3
444915, 3
223825, 3
659796, 3
551044, 3
384742, 3
286920, 3
495923, 3
339584, 3
280767, 3
637369, 3
71430, 3
512205, 3
240570, 3
68387, 1
126639, 3
536624, 3
496567, 3
158973, 3
651340, 3
540207, 3
536531, 3
388074, 3
143121, 3
632838, 2
180371, 3
348718, 3
537160, 3
367229, 3
647393, 3
162398, 3
411215, 3
530938, 3
55400, 3
36897, 3
500515, 3
178385, 3
539007, 3
7446, 3
454265, 3
507982, 3
448074, 3
214225, 3
301348, 3
524032, 3
140704, 3
381628, 3
354261, 2
96341, 3
131331, 3
150976, 3
303579, 3
218421, 3
52762, 3
611529, 3
635214, 3
148486, 3
658364, 3
40208, 3
363585, 3
350488, 3
322090, 3
497681, 3
81205, 3
365699, 3
604225, 3
271573, 3
252337, 3
123469, 3
490479, 3
469436, 3
641861, 3
205656, 3
5300, 3
302575, 3
47212, 3
505086, 3
521972, 3
336377, 3
661553, 3
553071, 3
403472, 3
175065, 3
556853, 3
613634, 3
120855, 3
517402, 3
269862, 3
373550, 3
251608, 3
339324, 3
165831, 3
457186, 3
113851, 3
458658, 3
430974, 3
358722, 3
447601, 3
453754, 2
561314, 3
70917, 3
375892, 3
423273, 3
146597, 3
281783, 3
47375, 3
75627, 3
80095, 3
102332, 3
636289, 3
145264, 3
364575, 3
621571, 3
587182, 3
128917, 3
4561, 3
505483, 3
483141, 3
23237, 3
96495, 3
536532, 3
79294, 1
629136, 3
179758, 3
117617, 3
327586, 2
538725, 3
97133, 3
43195, 3
11602, 3
172715, 3
658908, 3
410985, 3
307566, 3
508183, 3
519465, 1
631443, 3
113590, 3
555909, 3
279199, 3
368376, 3
49032, 3
626931, 3
88970, 3
277716, 3
353900, 3
566015, 3
215127, 3
169696, 3
370482, 3
24049, 3
46865, 3
314569, 3
217064, 3
358413, 3
119934, 3
52394, 3
97572, 2
643525, 3
651456, 3
163846, 3
656259, 3
55490, 3
507155, 3
521538, 3
404286, 3
567535, 3
335523, 3
353273, 3
331759, 3
440856, 3
101675, 3
402813, 3
653306, 3
290255, 3
315009, 3
34408, 3
59041, 3
141650, 3
545613, 3
344060, 3
573704, 3
388541, 3
138859, 3
31766, 3
37433, 3
645023, 3
182492, 3
638188, 3
390037, 3
608820, 3
279111, 3
619776, 3
188156, 3
606212, 3
470606, 3
128794, 2
450654, 3
301718, 3
233451, 3
530576, 3
220221, 3
181072, 3
450801, 3
405792, 3
643527, 3
370895, 2
391653, 3
183058, 3
357847, 3
42002, 3
649272, 3
3368, 3
619432, 3
281194, 3
470884, 3
340603, 3
65886, 3
14, 3
399841, 3
210559, 3
171488, 3
581944, 3
563873, 3
272059, 3
551947, 3
658615, 3
259271, 3
20735, 3
467174, 3
94980, 3
377140, 3
213315, 3
216864, 1
28760, 3
153867, 3
438402, 3
436904, 3
634119, 3
201407, 3
166553, 3
429210, 3
405541, 3
303635, 3
337105, 3
132480, 3
517769, 3
409813, 3
368251, 3
191419, 3
508026, 3
236089, 3
297917, 3
311619, 3
312578, 3
462579, 3
322285, 3
359128, 3
616769, 3
126264, 3
167745, 3
612042, 1
524723, 3
641811, 3
165365, 3
206175, 3
578801, 3
308899, 3
589143, 3
304101, 3
12549, 3
95396, 3
363324, 3
276863, 3
386771, 3
160501, 3
209414, 3
101102, 3
43907, 3
261009, 3
568443, 3
279648, 3
163681, 3
479457, 3
14301, 3
498167, 3
235673, 3
322713, 3
479912, 3
361980, 3
129740, 3
633904, 3
626010, 3
600611, 3
329411, 3
577895, 3
77544, 3
557644, 1
620671, 3
500283, 3
116722, 3
596583, 3
496421, 3
228653, 3
365237, 3
617353, 3
97599, 3
522712, 3
278480, 3
379280, 3
34665, 3
578304, 1
511019, 3
356407, 3
231507, 3
242988, 3
214541, 3
115644, 3
359445, 3
63010, 3
489662, 3
38165, 3
620057, 3
280710, 3
584052, 3
102787, 2
230062, 3
422818, 3
222803, 3
478611, 3
374258, 3
393045, 3
310350, 3
58341, 3
613600, 3
489649, 3
197755, 2
385401, 3
253119, 3
31070, 3
297099, 3
291062, 3
223804, 3
440192, 3
547114, 3
401006, 3
436832, 3
180629, 3
236974, 3
322498, 2
65797, 3
431212, 3
155691, 3
417290, 3
476006, 3
156568, 3
474322, 3
273680, 3
47881, 3
165331, 2
62222, 3
89893, 3
511694, 3
651017, 3
555206, 3
453976, 3
315536, 3
220126, 3
406975, 3
236156, 3
243114, 3
550524, 3
546067, 3
513180, 3
203285, 3
410233, 3
504807, 3
205336, 3
13556, 3
479798, 3
122188, 3
375697, 3
556898, 3
314841, 3
140385, 3
37176, 3
127918, 3
212318, 3
77975, 3
99194, 3
349542, 3
598241, 3
276877, 3
575203, 3
429585, 3
59636, 3
434526, 3
137297, 3
95055, 3
358089, 3
115144, 3
414344, 3
559649, 3
561545, 3
198685, 3
335906, 3
175509, 3
263223, 3
405744, 3
417882, 3
122558, 3
121844, 3
582255, 3
159315, 3
42612, 3
306477, 2
226347, 3
188880, 3
21927, 3
645247, 3
115861, 3
368416, 3
75786, 3
307420, 3
317356, 3
594999, 3
129698, 3
302082, 3
74342, 3
223223, 3
233230, 3
274235, 3
73888, 3
588447, 3
549139, 3
166224, 3
4317, 3
120368, 3
609741, 3
614970, 3
469656, 3
302383, 3
509296, 3
5148, 3
399440, 3
266162, 3
486582, 3
385254, 3
502423, 3
1481, 3
164826, 3
608693, 3
29572, 3
634967, 3
579211, 3
357891, 3
316428, 3
114471, 3
351776, 3
518037, 3
504644, 3
591065, 3
268830, 3
434810, 3
294593, 3
400152, 3
278881, 3
301150, 2
502825, 3
207789, 3
383690, 3
515229, 3
273534, 3
482669, 3
408668, 3
519226, 3
55649, 3
610173, 3
264535, 2
80627, 3
414944, 3
512600, 3
234760, 3
160922, 3
131653, 3
292181, 3
152664, 3
328394, 3
83587, 3
312822, 3
386158, 2
636166, 3
155868, 3
343008, 3
286529, 3
632925, 3
35256, 2
438962, 3
252864, 3
229439, 3
446297, 3
62324, 3
657536, 3
185629, 3
577936, 3
599535, 3
416440, 3
648627, 3
178584, 3
407784, 3
228571, 3
170163, 3
466565, 3
519021, 2
202690, 3
449560, 3
651461, 3
571393, 3
85780, 3
228548, 3
323533, 3
440711, 3
597160, 3
503209, 3
590537, 3
103263, 3
43962, 3
511, 3
30709, 3
654464, 3
545879, 3
459744, 3
112399, 3
164660, 3
401500, 3
368418, 3
567017, 3
33482, 3
234944, 3
450444, 3
488668, 3
488679, 3
313332, 3
251682, 3
259370, 3
368993, 3
201232, 3
529817, 3
195089, 3
406183, 3
586002, 3
149093, 3
142058, 3
103891, 3
167151, 3
159522, 3
521466, 2
648132, 3
368789, 3
518075, 3
185493, 3
595927, 3
4712, 3
46120, 3
492339, 3
30317, 3
137092, 3
267054, 3
648425, 2
277782, 3
331847, 3
291551, 3
388184, 3
471614, 3
603589, 2
165907, 3
131828, 3
51710, 3
543504, 3
518100, 3
253214, 3
613123, 3
7623, 3
141607, 3
154333, 3
173590, 3
563785, 3
485627, 3
199100, 2
209332, 3
661873, 3
438240, 3
198536, 3
274252, 3
500101, 3
156848, 3
333131, 3
665099, 3
107609, 3
358251, 3
309686, 3
520585, 3
497129, 3
65411, 3
164399, 3
306752, 3
393300, 3
40282, 3
195776, 3
84845, 3
207407, 3
590519, 3
649995, 3
473036, 2
91107, 3
119116, 3
385131, 3
246937, 3
592685, 3
33083, 3
527776, 3
644925, 3
229912, 3
121062, 3
603853, 3
167441, 3
369361, 3
547492, 3
98992, 3
664789, 3
349721, 3
47023, 3
338320, 3
525238, 2
383450, 3
473870, 3
488229, 3
550549, 3
363679, 2
392240, 3
158257, 3
215271, 3
64001, 3
198507, 3
577131, 3
590137, 3
341870, 3
506546, 3
618221, 3
405093, 3
218490, 3
252517, 3
140074, 3
461251, 3
311534, 3
659859, 3
95317, 3
236528, 3
500045, 3
363429, 3
173558, 3
332497, 3
614643, 3
378163, 3
89294, 3
10501, 3
474250, 3
80448, 3
401133, 2
289490, 3
569155, 3
41728, 3
12056, 3
466993, 3
500962, 3
302742, 2
485236, 3
299172, 3
144564, 3
159627, 3
563116, 2
314506, 3
471356, 3
619292, 3
540363, 3
137521, 3
49105, 3
383873, 3
552278, 3
416694, 3
547397, 3
103993, 3
266990, 2
394964, 3
660404, 3
510749, 3
432855, 3
173246, 3
280264, 3
340108, 3
651314, 2
343147, 3
541154, 3
189348, 3
259361, 3
8223, 3
10660, 3
117023, 3
104753, 3
576055, 2
436590, 3
395687, 3
554983, 3
446755, 3
647796, 3
41322, 3
318452, 3
105845, 3
69161, 3
172679, 3
473887, 1
273242, 3
649635, 3
279070, 3
612069, 3
230676, 3
213881, 3
562678, 3
524, 3
433765, 3
598502, 3
302494, 3
6519, 3
232034, 3
60017, 2
463865, 3
30372, 3
213760, 3
497397, 3
471800, 3
7256, 3
276781, 3
201673, 3
108711, 3
29981, 3
495980, 3
247386, 3
478558, 2
355320, 3
237661, 3
223462, 3
223677, 3
205955, 3
448971, 3
87441, 3
171794, 3
132404, 3
321916, 3
565556, 3
621507, 3
585997, 2
556519, 3
623673, 3
475555, 2
503723, 3
104165, 3
608559, 3
635910, 3
93491, 3
261392, 3
158603, 3
563718, 3
389453, 3
601568, 3
159721, 3
508577, 3
219072, 3
660668, 3
450564, 3
655082, 3
644361, 3
206752, 3
277506, 3
518280, 3
139704, 3
314946, 3
375124, 3
143142, 3
61643, 2
335838, 3
80470, 3
136684, 3
18017, 3
581639, 3
62188, 3
313854, 3
534176, 3
70495, 3
622454, 3
375418, 3
541337, 3
117265, 3
3746, 3
448538, 3
207173, 3
252819, 3
383583, 3
374647, 3
634901, 3
437749, 3
553546, 3
506401, 3
293989, 3
496537, 3
387357, 3
523445, 3
268163, 3
407622, 3
98805, 3
80942, 3
155202, 3
648053, 3
248767, 3
458380, 3
8468, 3
215814, 2
433651, 3
461508, 3
517762, 3
364024, 3
32610, 3
202325, 3
39955, 3
175418, 3
393671, 3
644890, 3
607441, 3
70663, 3
591883, 3
423465, 3
167301, 3
262948, 3
152208, 3
167019, 3
507017, 3
309728, 3
144141, 3
261949, 3
497037, 3
459913, 3
631003, 3
257461, 3
628388, 3
360398, 3
242472, 3
42318, 3
32216, 3
264566, 3
368170, 3
511482, 3
282632, 3
344829, 3
385353, 3
49723, 3
560779, 3
563305, 3
156626, 3
231170, 3
190233, 3
67348, 3
110450, 3
595086, 3
211014, 3
531916, 3
391532, 3
332601, 3
194440, 3
17001, 3
602717, 3
11738, 3
586269, 3
116485, 3
477156, 3
285945, 3
35854, 3
9664, 3
592511, 3
558140, 3
440520, 3
427885, 3
454422, 3
208434, 3
534068, 3
89130, 1
26260, 3
314402, 3
512682, 3
379001, 2
399469, 3
501128, 3
401467, 3
457632, 3
407248, 3
123659, 3
548107, 3
320377, 3
516530, 3
288148, 3
515911, 3
362931, 3
649914, 3
638206, 3
213198, 3
189984, 3
501253, 3
113367, 3
187858, 3
91068, 3
465823, 3
415441, 3
622550, 3
193292, 3
112591, 3
172572, 3
603501, 3
175190, 3
587540, 3
591819, 3
104601, 3
127785, 3
614309, 3
422403, 3
640141, 2
558739, 3
446764, 3
591115, 3
631518, 3
419451, 3
244694, 3
326800, 3
76922, 3
385887, 3
250688, 3
563273, 3
514315, 3
85384, 3
357534, 3
216142, 3
106643, 3
24318, 3
413627, 3
500311, 3
4370, 3
14771, 3
37351, 3
7754, 3
466068, 3
278058, 3
630911, 3
492984, 3
237375, 3
194761, 3
213305, 3
350894, 3
50354, 3
408067, 1
323609, 3
253381, 3
7965, 3
72885, 3
189265, 3
591784, 3
300450, 2
206574, 3
124378, 3
91709, 3
639185, 3
397724, 3
293027, 3
222332, 2
442802, 3
53250, 3
399011, 3
82280, 3
280714, 3
167463, 3
130275, 2
61316, 3
546665, 3
443732, 3
626082, 3
92716, 3
599287, 2
368794, 3
605390, 2
539428, 3
187393, 3
6067, 3
396432, 3
614917, 3
637988, 3
13759, 3
125064, 3
337212, 3
638017, 3
334353, 3
221900, 3
578106, 3
589678, 3
539758, 3
254722, 3
151493, 3
260417, 3
445112, 3
445675, 3
448807, 3
295122, 3
325327, 3
393994, 1
640508, 3
378828, 3
377110, 3
233268, 3
589706, 3
616440, 3
392591, 3
429426, 2
437603, 3
382171, 3
214368, 3
431285, 3
222510, 3
560426, 3
380878, 3
617004, 3
325783, 3
652668, 3
307473, 3
193788, 3
325769, 3
500173, 3
46088, 3
338414, 3
654235, 3
52735, 3
252659, 3
138617, 3
532891, 3
590774, 3
646531, 3
267234, 3
61917, 3
312586, 3
440914, 3
617849, 3
401619, 3
143657, 3
165915, 3
521086, 3
602790, 3
162767, 3
228102, 3
132366, 3
426585, 3
482458, 3
291772, 3
119944, 3
134319, 3
290949, 3
111158, 3
661092, 3
562444, 3
611947, 1
71542, 3
448326, 3
225214, 3
644903, 2
333284, 1
131842, 3
638041, 3
327922, 3
546692, 3
312110, 3
629161, 3
474177, 3
204438, 3
94954, 3
631143, 3
533680, 3
441805, 2
265675, 3
242678, 3
422229, 3
396696, 3
405769, 3
232678, 3
516459, 3
384010, 3
458888, 3
84596, 3
661278, 3
368009, 3
536791, 3
347156, 3
42684, 3
450992, 3
242261, 3
414389, 3
596444, 3
623557, 3
642270, 3
320506, 3
251963, 3
588143, 3
288134, 3
335967, 3
152825, 3
536385, 3
360524, 3
374495, 3
449570, 3
355820, 3
588376, 3
590223, 3
33888, 3
255736, 3
492296, 3
391462, 3
287970, 3
44634, 3
464841, 3
640127, 3
457521, 3
335398, 3
81610, 3
124140, 3
340987, 3
42313, 3
352706, 3
250338, 3
189365, 3
523139, 3
332812, 3
479193, 3
507783, 3
415908, 3
249012, 3
154647, 3
275172, 3
316605, 3
975, 3
12347, 3
507225, 3
241266, 3
335224, 2
272098, 3
579811, 3
220490, 2
297980, 3
611231, 3
181340, 3
201243, 3
458614, 3
251347, 3
342001, 3
314038, 3
444576, 3
99580, 3
164447, 3
219545, 1
661293, 3
316176, 3
380551, 3
311068, 3
395426, 2
206835, 3
38583, 3
344023, 3
286301, 3
571949, 3
165254, 3
424410, 2
342849, 3
8025, 3
615715, 3
660572, 3
25671, 3
664034, 3
10520, 3
334421, 3
362530, 3
279106, 3
18927, 3
494792, 3
523199, 3
51190, 3
553317, 3
605499, 3
421445, 3
174460, 3
460992, 3
492011, 3
43019, 3
356933, 3
662113, 3
165997, 3
204331, 3
591051, 3
537771, 3
500397, 3
47698, 3
122695, 3
385985, 3
55644, 3
470927, 3
57216, 3
225467, 3
438731, 3
449705, 3
589600, 3
628836, 3
630184, 3
502539, 3
123432, 3
597609, 3
464675, 3
122284, 3
144897, 3
616656, 3
83390, 3
115145, 3
257940, 3
25893, 3
453758, 3
121523, 3
621069, 3
492486, 3
238528, 3
4520, 3
204459, 3
427752, 3
437073, 3
385067, 3
475101, 3
194634, 3
288522, 3
548798, 3
511422, 2
115853, 3
505568, 3
72935, 3
173866, 3
591478, 3
104995, 3
293170, 3
303082, 3
261846, 1
102728, 3
569991, 2
343880, 3
288990, 3
583976, 3
570431, 3
105065, 3
425819, 3
520776, 3
329567, 3
305055, 3
312990, 3
252182, 3
328264, 3
40585, 3
224481, 3
282704, 3
468559, 3
540816, 3
8806, 3
361177, 3
649734, 3
10235, 3
532540, 3
123832, 3
647631, 3
311987, 3
13489, 3
323038, 3
582702, 3
81155, 3
84233, 3
462834, 3
624697, 3
302099, 3
641022, 3
297245, 3
194486, 3
113909, 3
337110, 3
281759, 3
174907, 3
151256, 3
112921, 3
271536, 3
332715, 3
616871, 3
463943, 3
3272, 3
340620, 3
615948, 3
277943, 3
579277, 3
20231, 3
552798, 3
523444, 1
548965, 3
278763, 3
504829, 3
283493, 3
376141, 3
10676, 3
648469, 3
396505, 3
596356, 3
268395, 3
519216, 3
394725, 2
331010, 3
151494, 3
427732, 3
543244, 3
280303, 3
410399, 3
117042, 3
643553, 3
283277, 3
194541, 3
300319, 3
595841, 3
481230, 3
154659, 3
657897, 3
433343, 3
595497, 3
422807, 3
18437, 3
111100, 3
522246, 3
346778, 3
217973, 3
599267, 3
520419, 3
281142, 3
347440, 2
172186, 3
198095, 3
578785, 3
660018, 3
49527, 3
158369, 3
195165, 3
452285, 3
381293, 3
127893, 3
587361, 3
198426, 3
399911, 3
382081, 3
364088, 3
479662, 3
651494, 3
141928, 3
367563, 3
184924, 3
610818, 3
653800, 3
257306, 3
617168, 2
295600, 2
504306, 3
348345, 3
328117, 3
360857, 3
15621, 3
348322, 3
35996, 3
560887, 3
387874, 3
429936, 2
65271, 3
207565, 3
661824, 3
435481, 3
470608, 3
82404, 3
136701, 3
347789, 3
148080, 3
186455, 3
61622, 3
209782, 3
115753, 3
542076, 3
507660, 2
52497, 3
345019, 3
155386, 3
327900, 2
15497, 3
352377, 3
495264, 3
517548, 3
522145, 2
285798, 3
192956, 3
313169, 3
406636, 3
462695, 2
422535, 3
307339, 3
95418, 3
475995, 3
577652, 3
61817, 3
293243, 3
340808, 3
413934, 3
69972, 3
184258, 3
634578, 3
63897, 3
607120, 3
182764, 3
264674, 3
45073, 3
557023, 3
641073, 3
78282, 3
132960, 3
406221, 3
448974, 3
425033, 3
636727, 3
649334, 3
530277, 3
379805, 3
461396, 3
84045, 3
165646, 3
189319, 3
284550, 3
492816, 3
382508, 3
384912, 3
358715, 3
238410, 3
350795, 3
536917, 3
198813, 3
229321, 3
534594, 3
204658, 3
542795, 3
646158, 3
26349, 3
504376, 3
278794, 3
480470, 3
590119, 3
164467, 3
288408, 3
213356, 3
280958, 3
376208, 3
180978, 3
567105, 3
397178, 3
29595, 3
342574, 3
44666, 3
71650, 3
405166, 3
105895, 3
546319, 3
118180, 3
203111, 3
54273, 3
33904, 3
143881, 2
207092, 3
348863, 3
111326, 3
275684, 3
444763, 3
138547, 3
311474, 1
647959, 3
49192, 3
448817, 3
256964, 3
549285, 3
146457, 3
19025, 3
335248, 3
467904, 3
354544, 3
29484, 3
522119, 3
530270, 3
368564, 3
425736, 3
584801, 3
53339, 3
27862, 3
66988, 3
121542, 3
156737, 3
608835, 3
134768, 3
57319, 3
310002, 3
318943, 3
665354, 3
602371, 3
202663, 3
101646, 3
415034, 3
381115, 3
634888, 3
342889, 3
140751, 3
212188, 3
35166, 3
539496, 3
82928, 2
386539, 3
617788, 3
353927, 2
171642, 3
282928, 3
404137, 3
267319, 3
478197, 3
486964, 3
286043, 3
651133, 3
127121, 3
598114, 3
183970, 3
218212, 3
560976, 3
442140, 3
12927, 3
409849, 3
96186, 3
568927, 3
477821, 3
282455, 3
447243, 3
385830, 3
454462, 3
560647, 3
198051, 3
111419, 3
603725, 3
540694, 3
593925, 3
171427, 3
643431, 3
455249, 3
52391, 3
596298, 3
512299, 3
208681, 3
405144, 3
369842, 3
653182, 3
183439, 3
439015, 3
303807, 3
147810, 3
609647, 1
603962, 3
269294, 3
68712, 3
626040, 3
418859, 3
547022, 3
640853, 3
543866, 3
295444, 3
28007, 3
197661, 2
468647, 3
175481, 3
44096, 3
453428, 3
142838, 3
380520, 3
82368, 3
663423, 3
379707, 2
489136, 3
126596, 3
581149, 3
221974, 3
267787, 3
28736, 3
616938, 3
527962, 3
68983, 3
107902, 3
478310, 3
127221, 3
435945, 3
390606, 3
655563, 1
487367, 3
223741, 3
252078, 2
356393, 3
296466, 3
474563, 3
644514, 3
419690, 3
616340, 3
172711, 3
618328, 3
405655, 3
152317, 3
351207, 3
60052, 3
337572, 3
55852, 3
371078, 3
308062, 3
320099, 2
489442, 3
539788, 3
178909, 3
191574, 3
20122, 3
393870, 3
528285, 3
348282, 3
502198, 1
473820, 2
98378, 3
173903, 3
632307, 3
648324, 3
18415, 3
192270, 3
160551, 3
389163, 3
477677, 3
53561, 3
536666, 3
46456, 3
638595, 3
571878, 2
107204, 3
8211, 3
161246, 3
473650, 3
236358, 3
405736, 3
40680, 3
636618, 3
632583, 3
345236, 3
362737, 3
624317, 3
251342, 3
631371, 3
177664, 3
278164, 3
589774, 3
357061, 3
391866, 3
322042, 3
162358, 3
620879, 3
661420, 3
227758, 3
74289, 3
252187, 3
145173, 3
174890, 3
381955, 3
652448, 3
309273, 3
151655, 3
599965, 3
534629, 3
487762, 3
431387, 3
234453, 2
659829, 3
326144, 3
121787, 3
635791, 3
91137, 1
267024, 1
538578, 3
187575, 3
376854, 3
239652, 3
66872, 3
44265, 3
476756, 3
127955, 3
245899, 3
390950, 2
149393, 1
39012, 3
603034, 3
109078, 3
50649, 3
352862, 3
185750, 3
161673, 3
244885, 3
91236, 3
507844, 3
13410, 3
274536, 3
236792, 3
422814, 3
331871, 3
303917, 1
21197, 3
519966, 3
248499, 3
57142, 3
49545, 3
161150, 3
378227, 3
90220, 3
282157, 3
540329, 2
652123, 3
234929, 3
622618, 3
238715, 3
576171, 3
45534, 3
103990, 3
498546, 3
82329, 3
28095, 3
72165, 3
442869, 3
86651, 3
166813, 3
70184, 3
182197, 2
361108, 3
207311, 3
48160, 3
71268, 3
513625, 3
169017, 3
459082, 3
239941, 3
3369, 3
99444, 3
418300, 3
184968, 3
566375, 3
261321, 3
520213, 3
627439, 3
623243, 3
543608, 3
395502, 3
649238, 3
314522, 3
526687, 2
474617, 3
413920, 3
572683, 3
584005, 3
230323, 3
208858, 3
585599, 3
660552, 3
344954, 3
462010, 3
193794, 3
150984, 3
128904, 3
350365, 3
234184, 3
69983, 3
189417, 3
242389, 3
487416, 3
196657, 3
639100, 3
471403, 3
262723, 3
39201, 3
276243, 3
637695, 3
305501, 3
654730, 3
650212, 3
549847, 3
620381, 3
22939, 3
200455, 3
333222, 3
394613, 3
177743, 1
242364, 3
343604, 3
606448, 3
394600, 3
641695, 3
200288, 3
308972, 3
465233, 3
483540, 3
491154, 3
507301, 3
626997, 3
562454, 3
532670, 3
434254, 3
135013, 3
480075, 3
431784, 3
28080, 3
272326, 3
342124, 3
316452, 3
125320, 3
451529, 3
616156, 3
255811, 3
82770, 3
130427, 3
31759, 3
597878, 3
446987, 3
42870, 3
128209, 3
330969, 1
610334, 3
432568, 3
318864, 3
483383, 3
216286, 3
596264, 3
96613, 3
38322, 3
182902, 3
658055, 3
563954, 2
435106, 3
425733, 3
373674, 3
404501, 3
624091, 3
199957, 3
560147, 3
73602, 3
413298, 3
239097, 3
263890, 3
468971, 3
442830, 3
236668, 3
30366, 3
228940, 3
153185, 3
69695, 3
372360, 2
616450, 3
298436, 3
593007, 3
587673, 3
554638, 3
3634, 3
35768, 2
192435, 3
107768, 3
284061, 3
546292, 3
32512, 3
123507, 3
593580, 3
73393, 3
9235, 3
594476, 3
228672, 3
562051, 3
283027, 3
194854, 3
603287, 3
638620, 3
150854, 3
372980, 3
460274, 3
177933, 3
54141, 3
581112, 3
569024, 3
381712, 3
543016, 3
283704, 3
575401, 3
27221, 3
544174, 3
481166, 3
17814, 3
282504, 3
42802, 3
427122, 3
330903, 2
564791, 3
26884, 3
288444, 3
466905, 3
180602, 3
101087, 3
505804, 3
377319, 3
566402, 3
256904, 3
4402, 3
549848, 3
389932, 3
336990, 3
437321, 3
64248, 3
65100, 3
397782, 3
228816, 3
594026, 3
363163, 3
596491, 3
230361, 3
203187, 3
249964, 3
315091, 3
428221, 3
266704, 2
214760, 3
435363, 3
185693, 3
443169, 3
391242, 3
86695, 3
446792, 3
602927, 3
2485, 3
455005, 3
330625, 3
249929, 3
609341, 3
334145, 3
448731, 3
554425, 3
475390, 1
621012, 3
549519, 3
93601, 3
362971, 3
351389, 3
306922, 2
242936, 3
4183, 3
549940, 3
611593, 3
300926, 2
12981, 3
296502, 3
181477, 3
93364, 3
255408, 3
161580, 3
531173, 3
239306, 3
521739, 3
577375, 3
51116, 1
262043, 3
307379, 1
385081, 3
443004, 3
617102, 3
509608, 3
23170, 3
331567, 3
394556, 3
253815, 3
10022, 3
405722, 3
171590, 3
390526, 3
293516, 3
611177, 3
635887, 3
96273, 3
128781, 3
546153, 3
337253, 3
587208, 3
55862, 1
500823, 3
540425, 3
22342, 3
192518, 3
634156, 3
4211, 3
563693, 3
313588, 3
54208, 3
539412, 3
463264, 3
639920, 3
19105, 3
374443, 3
644072, 3
449434, 1
647177, 2
525543, 3
190981, 3
450523, 1
208753, 2
119507, 2
511436, 3
544989, 3
283674, 3
417654, 3
264004, 3
83270, 3
184829, 3
527980, 3
496311, 3
440718, 3
260508, 3
267866, 3
380916, 3
79023, 3
498326, 3
582088, 3
426000, 3
577130, 3
496497, 3
576565, 3
299691, 3
61104, 3
73651, 3
392667, 3
390428, 3
408446, 3
303508, 3
601024, 3
435168, 3
214918, 3
334772, 3
69010, 3
289929, 3
46007, 3
382301, 3
117835, 3
405949, 3
259674, 3
525565, 3
645430, 3
449753, 3
182948, 3
217170, 3
371594, 3
526476, 3
443791, 3
116117, 3
393394, 3
281676, 3
196982, 3
344086, 3
552665, 3
429412, 3
620099, 3
138614, 3
325884, 3
383561, 3
86743, 3
590650, 3
179757, 3
176381, 3
565848, 3
597475, 3
274565, 3
583420, 3
438406, 3
534180, 3
177024, 3
470055, 3
361265, 3
424249, 3
14813, 3
546251, 3
321834, 3
245311, 3
152646, 3
399432, 3
95959, 3
357628, 3
190148, 3
184565, 2
500051, 3
288824, 3
61673, 3
15697, 3
55737, 1
166209, 3
514807, 3
292779, 3
501635, 3
311062, 3
427005, 3
201889, 3
226343, 3
369098, 3
177893, 3
282668, 3
346780, 3
627641, 3
34300, 3
551236, 3
188495, 3
492959, 3
527619, 3
249527, 3
378140, 3
377613, 3
59266, 3
34847, 3
94642, 3
202686, 3
106475, 3
650821, 3
188412, 3
484604, 3
277060, 3
229247, 3
477357, 3
545259, 3
512639, 3
475163, 3
433560, 3
344868, 3
42238, 3
266781, 3
3370, 3
256454, 3
248532, 3
476765, 3
424902, 3
395608, 3
483175, 3
637730, 3
144910, 3
577809, 3
619289, 2
321563, 3
656288, 3
580870, 3
129559, 3
431962, 3
548433, 3
620216, 3
45114, 3
228803, 3
355322, 3
614688, 3
149790, 3
576483, 3
502222, 3
105915, 3
508239, 2
470953, 3
210619, 3
120857, 3
347060, 3
322224, 3
18550, 3
66824, 3
473250, 3
399986, 3
286240, 3
302545, 3
631660, 3
620658, 3
381272, 3
530745, 3
652011, 3
587249, 3
209320, 3
611902, 3
490389, 3
424914, 3
638011, 3
403623, 3
574768, 3
483088, 3
289931, 3
634603, 3
530710, 1
383137, 3
344549, 3
574708, 3
256296, 1
178799, 3
428880, 3
120780, 3
365456, 3
511921, 3
132959, 3
434370, 3
522024, 3
95552, 3
132134, 3
217865, 3
542909, 3
221492, 3
78395, 3
543233, 3
30648, 3
615167, 3
571230, 3
324762, 3
369503, 3
300115, 3
100842, 3
99343, 3
9556, 3
145650, 3
160709, 3
197703, 3
186692, 3
589423, 3
352704, 3
645173, 3
407639, 3
454677, 3
477511, 1
555780, 3
524899, 3
384400, 2
591339, 3
312055, 3
466827, 3
137878, 3
453791, 1
524037, 3
470817, 3
422115, 3
200067, 1
272432, 3
58139, 3
205934, 3
23580, 3
134189, 3
518129, 3
177923, 3
303373, 2
234205, 2
471632, 3
529380, 3
61660, 3
222313, 3
320418, 1
582792, 3
74798, 3
367947, 3
403429, 3
579459, 3
224337, 3
50440, 2
378100, 3
57816, 1
125769, 3
287306, 3
430384, 3
600596, 3
155771, 3
186314, 3
184366, 2
247964, 3
502207, 3
312989, 3
596754, 3
428575, 3
162949, 3
413653, 3
486701, 3
137557, 3
73846, 3
174057, 3
31357, 3
321505, 2
516137, 3
348765, 3
329027, 2
201857, 3
477339, 1
43362, 3
177856, 3
179640, 3
290426, 3
429610, 3
441088, 3
641508, 3
293104, 3
548109, 3
96210, 3
360832, 3
552048, 3
252268, 3
442304, 3
344516, 3
21205, 3
491161, 3
53247, 3
612625, 3
309832, 3
48422, 3
392664, 3
265411, 3
485415, 3
519922, 3
429826, 3
469279, 3
504284, 3
29187, 3
630782, 2
272869, 3
377445, 3
497691, 3
495708, 3
52198, 3
97045, 3
378036, 3
262919, 3
188157, 3
59437, 3
121001, 3
218765, 3
197213, 3
617874, 3
498781, 3
374715, 3
156522, 3
470618, 3
193945, 3
639452, 3
370890, 2
522221, 3
77149, 3
104862, 3
91790, 3
46917, 3
238612, 1
423025, 3
86473, 3
144495, 3
483054, 3
202532, 3
1271, 3
83388, 3
529726, 3
355038, 3
629981, 3
395500, 3
138445, 3
19047, 3
579580, 3
654186, 3
225254, 3
124318, 3
168234, 3
391137, 3
581035, 3
654434, 3
189382, 3
77053, 3
510391, 3
634056, 3
256456, 3
596148, 3
559193, 3
285066, 3
235347, 3
431747, 3
568958, 3
39048, 3
556005, 3
353062, 3
28995, 3
208153, 3
508086, 3
645934, 3
347036, 3
323027, 3
632814, 3
387817, 3
105386, 3
50413, 3
527443, 3
46173, 3
228214, 3
289397, 3
363624, 3
483947, 3
160204, 3
431287, 3
59401, 3
188457, 3
50213, 1
522215, 3
81014, 3
596234, 3
583382, 3
606060, 3
267184, 3
632187, 3
103619, 3
177279, 3
362798, 3
593052, 3
11676, 3
508591, 3
43113, 3
502024, 3
348153, 3
219841, 3
353674, 2
508250, 1
49261, 3
659570, 3
605897, 3
389307, 3
168968, 3
268419, 3
528163, 3
38000, 2
456559, 3
608579, 3
129965, 3
317119, 3
296091, 3
498830, 3
173824, 3
138732, 3
216940, 3
248322, 3
164198, 3
649317, 3
476859, 3
526069, 3
453085, 3
39895, 3
351729, 2
227680, 3
323328, 3
7679, 3
549726, 3
631152, 3
628359, 3
432633, 3
579972, 3
21403, 3
104079, 3
126321, 3
311906, 3
564635, 3
655232, 2
399598, 3
499534, 3
233632, 3
289593, 3
359358, 3
380247, 3
530047, 3
160019, 3
62772, 3
467191, 3
613911, 3
438197, 3
360866, 3
38510, 3
519611, 2
627681, 3
112750, 3
20232, 3
656554, 3
551864, 3
290893, 3
94694, 3
483264, 3
172837, 3
72446, 3
232530, 3
406612, 3
233618, 3
10956, 3
144264, 3
293014, 3
92968, 3
137203, 3
214119, 3
133954, 3
414204, 3
585636, 3
565762, 3
239734, 3
104266, 3
423720, 3
223090, 3
177947, 2
450417, 3
651801, 3
132562, 3
39471, 3
629686, 3
405184, 3
42914, 3
329924, 3
40168, 3
583625, 3
168816, 3
655550, 3
431020, 3
347027, 3
527352, 3
552749, 3
640021, 3
109322, 3
421422, 3
261742, 3
373729, 3
379496, 3
506584, 3
472685, 3
297100, 3
53469, 3
167905, 3
526281, 3
245951, 3
18547, 3
615360, 3
199454, 3
244906, 3
142221, 3
650612, 3
385094, 3
497664, 3
409645, 3
54231, 3
240782, 3
650970, 3
31561, 3
289320, 3
596111, 3
412103, 3
562258, 2
333065, 3
113190, 3
481608, 3
573255, 3
338621, 3
94040, 3
216018, 3
106264, 3
532930, 3
556204, 3
555171, 2
600164, 3
208739, 3
213152, 3
609191, 3
338459, 3
282628, 3
396780, 3
427712, 3
362704, 3
487717, 3
65451, 3
203536, 3
627041, 3
652833, 3
80548, 3
81942, 3
460455, 3
542067, 3
130301, 3
572479, 3
213556, 3
75628, 3
569816, 3
521690, 3
239925, 3
444383, 3
224479, 3
571057, 3
460803, 3
582104, 3
610340, 3
195875, 3
254487, 2
320618, 3
7373, 3
33387, 2
331915, 3
106752, 3
200520, 3
164427, 3
349022, 3
592676, 3
339521, 3
334438, 3
204387, 3
527453, 3
424885, 3
149588, 3
426848, 3
35688, 3
528378, 3
42909, 2
429015, 3
557529, 3
439076, 3
284602, 3
487503, 2
609172, 3
630143, 3
480013, 3
238229, 3
328633, 3
215506, 3
238563, 3
237313, 3
572464, 3
342322, 3
645975, 3
212122, 3
425740, 3
541371, 3
418719, 3
654324, 3
357029, 3
504428, 3
52948, 3
473807, 3
261064, 3
564111, 3
135633, 3
508981, 3
495580, 3
471764, 3
177654, 3
274551, 3
312877, 3
179552, 3
470332, 3
663339, 3
567418, 3
114293, 3
557714, 3
176980, 3
242984, 3
22198, 1
656400, 3
119689, 3
297319, 3
267150, 3
13416, 3
411753, 3
526641, 3
148680, 3
3242, 3
245046, 3
652281, 1
509021, 3
477184, 3
119782, 2
246671, 3
484629, 3
312859, 3
487090, 3
265052, 3
221401, 3
367815, 3
82920, 3
600015, 3
366259, 3
584742, 3
365785, 3
273649, 3
424764, 3
582032, 3
85303, 3
557038, 3
442172, 3
472342, 3
449845, 3
261451, 3
95309, 3
105975, 3
192951, 3
33389, 3
460836, 3
132442, 3
488953, 3
281113, 3
48144, 3
596048, 3
474577, 3
352748, 2
508966, 3
374009, 3
502134, 3
411880, 3
280386, 3
168448, 3
313839, 3
49969, 3
434332, 3
606943, 3
251761, 3
372142, 3
146629, 3
101728, 3
509375, 3
378553, 3
540961, 3
150688, 3
70152, 3
629915, 3
138935, 3
503041, 3
191746, 3
338190, 3
317784, 3
400868, 3
262038, 3
346815, 3
399378, 3
302925, 3
223434, 2
457079, 3
113496, 3
324663, 3
599665, 3
44247, 3
164058, 3
525793, 3
215458, 3
335046, 3
159338, 3
491855, 3
520040, 3
519589, 3
629849, 2
387383, 3
432284, 3
32761, 3
499474, 3
133662, 3
257229, 2
556114, 3
2605, 3
500003, 3
659136, 3
175198, 3
541773, 3
109423, 3
89092, 3
467260, 3
269858, 3
224272, 3
179961, 3
632001, 3
545540, 3
664456, 3
117748, 3
53453, 3
510744, 3
169564, 3
324148, 3
174368, 3
132063, 3
237564, 3
124978, 3
160919, 3
421443, 3
305095, 3
199161, 3
44124, 3
536776, 3
456874, 3
292229, 3
63464, 3
362519, 3
310235, 3
38219, 3
118258, 3
570474, 3
337377, 3
471445, 1
550682, 3
651760, 3
609837, 3
296657, 3
269316, 3
57024, 3
47752, 3
550611, 3
639215, 3
520631, 3
637357, 3
590470, 3
610675, 3
235081, 3
323681, 3
5213, 3
376747, 3
586149, 3
404097, 3
283813, 3
233996, 3
66910, 3
497820, 3
407572, 3
419452, 3
88967, 3
512287, 3
11480, 3
610596, 3
664658, 3
611080, 3
77226, 3
17476, 3
454880, 3
304889, 3
652716, 3
7619, 3
514882, 3
231642, 3
167685, 3
34218, 3
109067, 3
630751, 3
464845, 3
326816, 3
578839, 3
320209, 3
560459, 3
32554, 3
224462, 3
562698, 3
262195, 3
405713, 3
329532, 3
516025, 3
488661, 3
608327, 3
593749, 3
84001, 3
156666, 3
410225, 3
656752, 3
157353, 3
476436, 3
116329, 3
484086, 3
37223, 3
52749, 3
499178, 3
46886, 3
418982, 3
12805, 3
584263, 3
654079, 3
99315, 3
6989, 3
95852, 3
141785, 3
291612, 3
277396, 3
582584, 3
349436, 3
259530, 3
438535, 3
179061, 3
338645, 3
118829, 3
623763, 2
295315, 3
5907, 3
262270, 3
76316, 3
10761, 1
610880, 2
565191, 3
111656, 3
386860, 3
622931, 3
369074, 3
426836, 3
430409, 3
168019, 3
278902, 3
48903, 3
417970, 3
474704, 3
303194, 3
610190, 1
24010, 3
389902, 3
315736, 3
201451, 3
315941, 3
456455, 3
142899, 3
94424, 3
59944, 3
237412, 3
410998, 3
548851, 3
283046, 3
571763, 3
254839, 3
420068, 3
396922, 3
35832, 3
651315, 3
44635, 3
363097, 3
565037, 3
113731, 3
498915, 3
419427, 3
315781, 3
213085, 3
131995, 3
604445, 1
658229, 3
46116, 3
300532, 3
537045, 3
177638, 3
294000, 3
48173, 3
569765, 3
245918, 3
39227, 3
289608, 2
484225, 3
259282, 3
437101, 3
103408, 3
251185, 3
188703, 3
232719, 3
320988, 3
530540, 3
67689, 3
207192, 3
303707, 3
623239, 3
615999, 3
282004, 3
273548, 3
543137, 3
455602, 3
103925, 3
196975, 3
195133, 3
609035, 3
317876, 3
370386, 3
32051, 3
68191, 3
533517, 3
225336, 3
452455, 3
250062, 3
590779, 3
384127, 3
505738, 3
289695, 1
98430, 3
426034, 3
372292, 3
301292, 3
480111, 3
268208, 3
384813, 3
197146, 3
53127, 3
172774, 3
224999, 3
547753, 3
36339, 3
602631, 3
130730, 3
636128, 3
650298, 3
343209, 3
630514, 3
356161, 3
20808, 3
544842, 3
432476, 3
285357, 3
541006, 3
560444, 3
226547, 3
540059, 3
386869, 3
404152, 3
387422, 3
613009, 3
625242, 3
228826, 3
236186, 3
464287, 3
413101, 3
407633, 3
19290, 3
420619, 3
107692, 3
294759, 3
271832, 3
64168, 3
467363, 3
266439, 3
274458, 3
148771, 3
216189, 3
449176, 3
574619, 3
596493, 3
46213, 3
478876, 1
166867, 3
335406, 3
639646, 3
66600, 3
50788, 3
328330, 3
212274, 3
353856, 3
346812, 3
430833, 3
520968, 3
154506, 3
28620, 3
324735, 3
593632, 3
218310, 3
346220, 3
541481, 3
90327, 3
189441, 3
376798, 3
514789, 3
73504, 3
559322, 2
350585, 3
451002, 2
661057, 3
129932, 3
657498, 3
602719, 3
5198, 3
90832, 2
85931, 3
643884, 3
395763, 1
288466, 3
513908, 3
391691, 3
317021, 3
433903, 3
22509, 3
84589, 1
537972, 3
55363, 3
304602, 3
304610, 2
249313, 2
351621, 3
582265, 3
614694, 3
638936, 3
282232, 3
417809, 3
650860, 3
365552, 3
629052, 1
269528, 3
398259, 3
85753, 3
494379, 3
662858, 3
549548, 3
337813, 3
480179, 3
255654, 3
496425, 3
167824, 3
545187, 3
394930, 3
226268, 3
284263, 3
14490, 3
448249, 3
53275, 2
418349, 3
494655, 3
296704, 3
613917, 3
16487, 3
276844, 3
272563, 3
588509, 3
214990, 3
351192, 3
164260, 3
25192, 3
348785, 3
10381, 3
533151, 3
311145, 3
461662, 2
304159, 2
382045, 3
380721, 3
225067, 3
438269, 3
317954, 3
480458, 3
81567, 3
40437, 3
240370, 3
599583, 3
244438, 3
182987, 3
207966, 3
248817, 3
529108, 2
464807, 3
54831, 3
299185, 3
426679, 3
224791, 3
328718, 3
544986, 3
412027, 3
595663, 3
339286, 3
44079, 3
124461, 3
498673, 3
334964, 3
21847, 3
553203, 3
354358, 3
359889, 3
248620, 3
91645, 3
233557, 3
407017, 3
320462, 3
622144, 3
198112, 3
74035, 3
631841, 3
345253, 3
163644, 3
316945, 3
622966, 3
164651, 3
108149, 3
329872, 3
16348, 3
626678, 3
552412, 3
29581, 3
564203, 3
288107, 3
99482, 3
511115, 3
140526, 3
139051, 3
31480, 3
507113, 3
447588, 3
77433, 3
95887, 3
629205, 3
343127, 3
507869, 3
387467, 3
24577, 3
642909, 3
315278, 1
87121, 3
582923, 3
353075, 2
560212, 3
195302, 3
328767, 3
311560, 1
79662, 3
12035, 3
423415, 3
387349, 3
616709, 3
297757, 3
657086, 3
236803, 3
581991, 3
111473, 3
489513, 3
507686, 3
294346, 3
165240, 3
184618, 3
655442, 3
286064, 3
158160, 3
341069, 3
555010, 3
348538, 3
555403, 3
198545, 3
20498, 3
453621, 3
289027, 3
230999, 3
477434, 3
559762, 3
347653, 3
538676, 3
622649, 3
503301, 3
596596, 3
222487, 3
230073, 2
149827, 3
136825, 2
86311, 3
189427, 3
644939, 3
71254, 3
415846, 3
636188, 3
289818, 3
487389, 3
578539, 3
591489, 3
121530, 3
638454, 3
448759, 3
387827, 3
514428, 3
599212, 3
251540, 3
553526, 3
347142, 3
566993, 3
64156, 3
51217, 3
490373, 3
230540, 3
297215, 3
379674, 3
548500, 3
114210, 3
403186, 3
406629, 3
144298, 2
527821, 3
443196, 3
641653, 3
78393, 3
6437, 3
72648, 3
662674, 3
234581, 3
254615, 2
550533, 3
405422, 3
347263, 3
368739, 3
540679, 3
25649, 3
55976, 3
422030, 3
205522, 3
105826, 3
427553, 3
492275, 3
371095, 3
142453, 3
642732, 3
187759, 3
541080, 3
34689, 3
314777, 3
353467, 3
399729, 3
64068, 3
10968, 3
510313, 3
298655, 3
358845, 3
151574, 3
218127, 3
411043, 3
633457, 3
255167, 3
484432, 3
217944, 3
130635, 3
535774, 3
464669, 3
579903, 3
407698, 3
68082, 3
262866, 3
569311, 3
13559, 3
573715, 3
541081, 3
329279, 3
138226, 3
311505, 3
297922, 3
581747, 3
453137, 3
508993, 3
170715, 3
506928, 3
482854, 3
153387, 1
605607, 3
279023, 3
65821, 3
528124, 2
327380, 3
13542, 3
648503, 3
650682, 3
10655, 3
165485, 3
584275, 3
289210, 3
299123, 3
268581, 3
547965, 3
82914, 3
263694, 3
396391, 3
535117, 3
508124, 3
163091, 3
352421, 3
414109, 3
25468, 3
161187, 3
587061, 2
554059, 3
223302, 3
473493, 3
210501, 1
304935, 3
405634, 3
294207, 3
398648, 3
25844, 3
606449, 3
450710, 3
573362, 3
614627, 3
85481, 3
358360, 3
356661, 3
84570, 3
517763, 3
331707, 3
509039, 3
646753, 3
603540, 3
145308, 3
478491, 3
347991, 3
232513, 3
582386, 3
353041, 3
62927, 3
293709, 3
444157, 3
451693, 3
225154, 3
142691, 3
519070, 3
396666, 3
90285, 3
166579, 3
141799, 3
260981, 3
35217, 3
625281, 2
61718, 3
196331, 3
451309, 3
74743, 3
584023, 3
280809, 3
215122, 3
362061, 3
159529, 3
606225, 3
662375, 3
516395, 3
641867, 3
559893, 3
562967, 3
642424, 3
109691, 3
519972, 3
426332, 3
209574, 3
427650, 3
127680, 3
614338, 3
340231, 3
631970, 3
13517, 3
324193, 3
576458, 3
391714, 3
204839, 3
567693, 3
112048, 3
119849, 3
434387, 3
608326, 3
107302, 3
124563, 3
618578, 3
399452, 2
280888, 3
627621, 3
63179, 3
543656, 3
536148, 3
239784, 3
433669, 3
616878, 3
269037, 3
115269, 3
68197, 3
245102, 3
266693, 2
605527, 3
319942, 3
410338, 3
126130, 3
383976, 3
17479, 3
141657, 3
48330, 3
652482, 3
211786, 3
210776, 3
166949, 3
627353, 3
460976, 3
205797, 3
361032, 3
436834, 3
378037, 3
175591, 3
153632, 3
567953, 3
144792, 3
87554, 3
208940, 3
467295, 3
378746, 3
654035, 3
664187, 3
177111, 3
109323, 3
292431, 3
651757, 3
564059, 3
646441, 3
7815, 3
515705, 3
68658, 3
64063, 3
514086, 3
616081, 3
427854, 3
619377, 3
78385, 3
489705, 3
5778, 3
184077, 3
283986, 3
592266, 3
116356, 3
29806, 3
501445, 3
516036, 3
478783, 2
95499, 3
385308, 3
563557, 3
418508, 3
567586, 3
381926, 3
453122, 3
210081, 3
427127, 2
470284, 3
662265, 3
431742, 3
84077, 3
610557, 3
616307, 3
195691, 3
610510, 3
145549, 3
17924, 3
258597, 3
363796, 3
617711, 3
246351, 3
45236, 3
635347, 3
187726, 3
115929, 3
528369, 3
173366, 3
402633, 3
562955, 3
478473, 3
11925, 3
636267, 3
516808, 3
385824, 2
40755, 3
125237, 3
498283, 3
195545, 3
363734, 2
7949, 3
332385, 3
79737, 3
59598, 3
251512, 2
18671, 3
83778, 3
407245, 3
63633, 3
287891, 3
461245, 3
463403, 3
326315, 3
229584, 3
555549, 3
286789, 3
109366, 3
147096, 2
515109, 3
534947, 3
303820, 2
128135, 3
288673, 3
200200, 3
266332, 3
566491, 3
492304, 3
33109, 3
253602, 3
352943, 3
63551, 3
528177, 1
117722, 3
578958, 3
475327, 3
514560, 3
458698, 3
277797, 3
626039, 1
229466, 3
36610, 3
83907, 3
29565, 3
360411, 2
485059, 3
35605, 3
324895, 3
287868, 3
364215, 3
280281, 3
28925, 3
580169, 3
589077, 3
393059, 3
275244, 3
518926, 3
249594, 3
240688, 3
66425, 3
81163, 3
607266, 3
285371, 3
90695, 3
311193, 3
264971, 2
360853, 3
384470, 3
60479, 3
163336, 3
655181, 3
292614, 3
201670, 3
64995, 3
517289, 3
115413, 2
255640, 3
248863, 3
455635, 3
565064, 2
308432, 3
40315, 3
313288, 3
375744, 3
450673, 3
613982, 3
621654, 3
357928, 3
108575, 3
419192, 3
581582, 3
309113, 3
472418, 3
493842, 3
501239, 3
176198, 3
288304, 3
343744, 3
120616, 3
497141, 3
237027, 3
138428, 3
2857, 3
576463, 1
58320, 2
591026, 3
19357, 3
616972, 3
278308, 3
506044, 3
562803, 3
650306, 1
104269, 1
497347, 3
611143, 3
299831, 3
361155, 3
273806, 3
471515, 3
11986, 3
561864, 3
357327, 3
65752, 3
251743, 3
333783, 3
217204, 3
550415, 3
621568, 3
432827, 3
505570, 2
120838, 3
510516, 3
552168, 3
122770, 3
391099, 3
395364, 3
294069, 3
490876, 3
665280, 2
387172, 3
449484, 3
468949, 3
169429, 3
599070, 3
13077, 3
639813, 3
640090, 3
544936, 3
128350, 3
629437, 2
653237, 3
637834, 3
118938, 3
152467, 3
332194, 3
589295, 3
26170, 3
393447, 3
175761, 3
46586, 3
523011, 3
528531, 3
264277, 3
441036, 3
449192, 3
307767, 3
487114, 3
54398, 3
256607, 3
461589, 3
127872, 2
389103, 3
143015, 3
323067, 3
152318, 3
188626, 2
407463, 3
305025, 3
398011, 3
364183, 3
15061, 3
65249, 3
227846, 3
125848, 3
335728, 3
102973, 3
292866, 3
360695, 3
170685, 3
494490, 3
599468, 3
377229, 3
9808, 3
581009, 3
32326, 3
431281, 3
312780, 3
632258, 3
449253, 3
265159, 3
40643, 3
125797, 3
267, 3
344997, 3
569477, 3
9190, 3
498006, 3
661329, 3
584308, 3
196361, 3
20722, 3
308921, 3
89555, 3
57920, 3
419864, 3
498443, 3
28937, 3
268650, 3
543286, 3
562728, 3
363430, 3
494746, 3
301750, 3
244298, 2
210224, 3
78390, 3
368550, 3
396518, 3
213679, 3
534653, 3
42350, 3
84913, 3
50415, 3
597253, 3
382964, 3
495206, 3
537522, 3
385707, 3
283326, 3
120258, 3
564249, 3
77428, 3
502997, 3
70063, 3
258379, 3
642726, 3
153687, 3
314094, 3
319159, 3
364762, 3
2266, 3
142187, 2
287683, 3
154833, 3
202990, 3
546021, 3
62687, 3
69357, 3
102229, 3
199555, 3
458501, 3
377087, 3
18268, 3
161354, 3
301844, 3
132749, 3
391797, 3
251905, 3
55652, 3
473225, 3
132723, 3
102902, 3
638190, 3
444510, 2
302093, 3
385721, 3
78897, 3
212374, 3
337518, 3
662878, 3
533000, 3
205056, 3
237102, 3
407114, 3
250868, 3
100060, 3
239865, 3
85084, 3
304139, 3
652071, 3
644178, 3
263191, 3
543787, 3
623251, 3
166142, 3
394935, 3
608405, 3
398202, 3
38868, 3
515038, 3
435364, 3
568755, 3
267427, 3
169644, 3
220060, 3
332254, 3
395034, 3
216165, 1
251059, 3
35878, 3
173829, 3
81707, 3
135197, 3
220662, 1
497198, 3
195964, 3
646658, 3
173596, 3
580492, 3
77387, 3
565801, 3
99715, 3
596689, 1
233011, 3
429125, 3
269827, 3
402840, 3
535418, 3
484022, 3
391925, 3
144772, 3
67877, 3
208922, 3
111219, 3
343749, 3
198158, 3
91059, 3
586746, 3
117823, 3
193975, 3
393148, 2
132513, 3
307126, 3
383147, 3
72301, 3
209064, 2
594076, 3
188845, 3
544378, 3
102690, 3
262505, 3
170419, 3
381254, 3
136089, 3
79222, 3
543953, 3
623895, 3
196556, 3
642252, 3
560682, 3
506753, 3
366934, 2
227586, 3
70146, 3
41060, 3
413108, 3
447376, 3
301205, 2
536133, 3
510346, 3
341770, 3
662736, 3
467669, 3
259165, 2
541496, 3
543881, 3
511420, 3
594970, 3
386107, 3
548073, 3
563973, 3
421119, 3
313644, 3
543777, 3
599044, 3
348541, 3
429514, 3
491198, 3
600282, 3
285795, 3
613411, 3
55161, 3
109167, 3
72497, 3
47479, 3
6074, 3
622695, 3
615836, 3
136155, 3
383175, 3
124895, 3
63809, 3
294535, 3
356966, 3
319959, 3
579809, 3
502468, 3
553931, 3
294247, 3
541606, 3
62685, 3
463975, 3
368604, 2
12568, 3
410490, 3
497341, 2
359451, 3
350942, 3
141206, 3
97823, 3
409357, 3
72328, 3
61143, 3
507231, 3
49405, 3
353896, 3
533388, 3
66183, 3
287631, 3
402514, 3
405034, 3
265341, 2
455465, 3
3739, 3
380617, 3
58205, 3
574680, 3
119813, 3
464919, 3
184702, 3
168198, 3
548721, 3
408026, 3
430875, 3
518214, 3
600056, 3
461450, 3
612220, 3
50674, 2
586836, 3
172589, 3
552307, 3
620076, 2
197993, 3
319301, 3
663974, 3
311450, 2
559884, 3
278968, 3
58066, 3
619513, 3
32194, 3
249748, 3
268409, 3
238850, 3
64686, 3
606765, 3
85775, 3
108412, 3
104365, 3
131839, 3
422096, 3
162551, 3
572996, 3
190067, 3
16682, 3
320963, 3
300277, 3
566095, 3
11421, 3
491571, 3
68739, 1
636749, 3
527889, 3
61129, 3
516905, 3
24126, 3
436737, 3
336694, 3
438848, 3
461647, 3
44390, 3
115429, 3
196488, 3
258693, 3
104514, 3
36139, 2
504839, 2
337176, 3
646674, 3
40468, 3
100086, 3
561775, 3
576039, 3
615198, 3
229201, 3
569099, 3
316709, 3
444948, 3
11015, 3
607195, 1
396969, 3
24616, 3
413296, 3
335035, 3
461145, 3
148483, 3
318073, 3
357144, 3
534278, 3
228783, 3
213017, 3
294493, 3
546203, 3
580494, 3
22682, 3
420715, 3
83719, 3
439299, 3
529501, 3
233120, 3
184490, 2
342173, 3
81464, 3
421191, 3
308747, 3
467181, 3
332837, 3
580874, 3
333397, 3
328256, 3
259502, 3
233941, 3
163600, 3
572796, 2
483482, 3
663533, 3
15504, 3
282511, 3
651124, 3
27415, 3
320103, 3
226437, 3
448984, 3
218182, 3
133113, 3
332664, 3
363489, 3
318323, 3
263043, 3
530670, 3
28537, 3
487568, 3
295528, 3
160103, 3
481949, 3
349866, 3
607258, 3
435219, 3
410634, 3
522352, 3
98114, 3
616352, 3
600553, 3
525902, 3
267001, 3
541793, 3
258215, 3
315298, 3
527569, 3
519688, 3
646021, 3
250503, 3
97349, 3
396915, 3
288300, 3
241980, 3
329540, 3
120823, 3
201757, 3
10658, 3
550059, 3
173471, 3
165392, 3
79890, 3
338429, 3
76885, 3
580178, 3
662344, 1
176911, 3
122886, 3
228926, 3
335187, 2
116681, 3
281149, 3
224360, 2
91279, 3
365514, 3
192484, 3
6217, 3
661891, 3
174647, 3
529041, 3
77819, 3
275943, 3
47475, 3
92964, 3
154604, 3
169345, 3
396633, 3
61122, 3
533827, 3
257103, 2
97770, 3
244578, 3
78768, 3
358358, 3
651095, 2
626272, 3
271435, 3
274851, 3
538230, 3
226672, 3
551199, 3
65389, 3
596640, 3
90957, 3
622910, 3
650703, 3
321661, 3
550461, 3
444127, 3
631202, 3
101232, 3
333214, 1
657176, 3
609542, 3
500006, 3
135763, 3
629479, 3
180708, 3
63967, 3
622108, 3
118182, 3
349032, 3
411248, 3
77807, 3
598306, 3
74031, 3
272928, 3
550227, 3
385318, 3
528791, 3
179382, 3
139878, 3
337799, 3
463568, 2
508784, 3
495890, 3
499868, 3
117763, 3
4240, 3
433593, 3
453695, 3
592004, 3
478818, 3
223146, 3
208841, 3
272212, 3
598293, 3
349890, 3
558135, 3
551587, 3
283962, 3
111003, 3
298897, 3
606310, 3
274664, 3
605460, 1
511631, 3
179781, 3
486560, 3
414724, 3
459951, 3
193835, 3
140809, 3
657500, 3
500199, 3
424895, 3
474932, 3
245283, 3
185976, 3
531737, 3
284323, 3
387849, 3
335890, 3
55304, 3
175619, 3
272295, 3
114288, 3
67800, 3
18640, 3
542214, 3
139020, 3
9578, 3
18931, 3
376037, 3
240066, 3
553173, 3
551578, 3
17902, 3
337527, 3
356995, 3
50988, 3
325523, 3
243867, 3
509403, 3
465493, 3
184176, 3
286249, 3
56789, 3
198538, 3
526863, 1
38300, 3
127080, 3
9996, 3
414205, 3
191741, 3
536726, 3
145502, 3
78359, 3
143309, 3
395564, 3
555533, 3
650357, 3
634691, 3
540887, 3
183644, 3
368380, 3
88426, 3
600653, 2
375332, 3
204547, 3
187631, 3
438454, 3
609226, 3
231587, 3
24160, 3
377772, 3
414052, 3
199654, 3
446612, 3
578161, 3
477851, 3
169751, 3
626022, 3
86271, 3
21011, 3
96237, 3
542029, 3
313153, 3
247079, 3
633336, 3
252957, 3
444774, 3
332031, 3
597923, 3
578329, 3
574730, 3
37206, 3
52524, 3
153587, 3
439889, 3
338765, 3
501302, 3
597868, 3
498244, 2
362435, 3
298381, 3
591522, 3
190041, 3
513556, 3
347241, 3
592584, 3
414995, 3
401401, 3
91698, 3
629176, 3
191201, 3
473548, 3
496337, 3
443383, 3
182252, 3
521785, 3
660638, 3
344351, 3
614214, 3
298139, 3
237936, 3
71016, 3
137444, 3
646735, 3
524325, 3
644883, 3
340501, 3
511942, 3
98826, 3
277733, 2
296394, 3
619440, 3
576710, 3
5571, 3
565131, 3
358247, 3
329273, 3
253702, 3
284969, 3
246340, 3
607792, 3
406225, 3
250844, 2
45627, 3
206313, 3
650007, 2
64285, 3
256521, 3
581136, 3
37891, 3
203046, 3
515368, 3
600943, 3
24144, 3
628884, 3
221049, 3
271614, 3
362357, 3
168791, 3
274192, 3
389894, 3
73804, 3
97371, 3
505773, 3
327691, 3
617884, 3
440437, 3
519865, 3
109421, 3
389096, 3
179068, 3
213551, 3
489305, 3
26213, 3
24734, 3
19642, 3
28414, 3
378559, 3
633838, 3
80579, 3
563332, 3
135460, 3
221496, 3
557801, 3
324407, 3
315932, 3
169339, 3
330213, 2
283755, 3
637843, 3
610636, 3
310497, 3
5874, 3
516256, 3
189757, 3
450914, 3
195039, 3
519506, 3
438823, 3
401909, 3
204863, 3
182391, 3
121536, 3
90371, 3
276330, 3
564223, 2
569830, 3
479184, 3
421325, 3
602589, 3
327483, 3
147766, 3
63211, 3
548267, 3
557114, 3
209089, 3
366152, 3
550427, 3
25585, 3
598718, 3
37435, 3
73340, 3
322856, 3
281835, 3
334149, 3
491440, 3
586081, 3
386478, 3
159545, 3
285520, 3
171014, 3
540334, 3
388649, 3
402364, 3
612810, 3
498281, 3
196420, 2
380233, 3
496722, 3
409508, 3
623109, 3
558153, 3
33708, 3
180648, 3
543331, 3
517538, 3
593945, 3
314289, 3
245544, 3
179013, 3
172132, 3
46587, 3
494913, 3
328958, 3
406751, 3
202120, 3
649860, 3
162321, 3
270613, 3
285, 3
633439, 3
178281, 3
188939, 3
255612, 3
627197, 3
167297, 3
382599, 3
270387, 3
198069, 3
657639, 3
255362, 3
609951, 3
26136, 3
81597, 3
532281, 3
380923, 3
521402, 3
157563, 3
358822, 3
233235, 3
56750, 3
470759, 3
342074, 3
31047, 3
197202, 3
591439, 3
265785, 3
614300, 3
591872, 3
290286, 3
476211, 3
247395, 3
88813, 3
656344, 3
83720, 3
78075, 3
258656, 3
622820, 3
547146, 3
43090, 3
162064, 3
332063, 3
241990, 3
306390, 3
342153, 3
304757, 3
165405, 3
565468, 3
369365, 3
593916, 3
164725, 3
387146, 3
576460, 3
69687, 3
396738, 3
296673, 3
589074, 3
312090, 3
15290, 3
612610, 3
107684, 3
536157, 3
430146, 3
391958, 3
398812, 3
235197, 3
106257, 3
382029, 3
646586, 3
332719, 3
434739, 2
27022, 3
304905, 3
632097, 3
273848, 3
631117, 3
299653, 3
432240, 3
380792, 3
550287, 3
2446, 3
392006, 3
512209, 3
349250, 3
658237, 3
254774, 3
262944, 3
655835, 1
433655, 3
77406, 3
77405, 3
795, 3
459385, 3
389075, 3
306449, 3
414769, 3
347005, 3
179082, 3
129652, 3
225263, 3
5937, 1
480248, 3
149304, 3
489105, 3
194926, 3
643387, 3
201999, 3
97983, 3
346098, 3
183013, 3
643891, 3
580245, 3
293217, 3
401347, 3
450604, 3
495394, 3
229990, 3
416529, 3
336136, 3
28463, 3
434277, 3
76991, 3
415223, 3
500701, 3
491243, 3
642773, 1
516812, 3
489985, 3
11003, 3
579524, 3
435286, 3
524984, 3
532179, 1
513026, 3
258614, 3
118102, 3
93835, 3
472154, 3
592721, 3
187253, 3
454444, 3
346504, 3
368364, 3
608507, 3
19994, 3
500917, 3
412273, 3
389412, 3
344258, 3
12577, 3
472985, 3
474489, 3
235202, 3
24167, 3
77202, 3
374027, 3
567944, 3
60299, 3
579362, 3
318554, 3
110188, 3
472359, 3
627672, 1
184177, 3
398182, 3
104948, 3
546561, 3
132211, 3
857, 3
46698, 3
636538, 3
656632, 3
452637, 3
214433, 3
93146, 3
357065, 3
225337, 3
567297, 3
605139, 3
377908, 3
573237, 3
584529, 2
398950, 3
41338, 3
586504, 3
25139, 3
470495, 3
171708, 3
519957, 3
322845, 3
528577, 3
590070, 3
103326, 3
201206, 1
32730, 3
289897, 3
233976, 3
234320, 3
577818, 3
547652, 3
640567, 3
103641, 3
371501, 3
260924, 3
308719, 3
658112, 3
324911, 3
247662, 3
647551, 3
417722, 3
171851, 3
312897, 3
509306, 2
470384, 3
618726, 3
226591, 3
303784, 3
126720, 3
148295, 3
495332, 3
557464, 3
198177, 3
285895, 3
272479, 3
595695, 3
164768, 3
624660, 3
610183, 3
174421, 3
408858, 3
448483, 3
574364, 3
470270, 3
622102, 3
123987, 3
636187, 3
647317, 3
315569, 3
99294, 3
211675, 2
624794, 3
650543, 3
94939, 3
368676, 3
100490, 2
182946, 3
100636, 3
69834, 3
663439, 3
261526, 3
22243, 3
344337, 3
578902, 3
545582, 3
394896, 3
314746, 3
66036, 3
214286, 3
428808, 3
588081, 3
155236, 2
45300, 3
348401, 3
598816, 3
94676, 3
593464, 3
334996, 3
26247, 3
619248, 3
33873, 3
189675, 3
450147, 3
416993, 3
415432, 3
376257, 3
488470, 3
658669, 3
353232, 3
507737, 3
617073, 3
32304, 3
582777, 1
280171, 3
239762, 3
34143, 3
16203, 3
532269, 3
460031, 3
621103, 3
384043, 3
345497, 3
380708, 3
28235, 3
592755, 3
646410, 3
435210, 1
338030, 3
634211, 3
445825, 3
332920, 3
327399, 3
545666, 3
421252, 3
289450, 3
90060, 3
403543, 3
545491, 3
151011, 3
191842, 3
502995, 3
591269, 3
556219, 3
526248, 3
99843, 3
417026, 3
215992, 3
374951, 3
136044, 3
304761, 2
328912, 3
114195, 3
74110, 3
138345, 3
192611, 3
422242, 3
380584, 3
210267, 3
620409, 3
323113, 3
76667, 3
84217, 3
180154, 3
653284, 3
155230, 3
87442, 3
470211, 3
3186, 3
310140, 3
560701, 3
11588, 3
264207, 3
337699, 3
534570, 3
103669, 3
109279, 3
61964, 3
657024, 3
221392, 3
82239, 3
438435, 3
335066, 2
125961, 3
105762, 3
101259, 3
152168, 3
334162, 3
599072, 3
371971, 3
472534, 3
663629, 3
413821, 3
525795, 3
264236, 3
361644, 3
75601, 3
147329, 2
447043, 3
212342, 3
170128, 3
143293, 3
288459, 3
232123, 3
62059, 3
430147, 3
235004, 2
617348, 3
338687, 3
23808, 3
104348, 3
543550, 3
415894, 3
470921, 3
556913, 3
164575, 3
106700, 3
128647, 3
278269, 3
291411, 3
429225, 3
476167, 3
38490, 3
111692, 3
592654, 3
393318, 3
596467, 3
294093, 3
314425, 3
180902, 3
468288, 3
15377, 3
29619, 3
590522, 3
341873, 3
458655, 3
111836, 3
323454, 3
342520, 3
613974, 3
609586, 3
570440, 3
55238, 3
288312, 3
399578, 3
232499, 3
165206, 3
86517, 3
359039, 3
278142, 3
630862, 3
419496, 3
609372, 3
529030, 3
293322, 3
417133, 3
81420, 3
146988, 3
493720, 2
312889, 3
330020, 3
63435, 3
138745, 3
393905, 3
530991, 3
125215, 3
534446, 3
637706, 3
562633, 3
207401, 3
642246, 3
296940, 3
138180, 3
278873, 3
18928, 3
586391, 3
25363, 3
9060, 3
526171, 3
641321, 3
632376, 3
586795, 3
511999, 3
613264, 3
25187, 3
181036, 2
407696, 3
216605, 3
396077, 3
351278, 3
56201, 3
484345, 3
345713, 3
639080, 3
23908, 3
178150, 3
272656, 3
52115, 3
480692, 3
265540, 1
479816, 3
428624, 3
637383, 3
361899, 3
210969, 3
539838, 3
466162, 3
514135, 2
601427, 3
446004, 3
225265, 3
241045, 3
432913, 3
460093, 3
113282, 3
167729, 3
18589, 3
332761, 3
331152, 3
93827, 3
320892, 2
423160, 3
419000, 3
549368, 3
506309, 3
289551, 3
444735, 3
59973, 3
22301, 3
47978, 3
635704, 3
234049, 3
427359, 3
168864, 3
320915, 3
244921, 3
227578, 3
157246, 3
253726, 3
68029, 3
479792, 3
289542, 3
97457, 3
534050, 3
410468, 3
384803, 3
588804, 3
418616, 3
492468, 3
447899, 3
606874, 3
582085, 3
505205, 3
43534, 3
171262, 3
654561, 3
18432, 3
85992, 3
41706, 3
636770, 3
5667, 3
81529, 2
99322, 3
587909, 3
67797, 3
549202, 3
549729, 3
633243, 3
12856, 3
303119, 3
95690, 3
49824, 3
165150, 3
388775, 1
348189, 3
24689, 3
541586, 3
462895, 3
19765, 3
402269, 3
411565, 3
19160, 3
627243, 3
82831, 2
648370, 3
537086, 3
586644, 3
369721, 3
527373, 3
621323, 3
439485, 3
143056, 3
646984, 3
104132, 3
71719, 3
416817, 3
105724, 3
306410, 3
8901, 3
60249, 3
81290, 3
26511, 3
256659, 3
438216, 3
331266, 3
513342, 3
488736, 3
197302, 3
171430, 3
527298, 3
549240, 3
530617, 1
548164, 3
6259, 3
470786, 3
293530, 3
162021, 2
111222, 3
552154, 3
614570, 3
178190, 2
251598, 3
532915, 3
70457, 3
550869, 3
458788, 3
585736, 2
550000, 3
400038, 3
1714, 3
318988, 3
407148, 3
239882, 3
387716, 3
173958, 3
9080, 3
85012, 3
367537, 3
182269, 3
65865, 3
345572, 3
448662, 3
204101, 3
227728, 3
50376, 3
138719, 3
585832, 2
218386, 3
111330, 3
141658, 3
224241, 3
437662, 3
610728, 1
571946, 3
398839, 3
258756, 3
389817, 3
460399, 3
92113, 3
43448, 3
198940, 3
575355, 3
406230, 3
51437, 3
295154, 3
517730, 3
547755, 3
627884, 3
408335, 3
526621, 3
100796, 3
285367, 3
615025, 3
147469, 3
237096, 3
652, 3
154583, 3
67597, 3
105407, 3
389331, 3
154321, 3
362661, 3
241383, 3
562563, 3
83403, 3
582867, 3
406634, 3
48753, 3
18720, 3
208202, 3
553754, 3
75518, 3
381443, 3
272380, 3
407705, 3
107173, 3
661869, 1
349159, 3
378597, 3
75709, 3
5238, 3
351508, 2
616217, 3
245150, 3
594740, 3
202118, 3
199779, 3
333225, 3
458063, 3
593698, 3
208379, 3
515943, 3
428942, 2
122403, 3
406563, 3
420144, 3
512104, 3
555043, 3
355687, 3
335170, 3
126305, 3
223061, 3
149235, 3
72591, 3
243878, 3
371236, 3
42368, 3
487113, 3
119547, 3
359203, 3
547065, 3
299097, 3
407869, 3
454043, 3
335405, 3
648201, 3
592714, 3
59793, 3
314145, 3
156280, 3
24938, 3
618899, 2
169568, 3
235587, 3
118263, 3
479659, 3
397437, 3
69710, 3
113421, 3
19751, 3
388450, 3
32083, 3
511307, 3
296738, 2
359977, 3
261755, 3
602779, 3
384236, 3
289123, 3
161161, 3
635549, 3
343525, 3
95437, 3
641683, 3
353017, 3
490392, 3
282342, 3
259287, 3
568373, 3
637766, 3
32314, 3
439982, 3
475593, 3
316224, 3
101781, 3
249807, 3
371238, 3
274522, 3
94976, 3
647700, 3
366774, 3
97299, 3
20272, 3
313503, 3
94492, 3
324679, 3
649156, 3
272731, 3
339342, 3
202791, 3
497621, 3
419006, 3
413710, 3
175263, 3
417329, 3
261596, 3
453606, 3
274584, 3
121632, 3
419796, 3
111910, 3
435518, 3
445851, 3
90936, 2
296626, 2
647590, 3
95567, 3
359985, 3
206525, 3
209167, 3
637809, 3
247323, 3
76094, 3
365466, 3
422181, 3
519535, 3
56841, 3
493712, 3
278986, 3
416846, 3
161678, 3
285092, 3
120158, 3
251569, 3
163919, 3
628325, 3
508440, 3
126927, 3
311277, 3
306791, 3
144602, 3
7357, 3
368183, 3
59199, 3
208420, 3
597634, 3
518604, 3
116535, 3
23805, 3
204399, 3
511267, 2
223495, 3
75829, 3
624828, 3
162849, 3
239736, 3
335261, 3
232539, 3
657557, 3
295716, 3
227439, 3
383221, 3
564407, 3
571639, 3
215240, 3
438566, 3
659038, 3
645617, 3
57191, 3
631597, 3
472790, 3
330592, 3
109494, 3
279438, 3
98194, 3
363207, 3
537369, 3
146691, 3
339906, 3
66151, 3
139433, 3
189561, 3
557519, 3
250751, 3
408001, 3
140499, 3
113165, 3
252356, 3
231648, 3
475401, 2
30313, 3
289706, 3
140501, 3
50903, 3
600153, 3
208754, 3
584818, 3
15525, 3
224718, 1
250675, 3
458257, 3
341142, 3
635882, 3
270814, 3
592532, 3
11186, 3
600278, 2
512277, 3
95268, 3
529142, 3
133480, 3
661520, 3
577913, 3
447645, 3
165370, 3
579978, 3
358681, 3
108428, 3
33638, 3
130668, 3
322162, 3
165237, 3
526510, 3
209449, 3
583960, 3
399126, 3
103807, 3
99827, 3
440764, 1
98627, 3
28522, 3
77757, 3
86468, 3
217083, 3
65846, 3
190583, 3
617430, 3
15816, 3
306530, 3
387586, 3
624172, 3
575636, 3
144317, 3
269179, 3
655150, 3
393514, 1
323090, 3
18871, 3
574735, 3
246038, 2
620914, 3
522673, 3
551142, 3
656923, 3
614519, 3
377658, 3
526316, 3
539592, 3
37541, 3
500708, 3
260654, 1
453231, 2
417220, 3
265436, 3
317973, 3
65469, 3
63135, 2
333223, 3
57770, 3
142416, 3
406870, 3
380403, 3
599245, 3
484198, 3
218938, 3
342920, 3
152394, 3
192665, 1
665249, 3
548514, 3
400633, 3
534738, 3
190623, 3
221721, 3
51551, 3
275161, 3
98089, 3
204304, 3
300529, 3
34129, 3
595121, 3
434876, 3
236804, 3
487705, 3
204311, 3
583050, 3
631201, 3
588650, 3
107994, 3
633598, 3
494413, 3
197567, 3
298326, 3
39701, 3
630226, 3
425419, 3
400356, 3
572596, 3
645933, 3
86871, 3
595456, 3
316731, 3
183724, 3
16400, 2
104590, 3
607249, 3
553242, 3
12600, 3
26618, 3
373449, 3
227376, 3
619689, 3
449920, 3
394958, 3
221190, 3
468581, 3
342618, 3
397112, 3
661090, 3
378529, 3
565602, 3
81361, 3
98785, 3
416914, 3
390066, 3
301258, 3
412095, 3
175923, 3
206955, 3
100733, 3
597158, 3
228608, 3
255067, 3
271389, 3
320985, 3
619817, 3
19367, 3
377414, 3
597039, 3
168627, 3
309610, 3
123523, 3
606069, 3
210085, 3
256455, 2
349119, 3
448181, 3
466101, 3
149400, 3
599214, 3
110606, 3
148648, 3
659714, 2
307373, 3
650980, 3
525258, 3
128858, 3
546643, 3
319046, 2
134931, 3
4221, 3
375347, 3
339753, 3
315626, 3
251801, 2
339913, 1
607364, 3
313370, 3
195812, 3
426912, 3
506137, 3
613396, 3
7187, 3
109711, 3
406646, 3
107402, 3
434730, 3
394881, 3
493369, 3
488242, 2
125545, 3
271877, 3
31851, 3
515598, 3
525022, 3
503053, 3
43535, 3
157066, 3
241127, 3
655173, 3
505690, 3
368944, 3
285734, 3
440433, 3
128749, 3
654374, 3
649662, 3
207466, 3
571222, 3
312009, 3
439988, 3
292970, 3
192954, 3
156329, 3
211631, 3
577726, 3
166839, 3
262005, 3
651960, 3
71548, 3
103390, 3
239084, 3
178148, 3
595693, 2
239900, 3
141637, 3
128676, 3
551823, 3
388033, 3
134045, 3
339796, 3
626957, 3
13671, 3
299551, 3
199785, 3
300594, 3
292767, 3
461369, 3
447703, 3
42303, 3
105933, 3
618180, 3
63398, 3
81487, 3
620581, 3
582483, 3
285896, 3
626348, 3
523038, 3
211271, 3
607426, 3
450367, 3
211739, 3
564172, 2
602084, 3
139709, 3
9734, 3
45180, 3
540838, 3
543114, 3
410799, 3
127933, 3
28447, 3
56318, 3
2194, 3
124692, 3
340490, 3
487036, 3
232916, 3
433935, 2
214449, 3
426580, 3
91997, 3
392513, 3
344159, 3
319929, 3
520948, 3
222113, 3
438439, 3
143402, 3
285976, 3
85123, 3
172221, 3
387285, 3
34139, 3
498432, 3
94210, 3
205929, 3
259705, 3
168806, 3
245585, 3
581730, 3
181614, 3
572269, 3
329111, 3
582842, 3
164988, 3
589641, 3
262604, 3
581794, 3
527468, 3
143968, 3
320158, 3
330122, 3
14949, 3
481502, 3
435746, 3
167751, 3
81256, 3
190509, 3
214154, 3
630310, 3
46986, 3
407040, 3
332132, 3
188638, 3
614019, 3
646393, 3
22834, 1
200928, 1
338505, 3
432140, 3
146062, 3
315160, 3
596552, 3
601306, 3
571734, 3
564507, 2
251779, 3
600505, 3
399154, 3
38771, 3
65490, 3
560164, 3
156671, 3
230611, 3
266941, 3
656359, 2
38589, 3
304949, 3
637589, 3
304197, 3
267498, 3
311803, 3
652135, 3
624058, 3
297185, 3
370176, 3
616154, 3
581923, 3
361288, 3
648604, 3
652459, 3
32926, 2
647268, 3
105176, 3
50444, 1
589160, 3
661721, 3
211289, 3
329992, 3
498640, 3
197253, 3
645104, 3
562356, 3
38379, 3
596370, 3
587431, 3
28166, 3
31089, 3
269554, 3
323737, 3
375439, 3
27406, 3
321854, 3
42398, 3
637092, 3
128833, 3
523254, 1
237865, 3
505948, 3
190783, 3
111470, 3
651296, 3
347667, 3
656110, 3
644901, 3
241698, 2
167941, 3
129810, 3
585144, 2
233544, 3
115181, 3
443821, 3
51888, 3
524289, 3
269841, 3
314064, 3
363471, 3
397290, 3
370182, 3
270472, 3
597860, 3
492301, 3
70100, 3
386145, 3
271904, 3
106193, 3
369440, 3
559214, 3
99384, 3
579465, 3
298821, 3
393456, 3
379592, 3
552987, 3
211021, 3
192934, 3
255598, 3
48250, 3
64194, 3
134596, 3
406699, 3
178305, 3
294241, 3
378274, 3
287505, 3
204815, 3
75573, 3
253452, 3
213652, 3
213847, 3
615705, 3
476586, 1
517670, 3
11821, 3
336386, 3
618147, 3
292098, 3
622224, 3
223592, 3
193413, 3
76965, 3
260000, 3
31764, 3
164127, 3
491821, 3
604380, 2
57297, 3
143672, 3
305865, 3
661632, 3
294739, 3
208279, 3
606124, 3
290279, 3
419008, 3
52413, 3
426396, 3
112963, 3
323465, 3
655660, 3
409459, 3
178941, 3
217930, 3
400532, 3
425933, 3
63862, 3
108452, 3
472931, 3
279959, 3
178661, 3
355616, 3
317410, 3
358123, 3
577432, 3
109618, 3
387968, 3
91624, 3
497595, 3
509705, 3
194789, 3
624545, 3
444670, 3
43480, 2
410065, 3
71303, 3
490158, 3
581469, 3
456783, 3
224757, 3
341880, 3
256595, 3
350995, 3
521467, 3
379248, 3
121455, 3
425903, 3
299931, 3
372549, 3
17302, 3
254397, 3
150011, 1
182217, 3
361051, 3
479838, 3
172754, 3
508955, 3
69849, 3
363297, 3
209021, 3
328828, 3
37196, 3
144901, 2
261702, 3
517618, 3
197851, 3
174425, 3
13158, 3
128332, 3
328036, 3
232348, 3
385962, 3
347858, 3
522348, 3
327064, 3
360504, 3
212292, 3
31901, 3
189791, 3
21644, 3
520254, 3
240505, 3
372641, 3
235383, 3
258350, 3
594082, 3
660250, 3
243332, 3
63459, 3
470018, 3
616353, 3
531035, 3
619182, 3
243823, 3
390686, 3
18147, 3
594062, 3
532437, 3
529086, 3
50883, 3
492720, 3
393672, 3
543432, 3
177921, 3
53710, 3
37222, 3
511582, 3
263371, 3
328783, 3
521559, 3
572737, 3
542512, 3
447917, 3
586078, 3
90795, 3
654416, 3
420843, 3
84545, 3
181843, 3
42066, 3
601670, 3
591696, 3
619928, 3
212913, 3
599336, 3
656443, 1
352437, 3
4225, 3
305495, 3
489913, 3
506032, 3
394659, 3
209813, 3
49155, 3
519658, 3
25737, 3
495151, 3
497352, 3
226482, 3
474058, 3
113568, 3
298670, 3
239907, 3
543320, 3
511457, 3
121956, 3
108282, 3
489522, 3
250965, 3
470496, 3
603983, 3
448382, 2
613304, 3
250103, 3
14550, 3
554664, 3
547254, 3
85510, 3
470227, 3
281793, 3
400382, 3
660921, 3
565460, 3
202311, 3
627814, 3
543205, 3
485639, 3
143909, 3
195208, 3
590628, 3
663234, 3
19201, 3
379249, 3
547813, 3
422552, 3
83507, 3
58013, 3
29468, 3
334986, 3
186822, 3
173755, 3
185257, 3
305043, 3
342664, 3
483412, 3
127330, 3
517224, 3
201903, 3
559613, 3
326840, 3
216439, 3
515714, 3
440771, 3
169983, 3
52150, 3
496846, 3
70496, 3
582917, 3
418753, 3
245211, 3
289905, 3
658824, 3
385451, 3
72160, 3
8516, 3
101422, 3
432943, 3
457675, 3
521646, 3
550095, 3
446332, 3
297513, 3
439133, 3
528316, 3
134932, 3
261830, 3
283652, 3
260624, 3
175062, 3
496432, 3
135346, 3
160698, 3
97717, 3
202205, 3
230169, 3
22233, 3
44921, 3
108096, 3
18729, 3
315017, 3
583864, 3
194346, 3
663133, 3
331789, 3
658315, 3
276661, 3
525237, 3
134740, 3
163792, 3
282737, 3
219814, 3
231606, 3
135111, 3
476808, 3
460381, 3
424663, 2
155767, 3
332435, 3
515341, 3
423239, 3
300233, 3
186443, 2
274177, 3
403966, 3
44037, 3
121331, 3
234996, 3
562097, 3
589411, 3
164627, 3
472898, 3
489872, 2
215220, 3
479433, 3
146299, 3
545514, 3
85048, 3
144058, 3
166854, 3
359979, 3
397592, 3
238911, 3
413016, 3
5908, 3
124901, 3
585523, 3
39036, 3
155851, 3
215543, 3
470137, 3
216868, 3
658247, 3
124210, 3
437939, 3
556974, 3
72253, 3
492475, 3
172081, 3
362225, 3
392473, 3
88235, 3
145425, 3
514335, 3
23776, 3
138460, 3
463129, 3
40883, 3
218439, 3
226309, 2
634447, 1
130693, 3
398372, 3
451791, 3
139264, 3
442647, 3
580909, 3
59651, 3
310230, 3
430002, 3
339864, 3
114858, 3
423608, 3
660706, 3
154606, 3
515877, 3
480938, 3
531006, 3
362900, 3
582993, 3
35627, 3
657921, 3
8007, 3
625706, 3
355433, 3
263141, 3
420430, 3
192447, 1
230320, 3
176772, 3
515421, 3
575027, 3
103734, 3
432679, 2
376564, 3
509266, 2
191119, 3
454476, 3
27839, 3
466203, 3
591757, 3
221573, 3
176174, 3
289155, 3
425688, 3
353792, 3
326253, 3
627391, 3
283875, 3
534249, 3
207675, 3
629303, 3
388537, 3
404502, 3
386109, 3
430930, 3
586502, 3
128402, 3
593078, 3
486636, 3
103484, 3
460822, 3
333817, 3
293956, 3
614183, 2
7714, 3
50228, 3
406948, 3
406495, 3
20280, 3
662219, 3
519628, 3
63432, 3
609131, 3
196524, 3
239753, 3
408257, 3
403888, 3
157777, 3
427592, 3
465793, 3
594831, 3
481900, 3
573162, 3
534009, 3
635639, 3
224342, 3
182541, 3
32421, 3
47453, 3
579471, 3
14991, 1
285360, 3
551459, 3
437375, 3
452995, 3
183723, 3
336031, 3
579193, 3
326191, 3
272138, 3
130681, 3
215313, 3
43365, 3
308607, 3
154240, 3
530755, 3
360992, 3
421361, 3
59121, 3
210846, 3
603260, 3
78587, 3
328475, 3
402266, 3
356855, 3
393375, 3
457185, 3
137136, 3
548025, 3
580304, 3
232722, 3
183015, 3
242452, 3
77888, 3
56513, 3
215938, 3
195774, 3
537186, 3
146913, 3
437635, 3
660292, 2
469157, 3
481142, 2
445206, 3
658522, 3
332551, 3
258345, 3
112110, 3
430276, 3
365695, 3
631478, 3
91169, 3
79082, 3
138065, 3
60612, 3
508164, 3
436204, 3
40328, 3
172628, 3
172655, 3
156631, 3
567136, 3
551724, 3
538914, 3
322470, 3
219994, 3
172726, 3
5982, 3
144138, 3
338577, 3
620231, 3
47900, 3
185302, 3
612002, 3
599639, 3
656581, 3
115369, 3
508269, 3
608794, 3
115138, 3
612765, 3
332357, 3
368619, 3
237205, 3
233325, 3
367330, 3
356031, 3
444045, 3
664061, 3
166216, 3
484519, 3
312320, 2
604716, 1
381870, 3
583993, 3
426229, 3
69329, 3
339037, 3
23422, 3
591764, 3
407731, 3
349237, 3
103615, 3
642128, 3
535773, 3
381275, 3
651039, 3
269023, 3
330696, 3
87488, 3
11397, 3
575262, 3
258898, 3
187391, 3
204806, 3
568014, 3
317580, 3
158706, 3
195095, 3
246400, 3
507363, 3
210220, 2
206009, 3
43695, 3
205401, 3
121525, 3
43457, 3
345879, 1
468175, 3
579142, 3
643401, 3
262537, 3
513444, 3
24027, 3
179538, 2
208662, 3
280201, 3
424462, 3
492782, 3
515685, 3
216671, 3
368098, 3
5799, 3
663641, 3
558572, 3
378961, 3
263554, 3
446933, 2
221652, 3
22568, 3
485013, 3
412835, 3
66540, 3
532456, 3
314681, 3
194384, 3
229245, 3
597997, 3
558812, 3
66622, 3
601570, 3
403258, 3
255271, 3
56090, 3
23910, 3
569076, 3
300156, 3
543251, 3
234638, 3
384550, 3
64160, 3
134623, 3
160765, 3
610684, 3
161291, 3
68034, 3
394181, 3
250999, 3
302823, 3
465152, 3
322619, 3
315479, 3
156315, 3
43498, 3
555970, 3
581150, 3
83712, 3
603972, 3
622416, 3
184953, 3
191845, 3
483992, 3
36809, 2
502535, 3
152776, 3
301670, 3
366227, 3
52834, 3
593746, 3
229149, 3
382536, 3
644825, 3
279904, 3
337781, 2
280667, 3
391550, 3
478334, 3
213280, 3
620006, 3
47786, 3
194368, 3
654710, 3
37193, 3
369200, 3
286777, 3
645094, 3
71923, 3
587692, 3
466928, 3
608109, 3
134718, 3
217727, 3
250469, 3
425280, 2
541391, 3
397058, 3
470702, 3
82701, 3
70199, 3
200157, 3
608757, 3
390073, 1
148844, 3
429178, 3
288110, 3
253249, 3
278207, 3
367499, 3
436755, 3
275699, 3
433812, 3
38606, 3
354907, 3
579497, 3
181979, 3
528981, 2
562321, 3
584576, 3
8799, 3
414761, 3
553834, 3
479018, 3
111794, 3
513504, 3
509415, 3
643211, 3
425038, 3
483815, 3
655214, 3
87891, 3
201933, 3
459408, 3
379214, 3
41584, 3
632232, 3
309281, 3
588324, 3
386984, 3
320509, 3
170995, 3
20069, 3
286379, 3
66509, 3
197371, 3
29814, 3
317262, 3
74313, 3
274296, 3
340957, 3
116852, 3
225994, 3
178833, 3
270993, 3
16265, 3
499854, 3
395996, 3
331361, 3
324351, 3
219207, 3
293068, 3
166801, 3
435725, 3
442954, 3
401187, 3
652454, 3
203053, 3
154286, 3
262722, 2
479059, 1
519997, 3
574432, 2
599083, 3
165275, 3
547611, 3
567058, 3
582847, 3
8445, 3
396148, 2
97321, 3
631484, 3
26450, 3
37026, 3
276969, 3
129941, 3
307168, 3
608446, 3
610377, 3
347765, 3
583102, 3
583779, 3
71552, 3
349668, 3
168156, 3
82507, 3
156548, 3
577464, 3
380155, 3
457151, 3
418204, 3
502882, 3
323998, 3
454727, 3
546768, 3
505037, 3
89479, 3
96906, 3
8228, 3
262097, 3
171447, 3
368336, 3
444983, 2
206439, 3
511752, 3
297889, 3
318302, 3
518205, 3
128425, 3
481350, 3
638514, 3
147151, 3
259528, 3
110680, 3
590813, 3
405835, 3
460590, 3
110783, 3
381109, 3
19408, 3
570802, 3
299473, 2
315240, 3
196432, 3
549190, 3
104615, 3
651892, 3
441636, 3
526145, 3
286500, 3
550243, 3
365470, 3
238549, 3
295378, 2
622189, 3
430990, 2
69117, 3
344814, 3
125701, 3
433335, 3
556456, 3
522231, 3
259738, 3
596668, 3
621684, 3
527011, 3
81698, 3
424405, 3
412039, 3
235600, 3
401782, 3
214239, 3
180294, 3
505967, 3
569194, 3
249025, 3
95157, 3
349852, 3
601387, 3
493578, 3
279114, 3
125254, 3
216854, 1
474740, 3
398312, 3
512739, 3
54299, 3
79248, 3
177688, 3
466263, 1
623501, 3
516790, 3
314656, 3
224835, 3
458552, 3
466386, 3
184346, 3
564226, 3
468024, 3
75934, 3
125758, 3
155678, 3
147090, 3
116444, 3
316886, 3
389296, 3
387022, 3
282313, 3
625713, 3
665306, 1
268717, 3
273675, 3
613851, 3
42885, 3
659399, 3
141648, 3
598797, 3
413052, 3
442443, 3
255290, 3
141226, 3
159600, 3
440912, 3
485361, 3
110938, 3
279889, 3
2721, 3
429189, 2
157449, 3
116003, 3
431259, 3
507901, 3
403529, 3
658362, 3
409606, 3
137991, 3
299494, 3
199344, 2
282969, 3
212481, 3
184813, 3
215234, 3
85403, 3
236743, 3
109954, 3
26544, 3
118550, 3
224536, 3
520537, 3
405967, 3
225277, 3
174058, 3
453757, 3
41670, 3
585432, 3
101469, 2
126001, 3
270721, 3
553401, 3
245416, 3
472326, 3
466644, 3
178248, 3
441288, 3
78090, 3
396839, 3
592665, 3
524950, 3
74090, 3
257615, 3
539305, 3
324244, 3
660442, 3
333080, 3
447098, 3
485600, 3
130037, 3
632391, 3
192651, 2
168635, 3
483723, 3
531081, 3
412267, 3
22857, 3
607325, 3
84296, 3
364150, 3
140984, 3
318723, 3
174836, 3
71328, 3
265275, 3
494169, 3
182964, 3
480177, 3
405334, 3
386851, 3
109113, 3
45774, 3
353105, 3
37559, 3
349476, 3
314911, 3
437542, 3
451145, 3
326695, 3
573693, 3
448867, 2
49031, 3
103321, 3
339560, 3
178959, 3
663104, 3
401378, 3
250305, 3
504246, 3
466054, 3
658765, 3
382143, 3
655849, 3
73294, 3
131852, 3
373335, 3
155421, 3
69033, 3
111292, 3
153074, 3
564763, 2
162525, 3
273992, 3
535694, 3
3215, 3
108117, 3
593566, 3
353028, 3
588107, 3
110958, 2
392679, 3
154187, 3
338937, 3
310775, 3
405534, 3
470002, 3
524433, 3
86606, 3
400321, 3
40439, 1
663, 3
492919, 3
282095, 3
644922, 3
213486, 3
494834, 3
183721, 2
226844, 3
111499, 3
399455, 3
278536, 3
612780, 3
403019, 3
610276, 3
605973, 3
495809, 3
177407, 3
580395, 3
215254, 3
412430, 3
608013, 3
643444, 3
70831, 3
459037, 3
153750, 3
483394, 3
532470, 3
134903, 3
616028, 3
114609, 3
117909, 3
564008, 3
43950, 3
457610, 3
71550, 3
590963, 3
96292, 3
239918, 3
387636, 3
40056, 3
223582, 3
539747, 3
518578, 3
298916, 3
392280, 1
156675, 3
175683, 3
87046, 3
177482, 3
121010, 3
13612, 3
92023, 3
317756, 3
258134, 3
302318, 3
578382, 3
550825, 3
641902, 3
547075, 3
201584, 3
412173, 3
403307, 3
195765, 3
603807, 3
99496, 3
332596, 3
560895, 3
360535, 3
241561, 3
536149, 3
318859, 3
233554, 3
433482, 3
625268, 3
560632, 2
245897, 3
118454, 3
285927, 3
143262, 3
537806, 3
644437, 3
648504, 3
497545, 3
396250, 3
37294, 3
251022, 3
652635, 3
48788, 3
132436, 3
639998, 3
183531, 3
173136, 3
78340, 3
649863, 3
401600, 3
71919, 3
358807, 3
665168, 3
599611, 3
333573, 3
602649, 3
418289, 3
545186, 3
2917, 3
379023, 3
8855, 3
244426, 3
103199, 3
228531, 1
618570, 3
515846, 3
618430, 3
660621, 3
153055, 3
168779, 3
382491, 3
648145, 3
143621, 3
121365, 3
341399, 3
488955, 3
620402, 3
116636, 3
137228, 2
55682, 3
492695, 3
280463, 3
111629, 3
562784, 3
299002, 3
273142, 3
158120, 3
414883, 3
334468, 3
488014, 3
198610, 3
607312, 3
442603, 3
233581, 3
551066, 3
141401, 3
544399, 3
258127, 3
343332, 3
12345, 3
97111, 3
457673, 3
94787, 3
451183, 2
353663, 3
175504, 3
645063, 3
140912, 3
31321, 3
433157, 3
212022, 3
75732, 3
287698, 3
614194, 2
568010, 3
302574, 3
643248, 3
527575, 3
483317, 3
227621, 3
175678, 3
564404, 3
371568, 3
540187, 3
340940, 3
150550, 3
3354, 3
616684, 3
233629, 3
32628, 3
379388, 3
426326, 3
127929, 3
416124, 3
367583, 3
241759, 3
401851, 3
8629, 3
353865, 3
339289, 3
363594, 3
185446, 3
429927, 3
317418, 3
446459, 3
604893, 3
322525, 3
393352, 1
221270, 3
30123, 3
18376, 3
258966, 3
105927, 3
452467, 3
217997, 3
270854, 3
87739, 3
136332, 3
518682, 3
163705, 3
21619, 3
619832, 3
39365, 3
223086, 3
470408, 1
212768, 3
450949, 3
382583, 3
268908, 3
290023, 3
141943, 3
350064, 3
616186, 3
285620, 3
200165, 3
357085, 3
314899, 3
404889, 3
425545, 3
209561, 3
560688, 3
411356, 3
318337, 3
609659, 3
500447, 3
641017, 2
358192, 3
207672, 3
296983, 3
661166, 3
228362, 3
230821, 3
638405, 3
390961, 3
347431, 3
10502, 3
163380, 3
1212, 3
494172, 3
619373, 3
3628, 3
621752, 3
188163, 1
567189, 3
1522, 3
605392, 3
64440, 3
43404, 3
514285, 3
511333, 3
611312, 3
234535, 1
130388, 3
79624, 3
286925, 3
68144, 3
433726, 3
543063, 3
487275, 3
265473, 3
578606, 3
51382, 2
160593, 3
275388, 3
526304, 3
531602, 3
308361, 3
177546, 2
143376, 1
589258, 3
585762, 3
449724, 3
154428, 3
221672, 3
7295, 3
173397, 3
480766, 3
467269, 3
599052, 3
126580, 3
274626, 3
339299, 3
313136, 3
180883, 3
428807, 3
332482, 3
531074, 3
100043, 3
14486, 3
461838, 3
20877, 3
180470, 2
348107, 3
594384, 3
440201, 3
40484, 3
538237, 3
319633, 3
400893, 3
272882, 3
291482, 3
551855, 3
487501, 3
205887, 3
192524, 1
343450, 3
128767, 3
519143, 3
189606, 3
176331, 3
56049, 3
13886, 3
246147, 3
539652, 3
262368, 2
84307, 3
7737, 3
297936, 3
272234, 3
638837, 3
149912, 3
129605, 3
455571, 3
450876, 2
475240, 3
175160, 3
133820, 3
218452, 3
38954, 3
360756, 3
74052, 3
305757, 3
580648, 3
434204, 3
387209, 3
459339, 3
370743, 3
390548, 3
51251, 3
575187, 3
494675, 3
604749, 3
419589, 3
340638, 2
465271, 3
62376, 3
599459, 3
619916, 3
206905, 3
221326, 3
112284, 3
513356, 3
69850, 3
295387, 3
201784, 3
277636, 3
567744, 3
311270, 3
76442, 3
74852, 3
139379, 3
272615, 3
323320, 3
217614, 3
52617, 3
503685, 3
322409, 3
467251, 3
251317, 3
138911, 1
575485, 3
133632, 3
116606, 3
212408, 2
9035, 3
327261, 3
625118, 3
175029, 3
381450, 3
119938, 3
474806, 3
200028, 3
423349, 3
557962, 3
430075, 3
504440, 3
410377, 3
616035, 3
199009, 3
188858, 3
254795, 3
224209, 3
587233, 3
257607, 3
622776, 3
535605, 3
447520, 3
524175, 3
246255, 3
454859, 3
497623, 3
606912, 3
627245, 3
583267, 3
480946, 3
653677, 3
327648, 3
9081, 3
174327, 3
72600, 1
661133, 3
23570, 3
234176, 3
663173, 3
561842, 3
563552, 3
335651, 3
661687, 3
164933, 3
448801, 3
236855, 3
228452, 3
40595, 3
312521, 3
599708, 3
388534, 3
365741, 3
183433, 2
48386, 3
240990, 3
345515, 3
219053, 3
392956, 3
252870, 3
557663, 3
334424, 3
466994, 3
182976, 3
30769, 3
279129, 3
425004, 3
355705, 3
202751, 3
389417, 3
10576, 3
178904, 3
420621, 3
616119, 3
179497, 3
346538, 3
333563, 3
28358, 3
615967, 2
543190, 2
366295, 3
634392, 3
158135, 3
32686, 3
498380, 3
624703, 3
501897, 3
42553, 3
401400, 3
539946, 3
558545, 3
318333, 3
520411, 3
414038, 3
545664, 3
315004, 3
256229, 3
11757, 3
356491, 3
652507, 3
604263, 3
481013, 3
119299, 3
205480, 3
641707, 3
39436, 3
257791, 3
21296, 3
554622, 3
634472, 3
210900, 3
355869, 3
83873, 3
386805, 3
175636, 3
262255, 2
181438, 3
367707, 3
576095, 1
83714, 3
206880, 3
614254, 3
527258, 3
632873, 3
329549, 3
47720, 3
247995, 3
451076, 2
643266, 3
287159, 3
273557, 3
190716, 3
631405, 3
362413, 3
265117, 3
157775, 3
505881, 3
209321, 3
1505, 3
317961, 3
526360, 3
52091, 3
343638, 3
580095, 2
640710, 3
249213, 3
144334, 3
99718, 3
617280, 3
190026, 3
170393, 3
32994, 3
529546, 2
252063, 3
63383, 3
204362, 3
104554, 3
525469, 3
28985, 3
300725, 3
656299, 3
72806, 3
133354, 3
17564, 3
266403, 3
165332, 3
451801, 3
422614, 3
135469, 3
118541, 3
273352, 3
292795, 3
132479, 3
479609, 3
88582, 3
393953, 3
109058, 3
178034, 3
78892, 3
551734, 3
173613, 3
52040, 3
305832, 3
604916, 3
176191, 3
76734, 3
198268, 3
622358, 3
79115, 3
332298, 3
502478, 3
107992, 3
629277, 1
500674, 3
192293, 3
220039, 3
450368, 3
499152, 3
192141, 3
196689, 3
572585, 3
665406, 3
395493, 2
10396, 3
198218, 3
68820, 3
161323, 3
414829, 3
510262, 3
563074, 3
163763, 3
184060, 3
609561, 3
638996, 3
394683, 3
186695, 3
56397, 3
290765, 3
646216, 3
191162, 3
586964, 3
564402, 3
339993, 2
479287, 3
207985, 3
140565, 3
552274, 3
435519, 3
389761, 3
624406, 3
347423, 3
443345, 3
1431, 3
365875, 2
257264, 3
201996, 3
171988, 3
68898, 1
282719, 3
126729, 3
257520, 3
43368, 3
249338, 3
143683, 3
558022, 3
659751, 3
214775, 3
488136, 3
517112, 3
385959, 3
527743, 2
424039, 3
142147, 3
300797, 3
599405, 3
61882, 3
333706, 3
460941, 3
136632, 3
223379, 3
39501, 3
195018, 3
300503, 3
554642, 3
47343, 3
225523, 3
40204, 3
231391, 3
485843, 3
373341, 3
376612, 3
274963, 3
430422, 3
237732, 3
58023, 3
313800, 3
620885, 3
465950, 2
630966, 3
102797, 3
174752, 3
84579, 3
241263, 3
354983, 3
29622, 3
344556, 3
381924, 3
46799, 3
127183, 3
619895, 3
606704, 3
165144, 3
554738, 3
524558, 3
34947, 3
327843, 3
383384, 3
521584, 3
585935, 3
404955, 3
231634, 3
264335, 3
73049, 3
263698, 3
317891, 3
458794, 3
110126, 3
385545, 1
483700, 3
199803, 2
353569, 3
379729, 3
103214, 3
212597, 3
307971, 3
553000, 3
155841, 3
137583, 3
487812, 3
158111, 3
514224, 2
417965, 3
78403, 3
530096, 1
292902, 3
585779, 2
221811, 3
358650, 3
129302, 3
622360, 3
489715, 2
85215, 3
247649, 3
475134, 1
464341, 3
223795, 3
434425, 3
447736, 3
597701, 3
222957, 3
5079, 3
556324, 3
213232, 3
543809, 3
19141, 3
8530, 3
80390, 3
389926, 3
309488, 3
397802, 3
642008, 3
76066, 3
575494, 3
172169, 3
204702, 3
443936, 3
566121, 3
148481, 3
100237, 3
435635, 3
364497, 3
75920, 3
170701, 3
345163, 3
423130, 3
650865, 3
483899, 3
647454, 3
467966, 3
501, 3
243557, 3
130266, 3
383834, 3
318640, 2
325672, 3
260051, 3
607126, 3
511712, 3
542311, 3
616142, 3
326568, 3
349035, 3
452859, 3
218345, 3
486273, 3
201279, 3
41807, 3
274495, 3
45338, 3
95357, 3
617001, 3
588983, 3
396762, 3
42675, 3
331842, 3
412022, 3
654340, 3
562429, 3
162293, 3
562206, 3
398606, 3
107952, 2
498654, 3
37057, 3
634830, 3
59400, 3
13583, 3
214568, 3
626907, 3
662101, 3
427228, 3
374786, 3
327197, 3
560886, 3
541746, 3
314944, 3
629774, 3
146190, 3
539840, 3
22833, 3
428079, 3
212889, 3
462688, 3
582052, 3
386920, 3
141130, 1
377614, 3
365604, 3
36736, 2
352318, 3
413099, 3
109377, 3
513308, 3
490941, 3
414478, 3
512413, 3
114103, 3
273243, 3
177847, 3
593094, 3
40600, 3
557161, 3
338441, 3
132029, 3
523024, 3
535907, 3
431574, 3
305926, 3
592896, 3
650156, 3
333678, 3
641669, 3
598537, 3
358406, 3
177184, 3
254000, 3
396176, 3
206173, 3
458816, 3
77778, 3
442962, 3
314651, 3
203332, 3
145581, 3
86930, 3
561677, 3
434013, 3
132343, 3
425404, 3
17840, 3
501045, 3
398691, 3
627032, 3
133100, 3
212295, 3
374005, 3
441040, 3
168580, 3
532100, 3
631880, 3
412184, 3
400399, 3
416314, 3
617487, 3
277343, 3
624073, 3
490321, 3
157950, 3
192008, 1
522604, 3
665169, 2
192052, 3
162077, 3
569212, 3
215770, 3
304745, 3
516460, 3
79386, 3
494301, 3
492124, 3
453506, 3
19204, 3
72875, 3
178249, 3
373612, 3
216650, 3
340712, 3
91165, 3
285108, 3
101975, 3
166385, 3
284388, 3
523731, 3
203766, 3
63406, 3
379291, 3
529926, 1
584980, 3
316067, 3
615717, 3
503115, 3
337348, 3
267081, 3
598192, 3
191920, 3
337242, 3
153166, 3
582673, 3
41325, 3
493899, 3
583205, 3
128799, 3
172786, 3
578996, 3
332364, 3
21798, 3
313256, 3
300637, 3
333040, 3
311127, 3
127025, 3
169778, 3
308913, 3
408139, 3
31382, 3
467688, 3
389366, 3
463306, 3
35918, 3
138885, 3
473411, 3
334026, 3
574924, 3
525091, 3
463030, 3
410086, 3
191005, 3
593859, 3
622449, 3
114635, 3
157377, 3
11040, 3
178242, 3
177877, 3
617415, 3
565232, 2
549338, 3
212161, 3
490931, 3
163606, 3
162997, 3
604311, 3
594555, 3
428302, 3
172047, 3
271633, 3
177945, 1
368834, 3
620462, 3
519505, 3
76775, 3
198584, 3
544927, 3
402206, 3
357613, 3
158912, 3
525454, 3
647158, 3
479201, 3
22426, 3
220295, 3
124935, 3
416033, 3
417637, 3
616735, 3
122654, 3
407366, 3
114226, 3
321538, 3
84776, 3
629537, 3
451237, 3
431053, 3
187172, 3
130199, 3
193575, 3
651394, 3
7024, 3
87311, 3
434218, 3
280172, 3
94137, 3
602683, 3
260145, 3
331133, 3
75180, 3
4293, 3
121950, 3
512602, 3
97399, 3
521156, 3
16312, 3
253744, 3
333028, 3
360156, 3
401017, 3
305716, 3
446442, 3
367150, 3
320909, 2
117652, 3
384724, 3
339059, 3
553046, 3
218911, 3
443221, 3
365868, 3
486706, 3
529964, 3
3151, 3
388123, 3
444434, 3
563884, 3
605713, 2
176987, 3
293856, 3
202921, 3
337161, 3
343358, 3
433087, 3
113405, 3
599636, 3
248108, 3
391456, 3
358325, 2
1309, 3
550083, 3
534405, 3
580827, 3
421758, 3
409518, 3
630945, 3
215268, 3
534961, 3
128113, 3
249184, 3
437362, 3
231243, 3
151666, 3
332241, 3
12923, 3
46162, 3
648738, 3
323281, 3
418981, 3
386700, 3
182262, 3
637927, 3
527589, 3
660660, 3
107891, 3
441812, 3
336512, 3
607911, 3
193551, 3
297554, 3
222224, 3
615605, 3
183568, 3
283215, 3
5812, 3
566757, 3
510367, 3
48277, 3
657663, 3
622751, 3
563882, 2
647494, 3
34250, 3
117282, 3
117267, 3
41148, 3
481692, 3
640202, 3
663295, 3
360551, 3
609536, 3
624124, 3
167353, 3
462268, 3
645046, 3
351177, 3
297666, 3
351650, 3
435315, 3
396838, 3
116232, 3
566196, 3
649652, 3
248426, 3
6832, 3
129579, 3
290720, 3
211925, 3
92569, 3
204862, 3
294245, 3
287774, 3
59128, 3
239347, 3
609461, 1
187426, 3
361700, 3
13123, 3
54469, 3
76957, 3
100913, 3
618450, 3
486841, 3
499508, 3
423029, 3
367308, 3
429151, 3
194159, 3
220579, 3
538841, 3
353458, 3
564533, 3
533344, 3
488897, 3
81484, 3
367796, 3
176468, 3
413932, 3
610302, 3
44580, 3
81860, 3
444902, 3
174094, 3
243839, 3
662564, 3
77227, 3
537850, 3
298995, 3
397949, 3
475265, 3
27894, 3
117534, 3
563625, 3
512856, 3
281522, 3
171415, 3
147091, 3
273882, 3
584860, 3
530916, 3
112840, 3
458201, 3
246330, 2
55796, 3
78412, 3
191135, 1
358784, 1
422478, 3
542576, 3
398103, 3
441407, 3
190327, 3
125516, 3
644118, 3
130574, 2
545093, 3
493727, 3
634620, 3
156847, 3
549259, 3
553760, 3
21820, 3
86524, 3
553740, 3
327141, 3
502417, 3
168558, 3
60754, 3
272753, 3
419845, 3
569657, 3
39124, 3
114178, 3
60556, 3
106586, 3
562018, 2
63681, 3
380695, 3
294351, 3
355983, 3
402145, 3
650839, 3
165723, 3
571483, 3
176301, 3
587367, 3
181960, 3
17980, 3
396648, 3
477527, 3
566806, 3
457157, 3
396804, 2
467069, 3
142715, 3
488588, 3
323771, 3
250557, 3
373802, 3
373262, 3
568669, 3
280458, 3
372836, 3
553491, 3
268553, 3
474711, 2
477533, 3
231492, 3
426654, 2
213282, 3
318761, 2
35514, 3
523429, 3
46468, 3
168917, 3
308929, 3
594485, 3
65142, 3
347448, 3
441538, 3
67332, 3
363392, 3
171225, 3
388185, 3
288641, 3
337857, 1
536317, 3
654364, 2
558561, 3
525668, 3
595406, 3
596010, 2
98370, 3
454810, 3
547655, 3
291881, 3
371157, 3
96184, 3
249284, 3
158296, 3
238777, 3
628088, 3
569119, 3
108098, 3
378415, 3
173612, 3
612085, 3
32912, 3
456198, 3
142648, 3
387777, 3
342307, 3
507443, 3
383149, 3
60377, 3
393235, 3
171634, 3
264087, 3
409096, 3
571663, 3
118612, 3
261458, 3
269390, 3
630986, 3
240350, 3
136952, 3
38378, 3
653382, 3
57926, 2
473466, 3
245208, 3
112717, 3
141349, 3
278632, 3
60932, 3
175523, 3
408013, 3
626964, 3
323702, 3
105393, 2
14839, 3
123152, 3
592094, 3
618609, 3
192369, 3
50358, 3
93163, 3
487342, 3
615658, 3
430537, 3
495637, 3
583091, 3
18228, 3
517213, 3
62654, 3
421657, 3
511668, 3
619806, 3
430433, 3
594800, 3
78693, 3
294129, 3
139023, 3
505233, 3
157392, 3
220876, 3
583451, 3
591694, 3
587959, 3
367526, 3
173440, 3
103186, 3
493996, 3
214996, 3
433488, 3
660282, 3
267756, 2
216152, 1
480812, 3
256234, 3
523296, 3
105901, 3
540449, 3
69877, 2
35172, 3
110292, 3
343599, 3
616120, 3
10645, 3
332727, 3
345419, 3
501926, 3
624131, 3
72163, 3
134136, 3
498124, 3
443212, 3
519806, 3
404116, 3
417008, 3
399663, 3
26161, 3
522115, 3
288797, 3
169064, 3
571379, 3
466898, 1
579355, 3
224525, 3
633435, 3
159275, 3
256833, 3
448023, 3
8474, 3
599485, 3
453076, 3
638774, 3
210568, 3
354061, 3
129014, 3
253673, 3
428361, 3
213589, 3
442240, 3
299171, 3
473751, 3
609745, 3
237872, 3
192082, 3
209590, 3
420982, 3
286548, 3
234236, 3
268279, 3
311482, 3
310877, 3
368872, 3
220238, 3
509246, 3
173556, 3
484184, 3
411662, 3
438841, 3
333217, 3
230530, 3
343874, 3
648793, 3
186236, 1
407843, 3
213642, 3
424045, 3
491130, 3
164697, 3
262019, 3
656958, 3
283852, 3
39586, 2
174941, 3
275514, 3
602780, 3
334019, 3
443555, 3
304104, 3
241605, 3
619171, 3
640887, 3
572638, 3
505267, 3
547622, 3
249455, 3
102182, 3
110195, 3
657745, 3
511610, 3
24149, 3
558735, 3
236243, 3
426242, 3
32244, 3
49629, 3
648007, 3
533940, 3
3671, 3
549122, 3
24170, 3
307202, 3
379311, 3
128581, 3
389089, 2
39730, 3
469941, 3
502735, 3
233984, 3
25853, 3
34366, 3
652630, 3
592488, 3
435172, 3
355756, 3
587729, 3
293577, 3
588930, 3
146108, 3
644888, 1
59679, 3
221959, 3
364805, 3
314130, 3
108671, 3
522525, 3
358492, 2
347101, 3
219036, 3
116689, 3
486455, 3
198338, 3
535498, 3
464179, 3
243396, 3
180005, 3
614132, 3
583931, 3
37899, 3
613011, 3
361954, 3
630255, 3
75517, 3
107798, 3
184151, 3
488272, 3
312328, 3
267991, 2
75004, 3
590194, 3
24906, 3
448937, 3
128115, 2
182388, 3
179533, 3
621179, 3
206356, 3
194283, 3
487823, 3
342290, 3
531228, 3
660760, 3
214618, 3
555528, 3
25089, 3
412206, 3
347946, 3
518471, 3
607331, 3
239743, 3
650211, 3
313564, 3
168097, 3
599156, 3
387255, 3
459799, 3
68535, 3
94893, 3
435193, 3
91008, 3
431618, 3
268350, 2
274679, 3
296724, 3
114534, 3
644787, 3
593758, 3
256056, 3
656467, 3
124099, 3
85659, 3
476434, 2
426447, 3
528211, 3
131090, 3
621824, 3
247339, 3
582434, 2
331933, 3
164475, 3
492017, 3
425217, 3
388100, 3
277364, 3
555358, 3
381549, 3
152909, 3
391918, 3
575287, 3
69771, 3
141386, 3
505431, 3
589865, 3
193294, 3
204689, 3
130776, 3
616263, 3
288908, 3
532814, 3
628364, 3
401916, 3
225915, 3
349875, 3
406820, 3
132477, 3
642454, 3
53995, 3
112585, 3
379527, 3
412138, 3
15331, 3
62531, 3
432183, 3
37476, 3
464924, 3
290808, 3
258819, 3
17531, 3
509343, 2
286696, 3
629181, 3
522633, 2
222620, 3
308703, 3
85237, 3
82284, 3
317906, 3
63649, 2
528319, 3
327547, 3
297419, 3
566034, 3
260260, 3
609860, 3
13646, 3
485598, 3
10719, 3
639756, 3
574155, 3
500071, 2
305045, 3
584704, 3
340380, 3
116561, 3
73033, 3
402250, 3
221165, 3
312611, 1
313389, 3
62120, 3
122045, 3
619595, 3
8492, 3
121120, 3
618975, 3
124247, 3
342526, 3
241004, 3
438489, 1
503589, 3
39996, 3
260096, 3
366763, 3
363329, 3
517861, 3
278310, 3
567068, 3
496687, 3
49093, 3
71161, 3
48265, 2
244573, 3
577163, 3
18027, 2
543749, 3
378718, 1
18216, 3
428975, 2
141994, 2
335796, 1
256579, 3
31809, 3
159420, 3
397198, 3
474990, 3
513443, 2
368091, 3
96972, 3
77435, 3
479397, 3
82903, 3
589267, 3
611685, 3
622957, 3
407227, 3
310120, 2
307892, 3
544853, 3
203035, 3
375654, 3
613734, 3
552581, 3
213380, 3
384855, 3
510666, 3
333772, 3
333544, 3
273100, 3
13137, 3
592700, 3
208993, 3
328295, 3
512961, 3
30245, 3
30056, 3
120556, 3
350798, 3
441413, 2
263875, 3
409757, 3
472537, 3
140979, 3
67613, 3
529304, 3
273490, 3
453624, 3
22220, 3
184385, 3
300075, 3
553523, 3
295142, 3
17106, 3
449671, 3
411829, 3
440672, 3
419511, 3
182632, 3
554428, 3
158343, 3
404988, 3
473901, 3
253348, 3
566890, 1
33037, 3
659368, 3
523926, 3
153381, 3
188781, 3
223947, 3
195388, 3
252573, 3
279939, 3
645342, 3
79640, 3
433716, 3
7154, 3
595343, 2
640168, 3
143971, 3
654575, 3
564767, 3
233952, 3
1858, 3
240859, 3
218204, 3
295814, 1
576382, 3
248479, 3
653999, 2
201679, 3
427739, 3
339470, 3
7428, 3
651880, 3
265917, 3
543375, 3
181516, 3
607816, 3
229647, 3
506157, 3
290000, 3
205433, 3
557222, 3
281975, 3
377673, 3
62880, 3
651448, 3
26691, 3
244894, 3
157083, 3
232322, 3
74391, 3
539475, 3
338527, 3
121745, 3
560689, 3
301489, 3
104149, 3
475965, 3
352321, 3
234682, 3
317458, 3
491230, 3
233939, 3
62857, 3
73648, 3
82590, 3
304089, 3
40833, 3
291682, 3
96268, 3
448950, 3
170924, 3
549204, 3
16613, 3
542849, 3
622443, 3
446074, 3
180640, 3
317445, 1
356055, 3
432604, 3
395885, 3
645536, 3
173567, 3
597830, 3
628357, 3
473015, 3
377427, 3
23539, 3
599097, 3
215824, 3
313740, 3
230256, 3
29662, 3
9018, 3
228430, 3
249084, 3
54319, 3
405177, 3
415877, 3
578236, 3
94355, 3
2751, 3
78797, 3
519250, 3
164518, 3
247550, 3
454730, 3
47991, 3
314905, 3
29431, 3
193555, 2
355671, 3
467411, 3
39220, 3
122438, 3
617840, 3
398461, 3
169843, 3
575305, 3
208718, 3
122708, 3
404400, 3
491466, 3
369479, 3
380581, 3
413452, 3
125570, 3
572200, 3
366997, 3
449095, 3
315895, 3
654470, 3
266244, 3
186320, 3
469476, 3
412060, 3
402058, 3
318463, 3
71003, 3
607489, 3
376068, 3
342408, 3
161184, 3
616080, 3
313662, 3
284101, 3
383850, 3
225522, 3
16007, 3
620764, 3
523437, 3
334765, 3
242348, 3
503535, 3
189625, 3
574417, 2
533751, 3
390819, 3
263008, 3
176114, 3
659953, 3
602502, 3
275000, 3
490015, 2
599426, 3
512017, 3
657350, 3
348706, 3
220691, 3
600920, 3
515579, 3
243455, 3
344921, 3
460661, 3
569943, 3
184415, 3
471971, 3
657403, 3
412133, 3
162277, 3
596322, 3
300713, 3
557702, 3
601989, 3
444306, 3
578191, 3
179456, 3
238941, 3
26201, 3
300460, 3
158899, 3
385540, 3
473393, 3
312806, 3
380505, 3
507475, 3
531061, 3
393890, 3
574275, 1
65561, 3
168195, 3
300087, 3
569773, 3
593245, 3
40088, 3
57682, 3
189842, 3
567905, 3
163159, 3
112067, 3
604623, 3
418390, 3
449620, 3
327792, 3
81543, 3
591573, 3
179226, 3
243596, 3
100395, 3
649205, 3
151335, 3
83151, 2
323548, 3
28979, 3
561516, 3
89094, 3
39055, 3
358273, 3
200800, 3
525217, 3
364931, 3
80453, 3
642877, 3
423203, 3
264260, 3
247486, 3
185971, 3
259312, 3
438146, 3
627547, 3
195420, 3
524254, 3
467377, 3
184209, 3
356625, 3
618234, 3
38351, 3
557993, 1
372415, 3
106810, 3
44186, 3
1777, 3
268587, 3
452046, 2
473698, 3
5991, 3
645606, 3
440858, 3
654307, 3
32538, 3
385426, 2
596337, 3
374311, 3
588063, 3
141827, 3
235833, 3
548231, 2
474631, 3
565262, 3
484333, 3
180326, 3
325380, 3
177590, 3
161056, 3
376542, 3
450148, 3
87176, 1
496536, 3
568030, 3
618225, 3
577863, 3
106290, 3
317311, 3
343665, 3
502572, 3
565195, 3
328869, 3
556820, 3
99630, 3
139652, 2
330572, 3
83028, 3
499259, 3
501164, 3
407736, 3
59441, 3
239688, 3
202809, 3
548042, 3
278523, 3
254915, 3
59693, 3
511864, 3
580486, 3
437211, 3
298529, 3
170814, 3
83422, 3
154239, 3
353892, 3
637103, 3
450413, 3
404182, 3
609166, 3
577754, 3
357331, 3
14376, 3
435203, 3
546335, 3
245037, 3
376535, 3
116128, 3
354184, 3
55995, 3
472990, 3
74472, 3
82019, 2
330133, 3
518627, 3
9686, 3
339739, 1
59748, 3
505360, 3
244947, 3
245644, 3
160828, 3
404928, 3
429612, 2
522527, 3
478710, 3
510025, 3
477836, 3
471513, 3
570843, 3
214079, 3
32053, 3
475351, 3
598605, 3
527451, 3
149003, 3
80134, 3
269315, 3
637783, 3
505618, 3
273982, 3
353405, 3
198624, 3
605980, 3
367254, 3
64842, 3
505346, 3
232404, 3
588765, 3
494464, 3
544689, 3
608012, 3
420234, 3
246052, 3
274274, 3
50596, 3
274312, 3
66451, 3
569202, 3
625034, 3
57229, 3
326487, 3
75344, 3
534595, 3
640972, 3
514184, 3
541515, 3
537392, 3
393598, 1
446190, 3
102960, 3
190127, 3
29137, 3
334852, 3
6709, 3
82911, 3
371132, 3
343945, 3
94948, 3
537825, 3
399229, 3
515328, 3
308242, 3
605254, 3
112896, 3
639155, 3
220153, 3
657829, 3
229587, 3
212655, 3
255554, 3
637642, 3
259805, 3
233263, 3
359583, 3
497113, 2
167604, 3
110983, 3
547728, 3
144215, 3
122557, 3
504849, 3
423985, 3
311908, 3
174114, 3
422773, 3
644126, 3
184161, 3
166358, 3
565286, 3
140498, 3
55840, 3
362299, 3
597420, 3
219413, 3
422343, 3
319877, 3
620842, 3
615378, 3
601175, 3
280503, 3
56129, 3
117225, 3
466036, 3
605249, 3
283439, 3
177179, 3
507614, 3
165510, 3
106670, 3
538989, 3
564904, 3
528267, 3
409154, 3
577177, 3
594513, 3
457982, 3
540210, 3
384604, 3
11530, 3
266038, 3
609552, 3
339865, 1
43462, 3
110939, 3
373522, 3
616381, 3
387162, 3
353002, 1
367645, 3
503235, 3
661282, 3
2307, 3
601582, 3
468310, 3
253923, 3
161957, 3
343086, 3
268563, 2
38638, 3
529487, 3
479514, 3
270414, 3
557298, 3
654146, 3
214636, 3
600792, 2
401447, 3
589016, 3
657471, 3
646811, 3
556158, 3
352334, 3
222816, 3
176763, 3
617989, 3
365390, 3
443036, 3
448433, 3
447496, 3
623366, 2
638511, 3
10850, 3
393371, 3
144098, 3
416550, 3
161533, 3
528584, 3
468261, 3
208423, 3
109439, 3
610813, 3
361376, 3
136996, 3
630985, 3
365261, 3
519487, 3
592570, 3
238423, 3
149461, 3
220222, 3
104116, 3
492572, 3
261248, 3
518105, 3
631245, 3
212939, 3
291427, 3
296115, 3
131026, 3
417397, 3
424598, 3
490284, 3
335254, 3
38200, 3
635506, 3
85153, 3
110254, 3
621216, 3
602814, 3
387130, 3
633511, 3
27341, 3
46835, 3
98666, 3
63210, 3
286964, 3
487102, 3
296623, 3
360926, 3
353575, 3
102123, 3
351804, 3
110386, 3
516646, 3
582803, 3
197363, 3
423858, 3
151165, 3
162796, 3
545544, 3
12539, 3
330845, 1
245253, 3
343473, 3
443755, 3
48899, 3
40879, 3
69863, 3
330042, 3
34429, 3
652911, 3
362328, 3
172850, 3
572987, 3
168380, 3
360279, 3
358111, 3
382344, 3
637480, 3
582904, 3
564795, 3
485071, 3
283106, 3
140314, 3
85989, 3
473593, 3
586346, 3
38032, 3
332196, 3
309530, 3
309146, 3
461312, 3
438678, 3
94725, 3
401797, 3
292454, 3
132923, 3
231759, 3
358877, 3
249709, 3
565811, 3
532945, 3
180654, 3
143212, 3
552493, 3
292859, 3
186613, 3
213553, 3
484275, 3
467848, 3
563609, 3
417458, 3
274258, 3
399134, 3
322006, 2
580496, 3
654245, 3
170125, 3
354076, 3
548504, 3
141529, 3
443556, 3
146271, 3
166314, 3
198061, 3
468937, 3
307907, 3
486843, 3
343635, 1
417825, 3
519388, 3
577497, 3
142615, 3
524509, 3
347546, 3
20473, 3
579672, 3
44957, 3
23854, 3
338098, 3
178602, 3
620499, 3
349270, 3
569289, 3
159485, 3
10895, 3
244213, 3
378356, 3
607293, 3
528601, 3
393943, 3
269400, 3
458689, 3
95381, 3
550922, 3
360668, 3
548527, 3
297160, 2
307609, 3
215520, 3
123706, 3
588300, 3
171960, 3
330815, 3
527813, 3
185943, 3
292147, 3
134444, 3
582245, 2
554719, 3
460253, 3
188155, 3
500082, 3
535816, 3
16460, 3
512546, 3
115844, 3
499386, 3
509363, 3
82961, 3
604573, 3
137224, 3
442150, 3
358663, 3
494299, 3
184300, 2
453196, 3
160578, 3
344075, 3
172607, 3
141408, 3
2777, 3
362026, 3
33619, 3
187484, 3
582427, 3
398438, 3
518963, 3
429532, 3
571530, 3
416330, 3
207993, 3
83692, 3
136223, 3
364499, 3
143186, 3
558515, 3
57356, 3
286090, 3
236564, 3
296194, 3
119501, 2
161345, 3
168745, 3
275200, 3
351903, 3
22518, 3
19431, 3
599314, 3
144911, 3
307218, 3
391380, 3
580666, 3
201185, 3
133341, 3
361080, 3
611697, 3
387618, 3
30958, 3
304324, 3
632194, 3
503485, 3
106170, 3
343580, 3
234930, 1
394818, 3
546326, 3
564132, 3
145859, 3
149290, 2
643077, 3
99474, 3
254080, 3
54778, 3
129429, 3
500137, 3
632047, 3
260429, 3
253422, 3
593505, 3
441648, 3
237169, 3
621193, 3
380758, 3
458269, 3
391750, 3
492978, 3
452780, 2
282833, 3
18999, 3
592031, 3
127788, 3
278376, 3
302921, 3
456919, 3
492785, 3
207251, 3
646750, 3
51615, 3
472173, 3
179617, 2
347063, 3
400549, 3
287481, 3
65799, 3
429036, 3
29720, 3
285710, 3
277564, 3
239251, 3
441887, 2
535743, 3
338875, 3
42618, 3
288478, 3
355043, 3
521617, 3
298160, 3
520144, 3
310828, 3
620420, 3
321739, 3
380220, 3
86330, 3
391043, 3
141193, 3
354121, 3
147682, 3
486781, 3
438407, 3
568700, 2
94171, 3
211543, 3
351555, 3
504530, 3
89858, 3
236150, 3
528635, 3
306565, 3
484928, 3
664016, 3
220982, 3
470403, 3
474669, 3
538975, 3
634206, 3
192073, 3
536995, 3
100820, 3
76039, 3
392631, 3
430546, 3
295524, 3
235695, 3
582447, 3
76622, 3
202599, 3
52043, 3
15256, 3
333394, 3
594944, 3
602346, 3
562285, 3
391524, 3
556570, 3
592969, 3
351995, 3
124470, 3
389630, 3
134863, 3
565533, 3
124334, 3
662755, 2
529485, 3
420291, 3
440501, 3
477861, 3
232534, 3
575371, 3
306976, 3
266265, 2
486745, 3
653451, 2
399332, 3
402409, 3
607279, 3
139339, 3
142011, 3
647876, 3
58992, 3
627632, 3
391889, 3
451772, 3
335440, 3
292396, 3
472205, 3
345926, 3
658272, 3
201543, 3
46030, 3
266139, 3
103818, 3
228718, 3
462875, 3
477260, 3
659763, 2
139856, 3
384187, 3
23329, 2
618217, 3
267630, 2
284982, 3
393224, 3
661215, 3
442143, 3
632511, 3
25982, 3
655110, 3
483902, 2
209096, 3
112028, 3
134201, 3
515977, 3
596445, 3
177863, 3
539518, 3
430031, 3
501267, 3
284499, 3
135854, 3
109061, 3
88381, 3
533768, 3
369033, 3
500241, 3
256764, 3
494754, 3
59630, 3
293261, 3
343246, 3
79088, 3
376450, 3
623442, 3
638691, 3
522945, 3
266987, 2
196543, 3
390338, 3
359990, 3
255486, 3
421804, 3
404584, 3
83937, 3
593155, 3
318867, 3
25744, 3
203610, 3
497807, 3
383716, 3
195995, 3
286284, 3
246365, 3
435729, 3
648010, 3
522858, 3
297226, 3
228270, 3
465754, 3
332176, 3
72194, 3
106201, 3
131283, 3
58797, 3
178297, 1
106019, 3
479608, 3
627354, 3
95561, 3
598709, 3
511348, 3
325835, 3
477930, 3
473522, 1
639656, 1
639434, 3
569065, 3
494948, 3
458394, 3
157127, 2
271524, 3
60933, 3
216522, 3
331477, 3
511863, 3
440595, 3
491944, 3
603012, 3
407382, 3
360464, 3
388764, 3
585759, 3
428346, 3
176292, 3
166387, 3
223053, 3
179682, 3
173653, 3
664466, 3
317704, 3
109055, 3
362669, 3
657996, 3
308471, 3
621558, 3
218167, 3
236890, 3
550843, 3
432045, 3
208696, 3
100, 3
489742, 3
348569, 1
193818, 3
496191, 3
626169, 3
291302, 3
345965, 3
102181, 3
537986, 3
220322, 3
366292, 3
411921, 3
461571, 3
316068, 3
234550, 3
242681, 3
130642, 3
111465, 3
414990, 3
374503, 3
419356, 3
375134, 2
402144, 2
120327, 3
169406, 3
619967, 3
416118, 3
539713, 3
633880, 3
212571, 3
239938, 3
152087, 3
422751, 3
536375, 3
652534, 3
54032, 3
324122, 3
480285, 3
254796, 3
26444, 3
526330, 3
624725, 3
281346, 3
230562, 3
125036, 3
421735, 3
224843, 3
497301, 3
534906, 3
454664, 3
70754, 3
571018, 3
404233, 3
473930, 3
229429, 3
168245, 3
209756, 3
226257, 3
233410, 3
364803, 3
573650, 3
131675, 3
219324, 3
68654, 3
586413, 3
225194, 3
10224, 3
83531, 3
33216, 3
328484, 3
641478, 3
579436, 3
601131, 3
590474, 3
166117, 3
522922, 2
84882, 3
445704, 3
79597, 3
315402, 3
495133, 3
51970, 3
150911, 2
427917, 3
273519, 3
163437, 3
20828, 3
42210, 3
568501, 3
262269, 3
619154, 3
191640, 3
439863, 3
595268, 3
415135, 3
397907, 3
357621, 3
24309, 3
410938, 3
490868, 3
448928, 3
231470, 3
246867, 3
198065, 3
513854, 3
124367, 3
268212, 3
513009, 3
369590, 3
116308, 3
132388, 3
647236, 3
320899, 3
448885, 3
546214, 3
285785, 3
472933, 3
573214, 3
459086, 3
162707, 3
119386, 3
65984, 3
168724, 3
152816, 3
302232, 3
48955, 3
314097, 3
325590, 3
428330, 3
501717, 3
17003, 3
348772, 3
141057, 3
166521, 3
458454, 3
570727, 3
22915, 3
301057, 3
31942, 3
281457, 3
354592, 3
479428, 2
567897, 3
405470, 3
413626, 3
198786, 3
207904, 3
9, 3
568967, 3
485868, 3
31385, 3
1936, 3
218736, 3
381790, 3
656858, 3
618307, 3
46507, 3
287442, 3
361946, 3
166493, 3
630007, 3
584863, 3
235536, 3
503481, 3
504155, 3
336786, 3
579261, 3
67231, 3
603303, 3
126940, 3
228921, 3
298423, 3
266383, 3
497182, 3
256804, 3
468802, 3
166859, 3
640249, 3
357250, 3
11991, 3
150839, 2
527871, 3
508969, 3
74671, 3
134228, 3
544722, 3
159259, 3
652117, 3
658405, 3
635278, 3
45848, 3
197032, 3
402572, 3
654100, 3
284194, 3
519189, 3
192238, 2
564726, 3
465486, 3
210465, 3
102644, 3
491134, 3
225693, 3
38783, 3
351090, 3
192824, 3
631682, 3
369925, 3
149183, 3
340395, 3
589166, 3
416301, 3
226848, 3
572221, 3
604264, 3
379500, 3
290733, 3
6161, 3
386227, 3
567528, 3
523590, 3
18983, 3
253417, 3
312552, 3
629783, 3
547479, 3
590057, 3
35828, 3
375955, 3
526431, 3
467939, 3
429686, 3
163522, 3
66550, 3
225700, 3
319169, 3
613184, 1
283138, 3
555808, 3
220437, 3
391850, 2
98918, 3
489977, 3
371137, 3
266339, 3
515836, 3
47826, 3
57167, 3
509185, 3
400965, 3
52053, 3
78230, 3
132984, 3
557759, 3
236090, 3
327595, 3
238348, 3
280416, 3
9657, 3
254046, 3
224048, 3
377139, 3
441545, 1
68155, 3
519238, 3
556581, 3
402527, 3
442102, 3
430440, 3
174551, 3
63798, 3
492693, 3
91983, 3
200623, 3
495577, 2
171240, 3
5906, 3
244333, 3
601555, 3
513881, 3
226836, 3
176814, 3
31751, 2
254429, 3
184526, 2
446069, 3
256666, 3
7739, 3
62430, 3
515560, 3
100239, 3
187793, 2
59125, 3
131207, 3
625557, 3
113057, 3
90419, 3
70122, 3
247355, 3
494790, 3
469224, 3
547557, 3
420766, 3
413581, 3
604041, 3
175301, 3
412553, 3
571324, 3
639286, 3
126600, 3
149729, 3
277495, 3
231057, 3
422809, 3
258334, 3
174778, 3
23345, 3
506184, 2
82677, 3
260080, 3
660961, 3
555220, 3
499254, 3
384300, 3
52422, 3
259254, 3
127027, 3
445045, 3
42859, 3
661764, 3
529955, 3
615599, 3
233530, 3
108311, 3
483653, 3
581594, 3
594879, 3
374913, 3
621182, 3
489525, 3
483858, 3
417877, 3
408448, 3
125841, 3
129665, 3
499953, 3
383597, 3
643348, 3
614350, 3
140050, 3
574519, 3
551189, 3
88441, 3
382163, 3
278114, 3
132648, 3
327234, 3
180841, 3
600679, 3
199018, 2
417403, 3
149250, 3
416943, 3
601855, 3
35998, 3
645636, 3
363366, 3
305642, 3
441498, 3
232687, 3
387936, 3
590835, 3
617533, 3
233479, 3
657893, 1
493234, 3
183147, 3
114198, 3
631415, 3
81297, 3
594281, 3
456847, 3
422085, 3
253811, 3
308669, 3
206939, 3
639697, 3
245210, 3
182895, 3
188903, 3
34797, 3
78890, 3
300614, 3
392142, 3
428525, 3
529509, 3
19319, 3
604230, 3
193619, 3
27100, 3
302519, 3
300523, 3
581586, 3
302486, 2
467825, 3
6208, 3
649475, 3
139928, 3
595751, 3
203774, 3
289764, 3
529856, 3
91392, 3
441203, 3
57171, 3
68279, 3
354572, 3
625345, 3
177409, 1
156088, 3
378184, 2
448465, 3
215435, 3
503157, 3
7766, 3
554670, 3
592792, 3
153032, 3
328223, 3
441165, 3
391140, 3
216335, 3
190671, 3
150146, 3
113616, 3
467120, 3
274378, 3
295389, 3
222576, 3
400790, 3
526193, 3
47626, 3
342596, 3
386767, 3
554742, 3
40673, 3
436019, 3
147041, 3
356099, 3
306756, 3
371645, 3
465915, 3
359297, 3
403063, 3
294939, 3
306213, 3
228746, 3
216450, 3
401253, 3
229153, 3
419844, 3
533841, 3
320977, 3
424297, 3
83700, 3
424147, 3
339434, 3
155798, 3
260584, 3
225394, 3
279835, 3
350999, 3
28102, 3
133840, 3
350511, 3
474498, 3
588097, 3
54675, 3
249420, 3
175199, 3
7242, 3
471910, 3
406368, 3
138769, 3
165857, 3
290262, 2
1734, 3
219231, 3
373150, 3
230132, 3
463214, 3
40780, 2
292233, 3
457840, 3
278191, 3
142430, 3
507313, 3
213338, 3
250814, 3
394170, 3
559561, 3
26390, 3
586857, 3
656945, 3
412528, 3
36727, 3
33591, 3
15698, 3
565491, 3
329725, 3
143109, 3
356259, 3
617842, 3
73985, 3
228414, 2
95319, 3
272549, 3
659690, 3
660785, 3
542475, 3
586183, 3
335246, 3
82050, 3
346556, 3
60083, 3
29934, 3
614036, 3
10598, 3
365708, 3
354192, 3
568774, 3
105336, 3
262289, 3
271529, 3
383122, 3
29557, 3
635584, 3
206006, 3
654495, 3
423442, 3
623123, 3
317838, 3
90296, 3
637888, 3
465508, 3
489434, 3
657262, 2
642494, 2
585777, 3
140206, 3
65959, 3
162477, 3
66915, 3
577763, 3
647154, 3
390758, 3
138658, 3
370420, 1
173585, 3
371504, 3
222163, 3
320953, 3
324793, 3
12060, 3
251984, 3
136433, 3
64733, 3
199804, 3
346518, 3
456693, 3
651932, 3
228051, 3
498507, 3
214215, 3
184523, 3
637354, 3
496706, 3
566779, 3
103773, 3
311832, 3
645552, 3
82635, 3
12054, 3
530078, 3
600772, 2
483751, 3
453662, 3
281791, 3
242270, 3
263444, 3
625204, 3
136148, 3
530110, 1
512258, 3
83225, 3
312899, 3
568208, 3
503541, 3
552675, 3
116604, 3
654789, 3
254859, 3
33317, 3
206252, 3
9456, 3
361052, 3
100958, 3
421906, 3
432665, 3
69241, 3
428029, 3
481683, 3
240074, 3
328107, 3
363958, 3
176897, 2
29059, 3
150242, 3
334174, 3
256167, 3
204258, 3
407823, 3
493353, 3
525906, 3
290008, 3
606685, 3
338991, 3
328196, 3
169415, 3
521697, 3
339852, 3
359166, 3
535399, 3
370105, 3
167150, 3
258028, 3
70344, 3
363910, 3
475001, 3
383277, 3
270098, 3
602832, 3
290962, 3
492371, 3
139086, 3
154050, 3
8178, 3
59343, 3
159970, 3
520378, 3
198234, 3
159214, 3
93819, 3
168670, 3
484266, 3
513471, 3
162616, 3
486453, 3
241088, 3
657550, 3
57441, 3
176770, 3
244117, 3
295252, 3
436887, 3
376080, 3
478838, 3
437319, 3
345653, 3
526146, 3
361750, 3
570537, 3
342928, 3
100219, 3
362379, 3
643614, 3
631778, 3
4697, 3
207196, 3
215830, 3
478820, 2
654197, 2
539126, 3
102, 3
300345, 3
512632, 3
258069, 3
560156, 3
577987, 3
173428, 3
34450, 3
194841, 3
89907, 3
310846, 3
540586, 3
520384, 2
537131, 3
200926, 3
438679, 3
80400, 3
95699, 3
477444, 3
654448, 3
91713, 3
564028, 3
139492, 3
647221, 3
215102, 3
558464, 3
161962, 3
428025, 3
331365, 3
213333, 3
248311, 3
146681, 3
409959, 3
641983, 3
75189, 3
471945, 3
441688, 3
522167, 3
222673, 3
306362, 3
465279, 3
537454, 3
206440, 3
152945, 3
87735, 3
142102, 3
34260, 3
619805, 3
565650, 3
170302, 3
277761, 3
463028, 1
53879, 3
464466, 3
83808, 3
243523, 3
119527, 3
429789, 3
312275, 3
73565, 3
41091, 3
131990, 3
61798, 3
646900, 3
612090, 3
171381, 3
384882, 3
199475, 3
610756, 3
655028, 3
545381, 3
486599, 3
628405, 3
341608, 3
134366, 3
310974, 3
284625, 3
558809, 3
371321, 3
144377, 3
630524, 3
456156, 3
540355, 1
408662, 3
108492, 3
616683, 3
588017, 3
398165, 3
250170, 3
599678, 3
46774, 3
566309, 3
361033, 3
176488, 3
594846, 3
271109, 3
120485, 3
13165, 3
380654, 3
154041, 3
641878, 3
182102, 3
325745, 3
575665, 3
380684, 3
50567, 3
646764, 3
393703, 3
336862, 3
354915, 3
163759, 3
266617, 3
483537, 3
494911, 3
545504, 3
558868, 3
262116, 3
383786, 3
105486, 3
328239, 3
284927, 3
256008, 3
166400, 3
248096, 3
4714, 3
579417, 3
213755, 3
305198, 3
478247, 3
121823, 3
260889, 3
14763, 3
340351, 2
364685, 3
460871, 3
32450, 3
309036, 3
635440, 3
19619, 3
616553, 3
281606, 3
510331, 3
98753, 3
599816, 3
20299, 3
605767, 3
553876, 3
468037, 3
375014, 3
180828, 3
480551, 3
223509, 3
162229, 3
127282, 3
336209, 1
154007, 3
430184, 3
32737, 3
405719, 3
74980, 3
158893, 3
487666, 3
490855, 3
139255, 3
49520, 1
59505, 3
129293, 3
270356, 3
208237, 3
440445, 3
137617, 3
575017, 3
293573, 3
337758, 3
516329, 3
183182, 3
245368, 3
291637, 3
178095, 3
550583, 2
336387, 3
642211, 3
469616, 3
12291, 3
249479, 3
244857, 3
448824, 3
38614, 3
194005, 3
44792, 3
503444, 3
269689, 3
523570, 2
503928, 3
603409, 3
624227, 1
487348, 3
417887, 3
202228, 3
254858, 3
446905, 3
385964, 3
181887, 2
253813, 3
486452, 3
340608, 3
584146, 3
621906, 2
274240, 3
529152, 3
306556, 3
153249, 3
214152, 3
238110, 3
657329, 3
357402, 3
367908, 3
77065, 3
622420, 3
237711, 3
163610, 3
489190, 3
500352, 3
28247, 3
94313, 3
73102, 3
259115, 2
538240, 3
23978, 3
623329, 3
142678, 2
456549, 3
139222, 3
163836, 3
6129, 3
464460, 2
609387, 3
210173, 3
641764, 3
292652, 3
230426, 3
357930, 3
9681, 3
94362, 3
658468, 3
658797, 3
31987, 3
491993, 3
170468, 3
641973, 3
465531, 3
110490, 3
240585, 3
67981, 3
21109, 3
21119, 3
263249, 3
423761, 3
290289, 3
39318, 3
654721, 3
468252, 3
265145, 3
223105, 3
287566, 3
374808, 3
10911, 3
33773, 3
337031, 3
1768, 3
195648, 3
71837, 3
421824, 3
481298, 3
378175, 3
441995, 3
8176, 3
66020, 3
28762, 3
17094, 3
382819, 3
551625, 3
613894, 3
421624, 3
653629, 3
140216, 3
506799, 1
312823, 3
560866, 3
449094, 3
499179, 3
612910, 3
509297, 3
363856, 3
259911, 2
174581, 3
574321, 3
374954, 2
254900, 3
617314, 3
334299, 3
267876, 3
510062, 3
579570, 3
382877, 3
224867, 3
173361, 3
249657, 3
143266, 3
639648, 3
469122, 3
133234, 3
659717, 3
334582, 3
236504, 3
470893, 3
524544, 3
266076, 3
95727, 3
484095, 2
445567, 3
219150, 3
173244, 3
572346, 3
251591, 2
644666, 2
88944, 3
582278, 3
333229, 3
239111, 3
164041, 3
607008, 3
404417, 3
163956, 3
415562, 3
19424, 3
52199, 3
388287, 3
631426, 3
446768, 3
41262, 3
276799, 3
210751, 3
269464, 3
44110, 3
356985, 3
626961, 3
194711, 3
119999, 3
298283, 3
185013, 3
179207, 3
377958, 3
256332, 3
244296, 3
43267, 1
404873, 3
627143, 3
44163, 3
16345, 3
189893, 3
443177, 3
244140, 3
53118, 3
205587, 3
8053, 3
325758, 3
263609, 3
610062, 2
352471, 3
397206, 3
435739, 3
319841, 3
195401, 3
357853, 3
587676, 3
502887, 3
147351, 3
26259, 3
286685, 3
10464, 3
22997, 3
594475, 3
415396, 3
477719, 3
516519, 3
511469, 3
570901, 3
357015, 2
30386, 3
56274, 3
635551, 3
328811, 3
122148, 3
296017, 3
153813, 3
40925, 3
472304, 3
150403, 3
257141, 3
407897, 3
37468, 3
637213, 3
637125, 3
92321, 3
110261, 3
130975, 3
210837, 3
408171, 3
265799, 3
58208, 3
499951, 3
424357, 3
108128, 3
449072, 3
378754, 3
555136, 3
43, 3
485978, 3
470402, 3
472742, 3
29801, 3
262401, 3
437895, 3
486520, 3
615524, 3
218377, 3
33405, 3
256266, 3
634169, 3
310305, 3
616415, 3
560904, 3
505215, 3
110500, 3
368125, 3
323114, 3
132847, 3
543952, 3
549893, 3
335400, 3
80115, 3
238921, 3
162731, 3
289503, 3
76528, 3
399129, 3
513152, 3
447852, 3
197078, 3
56834, 3
228445, 3
316326, 3
219396, 3
583781, 3
426699, 3
464447, 3
269132, 3
483110, 3
423358, 3
100938, 3
491565, 3
582503, 3
143529, 3
650790, 3
469878, 3
287342, 3
146490, 3
574214, 3
264382, 3
271652, 3
439236, 3
418902, 3
98017, 3
493141, 3
566269, 3
20205, 3
336842, 3
416043, 3
622932, 3
206747, 3
234590, 3
625795, 3
441862, 3
511757, 3
332360, 3
17473, 3
144346, 3
61692, 3
184008, 3
26494, 3
291582, 3
35056, 3
8508, 3
427046, 2
555139, 3
462232, 3
293468, 3
600708, 3
563315, 3
495651, 3
460908, 3
453780, 3
620621, 3
93974, 3
417140, 3
204230, 3
300186, 3
96560, 3
19035, 3
499947, 3
291248, 3
324409, 3
301123, 3
285630, 3
466893, 3
588626, 3
657234, 3
647717, 3
658801, 3
609652, 3
3550, 3
470711, 3
10681, 3
606190, 3
641403, 3
397287, 3
189022, 3
132788, 3
289858, 3
371769, 3
390475, 3
438165, 3
132296, 3
517017, 3
327264, 3
621337, 3
53423, 3
17550, 3
570968, 3
238223, 3
431703, 3
397809, 3
516926, 3
645651, 3
314500, 3
37974, 2
561906, 3
129123, 3
208773, 3
182480, 2
404005, 3
1900, 3
266447, 3
146471, 3
153577, 3
162096, 3
629028, 3
74461, 3
67131, 3
54340, 3
32234, 3
266434, 3
20756, 3
296561, 3
662397, 3
197533, 3
30195, 3
187178, 3
33051, 3
43332, 3
166916, 3
384056, 3
348837, 3
456884, 3
43420, 3
182650, 3
137936, 3
8165, 3
27959, 3
102578, 3
398949, 3
70641, 3
52351, 3
394219, 3
185502, 3
324318, 3
321604, 3
523834, 3
196589, 3
99494, 3
424583, 3
656724, 3
364091, 3
317372, 3
124886, 3
143489, 3
187506, 2
425539, 3
270188, 3
278537, 3
380515, 3
424609, 3
564900, 3
165719, 3
376082, 3
303470, 3
570243, 3
649573, 3
360474, 3
453911, 3
422100, 3
277204, 3
586883, 2
349627, 3
572731, 3
516893, 3
9809, 3
174191, 3
210184, 3
80391, 3
383285, 3
63518, 3
451310, 3
215775, 3
29788, 3
419716, 3
118498, 3
304849, 3
474080, 3
300844, 3
494341, 3
26298, 3
125231, 3
265996, 3
582773, 3
551806, 3
48442, 3
131518, 1
3135, 3
261715, 3
281900, 3
524993, 3
359986, 3
26392, 3
289510, 3
485157, 3
619372, 3
415649, 3
559694, 3
147486, 3
466533, 3
338893, 3
203279, 3
138657, 3
301760, 2
273428, 3
505334, 3
10741, 3
414805, 3
15352, 3
129864, 3
216190, 3
396491, 3
143200, 3
538790, 3
302787, 3
247806, 3
165548, 3
52224, 3
113952, 3
516253, 3
179982, 3
620927, 3
129482, 3
606470, 3
225077, 3
219010, 3
347344, 3
591671, 3
320475, 3
237244, 3
201639, 3
245614, 3
646342, 2
234567, 3
612690, 3
387829, 3
347338, 3
433395, 3
376346, 3
6204, 3
404048, 3
492808, 3
569785, 3
500567, 3
87094, 3
65128, 3
596108, 3
581540, 3
603545, 3
91671, 3
586466, 3
311117, 3
112632, 3
380280, 3
281888, 3
233878, 3
3682, 3
542147, 3
162090, 3
293240, 3
18769, 3
169498, 3
566307, 3
27133, 3
609381, 3
359774, 3
187598, 1
439171, 3
175155, 3
344374, 3
263317, 3
191204, 3
7384, 3
469931, 3
209444, 3
445586, 3
558846, 3
165588, 3
14621, 3
657157, 3
455989, 3
259138, 3
271241, 3
334584, 3
542296, 3
483958, 3
580558, 3
625543, 3
113848, 3
325645, 3
651822, 3
106053, 3
358518, 3
351312, 3
340097, 3
3650, 3
408666, 3
211432, 3
212216, 3
325718, 3
258214, 3
598465, 3
337628, 3
407186, 3
466509, 3
535805, 3
600036, 3
219604, 3
664268, 3
433238, 3
303929, 3
141831, 3
115281, 3
459877, 3
71504, 3
46754, 3
511445, 3
435170, 3
78893, 3
456756, 3
663521, 3
538117, 3
451465, 3
51291, 3
184114, 3
538511, 3
176915, 3
579353, 3
26781, 3
549052, 3
477342, 3
637365, 3
656631, 3
376162, 3
662398, 3
464857, 3
658635, 3
75991, 3
589963, 3
143634, 3
611986, 3
394968, 3
383486, 3
33186, 3
485064, 3
578923, 3
488694, 3
367939, 3
240336, 2
279981, 3
32494, 3
304088, 3
136404, 3
318177, 3
635880, 3
276301, 3
515169, 3
216898, 3
115784, 3
568858, 3
538056, 3
154058, 3
579103, 3
344059, 3
103275, 3
281608, 3
460328, 3
611623, 3
130042, 2
462560, 3
234952, 3
498141, 3
596297, 3
262228, 3
60050, 3
417788, 3
603652, 3
2168, 3
223342, 3
16629, 3
382708, 3
23025, 3
307945, 3
599741, 3
360414, 3
598660, 3
431724, 3
285685, 3
5931, 3
251750, 3
323613, 3
645118, 3
342720, 2
13216, 3
96578, 3
313538, 3
54519, 2
264438, 3
557557, 3
155538, 3
472538, 3
664860, 3
448280, 3
577173, 3
1578, 3
660130, 3
401955, 3
14471, 3
281486, 3
548735, 3
342708, 3
24985, 3
187043, 3
23524, 3
619441, 3
244843, 3
308470, 3
549281, 3
296840, 1
372571, 3
406444, 3
206963, 3
555202, 3
435489, 3
204775, 3
81348, 3
163360, 3
209227, 1
584056, 3
379429, 3
328167, 3
125999, 3
10295, 3
638638, 3
625979, 3
556963, 3
323649, 3
425290, 3
237055, 3
620334, 3
196686, 3
215841, 3
20643, 3
209140, 3
440877, 3
540028, 3
465194, 1
101698, 3
403677, 3
574379, 3
512567, 3
46096, 3
87424, 3
542257, 3
119518, 3
229723, 3
200679, 1
228120, 3
431842, 3
110228, 3
550689, 3
72854, 2
245684, 3
629972, 3
234185, 3
239642, 3
235342, 2
664260, 3
62313, 3
246915, 3
253338, 3
551452, 3
156799, 3
32320, 3
265253, 3
249006, 3
191072, 3
664169, 3
188809, 3
580288, 3
99917, 2
167266, 3
303165, 3
289526, 3
549982, 3
618491, 3
19506, 3
548393, 3
632931, 3
614430, 3
166396, 3
344119, 3
47440, 2
255754, 3
89716, 3
564641, 3
489093, 3
523788, 3
414717, 3
490633, 3
254377, 3
399948, 3
645341, 3
246010, 3
400834, 2
244178, 3
258319, 2
314319, 3
447527, 3
486658, 3
57966, 3
124590, 3
458279, 3
366886, 3
569675, 3
554235, 3
659427, 3
186650, 3
632860, 3
315195, 3
399524, 3
310332, 3
541783, 3
545483, 3
538171, 3
308743, 3
56934, 3
25114, 3
250341, 3
385279, 3
39276, 3
505643, 3
303683, 3
176697, 3
476224, 3
356547, 3
547683, 3
545641, 3
154337, 3
198700, 3
189998, 3
169828, 3
28516, 3
612286, 3
264222, 3
38541, 3
609095, 3
396690, 3
77958, 3
102051, 3
353781, 3
135186, 3
516397, 3
268423, 3
377593, 3
374083, 3
453293, 3
20235, 3
399401, 3
539093, 3
129276, 1
444313, 3
424756, 3
493733, 3
412948, 3
501973, 3
662080, 3
635075, 3
359079, 3
611018, 3
598577, 3
549745, 3
87103, 3
261867, 3
3017, 3
242551, 3
520680, 3
45404, 3
482058, 3
345426, 3
389420, 3
442341, 3
191570, 3
331878, 3
381216, 3
593318, 3
644975, 3
341519, 3
175598, 3
207211, 3
218905, 3
229958, 3
384014, 1
275227, 3
279910, 3
83182, 3
188281, 3
121885, 3
635152, 3
363322, 3
37657, 3
489467, 3
103475, 3
318143, 3
194784, 3
40628, 3
422873, 3
478522, 3
312724, 3
403680, 3
68482, 3
470790, 3
532630, 3
200403, 2
444099, 3
61543, 2
539814, 3
292212, 3
261507, 3
395388, 3
531364, 3
188768, 3
211676, 3
536312, 3
447114, 3
538844, 3
284035, 3
328890, 3
532370, 3
329155, 3
154637, 3
160952, 3
440993, 3
28006, 3
249182, 3
415072, 3
523593, 3
407728, 3
269042, 3
555130, 3
105019, 3
375599, 3
260671, 3
167842, 3
514776, 3
102768, 3
566382, 3
190135, 3
412055, 3
333550, 3
290944, 3
616224, 3
619960, 3
284276, 3
322396, 3
131885, 3
316565, 3
640686, 3
161300, 3
365222, 3
523756, 3
546877, 3
343581, 3
510042, 3
329908, 3
50310, 3
82725, 3
331729, 3
39938, 3
243753, 3
355967, 3
320441, 3
49581, 3
620064, 3
36568, 3
201374, 3
172445, 3
445840, 3
470000, 3
94067, 3
366755, 3
34042, 3
184955, 3
310476, 3
74385, 3
624761, 3
272716, 3
164414, 3
258684, 3
345241, 3
16022, 3
306411, 3
271666, 3
427282, 3
632661, 3
652061, 3
144405, 3
125436, 3
388065, 3
545225, 3
110513, 3
296816, 3
28993, 3
43949, 3
198418, 3
125247, 3
12592, 3
630746, 3
525632, 3
400810, 3
174678, 3
340934, 3
566226, 3
145216, 3
127288, 3
392171, 3
26512, 3
638564, 3
547782, 1
268491, 3
273427, 3
78376, 3
628977, 3
195439, 3
315515, 3
251382, 2
220598, 3
589619, 3
353589, 3
106585, 3
353917, 3
505135, 3
645868, 3
64644, 3
380448, 3
437727, 3
586771, 1
405418, 3
4614, 3
478311, 3
651711, 3
524696, 3
524957, 3
466154, 3
412160, 3
589705, 3
67532, 3
361790, 3
503531, 3
188542, 3
489419, 3
189626, 3
184645, 3
250207, 3
520014, 3
404618, 3
358188, 3
142804, 3
280363, 3
508925, 3
386359, 3
611840, 1
77016, 3
412132, 3
80872, 3
27486, 3
66611, 3
612183, 3
550736, 3
234129, 3
424852, 3
497090, 3
206978, 3
243292, 3
409683, 3
297286, 3
110885, 3
213420, 3
221304, 3
618772, 3
226420, 2
535252, 3
457289, 3
515566, 3
387388, 3
83208, 3
275999, 3
58438, 3
108016, 3
282197, 3
160287, 3
580295, 3
587953, 3
161320, 3
35313, 3
652799, 3
409566, 3
193192, 3
231672, 3
9869, 3
70263, 3
154614, 3
167520, 3
318225, 3
147192, 3
316017, 3
165921, 3
400373, 3
264290, 3
170425, 3
267781, 3
83435, 3
609606, 3
142153, 3
396390, 3
56613, 3
593949, 3
539444, 3
214113, 3
384119, 3
66807, 3
331085, 3
171268, 3
140351, 3
477556, 3
379853, 3
40859, 3
508317, 3
351400, 3
31550, 3
295678, 3
661630, 3
370836, 3
629977, 3
489762, 3
266192, 3
141966, 3
253605, 3
346574, 3
131028, 3
455891, 3
636424, 3
363155, 3
177191, 3
115928, 3
90847, 3
24187, 3
601301, 3
125681, 3
499042, 3
594159, 3
321965, 3
533463, 3
520312, 3
138075, 3
596602, 3
288283, 3
211551, 3
17154, 3
473925, 3
4841, 3
477961, 3
383935, 3
307461, 3
320709, 3
595982, 3
139580, 3
362629, 3
386663, 3
518167, 3
32371, 3
645692, 3
209846, 3
351535, 3
95389, 3
521689, 3
59464, 3
302665, 3
453924, 3
332824, 3
657445, 3
141805, 3
369351, 3
242999, 3
646653, 3
264108, 3
119433, 3
241729, 3
526221, 3
414134, 3
424958, 3
593375, 3
464663, 3
56427, 3
655279, 3
430160, 3
151777, 3
577371, 3
50105, 1
576498, 3
275627, 3
160085, 3
237399, 3
189594, 3
529507, 3
617841, 3
341046, 3
398924, 3
46229, 3
186333, 3
633361, 3
430956, 3
211828, 3
502665, 3
625528, 3
604531, 3
654261, 3
313404, 3
317378, 3
664426, 3
41733, 3
161327, 2
181275, 3
254112, 3
218332, 3
622836, 3
260255, 3
599947, 3
616475, 3
615440, 3
196323, 3
644365, 3
269925, 3
202124, 3
610273, 3
573879, 3
62278, 3
363773, 3
647442, 3
211826, 3
217922, 3
400558, 3
204070, 3
80358, 3
519605, 2
410889, 3
288975, 3
581247, 3
318636, 3
270264, 3
94852, 3
162581, 3
390614, 3
111083, 3
212062, 3
482137, 3
337809, 1
452114, 3
200628, 3
137561, 3
276987, 3
284604, 3
475810, 3
374306, 3
38747, 3
376385, 3
333364, 3
166517, 3
352415, 3
291303, 3
641099, 3
195951, 3
426854, 2
199641, 2
192284, 3
332015, 3
555396, 3
277819, 3
636243, 3
216340, 3
578398, 1
7351, 3
22043, 3
276679, 3
302212, 3
30772, 3
221809, 3
18019, 3
300313, 2
366673, 3
58799, 3
293449, 3
350715, 3
28907, 3
542093, 3
176321, 3
235811, 3
604363, 3
293306, 3
620602, 3
291882, 3
503770, 3
647736, 3
658513, 3
170224, 3
297912, 3
482355, 3
109990, 3
220205, 3
152348, 3
251877, 3
257895, 2
73107, 3
515921, 3
131993, 3
382179, 3
120888, 3
151464, 3
279134, 3
391900, 3
557185, 3
104825, 3
433659, 3
588624, 3
330207, 3
170096, 3
14297, 3
410868, 3
36679, 3
599887, 3
231547, 3
122114, 3
166531, 3
498252, 3
149610, 3
247322, 3
21376, 3
369760, 3
340995, 3
345435, 3
589689, 3
240913, 3
333232, 3
185921, 3
565297, 3
22366, 3
505873, 3
292163, 3
447292, 3
43958, 2
365960, 3
57799, 3
633626, 2
131125, 3
171343, 3
486786, 3
358060, 3
633543, 3
328507, 3
210264, 3
156155, 3
610888, 3
408915, 3
212982, 3
615308, 3
569572, 3
563706, 3
252062, 3
551493, 3
20604, 3
339853, 3
56585, 3
488773, 3
521808, 3
622046, 3
439404, 3
311432, 3
283304, 3
222675, 3
11537, 3
354159, 3
376148, 3
441933, 3
119128, 3
445415, 3
254706, 3
262067, 2
471883, 3
646789, 3
84247, 3
591390, 3
64331, 3
335600, 3
580904, 3
429673, 2
367309, 3
254175, 3
10941, 3
361321, 3
360965, 3
142830, 2
447442, 3
175671, 3
420432, 3
178294, 3
7535, 3
372941, 3
286348, 3
458001, 3
332158, 3
125186, 3
138591, 3
519825, 3
331417, 3
639131, 3
227330, 3
582469, 3
377883, 3
361600, 3
554436, 3
494298, 3
326993, 3
398173, 3
570762, 3
361835, 3
504245, 3
357335, 3
72601, 3
181881, 2
122992, 3
348091, 3
303262, 3
329881, 3
131173, 3
270848, 3
601462, 3
593813, 3
80446, 3
361342, 3
262495, 3
42084, 2
110688, 3
213029, 3
563727, 3
625174, 3
589752, 3
396179, 3
45620, 3
44119, 2
100228, 3
243184, 3
465208, 3
47115, 3
434937, 3
21243, 3
135583, 3
149031, 3
360723, 3
64940, 1
83166, 3
410713, 3
260283, 3
210866, 3
295170, 3
150064, 3
458171, 3
360241, 3
258086, 3
609371, 3
111720, 3
468803, 3
74103, 1
535131, 3
53725, 3
111784, 3
130750, 2
79729, 3
605202, 3
135383, 3
593419, 3
547382, 3
201389, 3
292453, 3
246820, 3
619067, 3
174208, 3
373699, 3
97914, 3
144532, 3
363054, 3
547715, 3
427823, 3
197210, 3
557670, 3
494153, 3
421113, 3
520623, 3
494906, 3
208099, 3
591438, 3
582581, 3
536889, 3
128449, 3
162939, 3
293763, 3
226006, 2
68904, 3
275316, 3
618399, 3
57033, 3
66409, 3
360917, 3
519249, 3
590947, 3
536559, 3
409594, 3
191206, 3
186796, 3
175122, 3
21972, 3
317044, 3
407267, 3
104797, 3
594902, 3
546552, 3
94347, 3
256945, 3
186877, 3
306057, 3
641906, 3
591918, 3
376469, 3
235233, 3
315472, 3
275512, 3
605209, 2
566702, 3
515718, 3
317724, 3
399003, 3
51297, 3
600061, 3
488586, 3
57399, 3
178326, 3
662020, 3
116857, 3
642942, 3
66663, 3
167087, 3
454240, 3
632179, 3
409825, 3
428614, 3
420813, 3
574727, 3
578490, 3
426884, 3
35981, 3
411975, 3
32959, 3
651209, 3
118991, 3
208907, 3
174276, 2
195199, 3
151434, 3
333926, 3
580379, 3
410366, 3
659579, 3
379561, 3
134464, 3
522995, 3
305284, 3
636345, 3
292937, 3
177417, 1
547705, 3
311989, 1
274061, 3
218069, 3
427986, 3
524910, 3
518264, 3
565427, 3
659704, 3
636039, 3
200685, 3
222218, 3
82840, 3
23133, 3
663579, 3
653943, 2
189711, 3
383337, 3
458408, 3
318845, 3
649694, 3
278166, 3
513177, 3
135161, 3
605422, 3
624572, 3
98482, 3
356248, 3
128707, 3
514069, 3
538871, 3
498180, 3
237112, 3
153630, 3
25302, 3
523934, 2
243610, 3
378242, 3
565007, 3
349967, 3
541408, 3
642966, 3
521699, 3
321691, 3
366022, 3
618973, 3
517952, 1
527853, 3
301112, 3
641323, 3
184541, 3
418089, 3
549047, 3
379108, 3
139467, 1
2524, 3
503330, 3
6296, 3
214056, 3
191379, 3
452874, 3
99259, 3
227304, 3
223541, 3
308435, 3
27940, 3
14410, 3
82916, 3
337280, 3
98340, 3
333704, 3
37783, 3
254926, 3
333538, 3
92887, 3
149181, 3
238720, 3
602031, 3
564630, 3
460916, 1
619602, 3
194413, 3
544393, 3
84846, 3
451306, 3
18805, 3
112711, 3
391041, 3
90780, 3
413622, 3
395317, 3
457646, 3
271489, 3
602755, 3
73939, 3
145272, 3
482645, 1
315758, 3
13622, 3
509918, 3
329910, 3
350582, 3
242627, 3
51411, 3
436794, 1
586058, 3
120910, 3
261018, 3
529632, 3
20522, 3
333429, 3
185756, 3
626214, 3
24877, 3
245686, 3
464145, 3
167968, 3
599733, 3
629942, 3
601951, 3
213757, 3
347109, 3
129024, 3
197958, 3
534913, 3
341861, 3
192080, 3
322599, 3
569766, 3
90448, 3
413538, 3
156064, 3
150631, 3
304540, 3
625598, 3
325879, 3
347148, 3
341972, 3
556348, 3
297281, 3
386183, 3
319879, 3
548951, 3
663372, 3
350124, 3
589319, 3
411254, 3
402378, 3
218259, 3
185619, 3
80100, 3
462796, 3
109249, 3
356624, 3
354497, 3
83655, 3
625581, 3
435239, 3
168943, 3
27178, 3
437588, 3
639836, 3
141071, 3
472067, 3
260800, 3
545574, 3
343951, 3
374809, 3
589513, 3
409204, 3
556133, 3
217628, 3
104412, 2
534699, 3
228163, 3
495849, 3
114642, 3
388805, 3
194274, 3
261036, 3
142096, 3
188003, 3
237507, 3
570842, 3
558886, 3
503185, 3
469155, 3
606778, 3
262991, 3
373810, 3
459336, 3
475088, 3
127592, 3
595649, 3
249315, 3
433566, 3
17791, 3
521142, 3
228851, 3
116922, 3
178419, 3
289614, 3
209482, 3
489342, 3
268233, 3
640967, 3
80751, 3
342700, 3
326628, 3
552967, 3
394284, 3
650917, 3
197025, 3
426947, 3
173512, 3
38690, 3
647524, 3
118345, 3
109766, 3
201900, 3
28914, 3
36615, 3
142951, 3
464893, 3
139068, 3
646103, 3
206964, 3
525831, 3
585497, 3
234336, 3
529074, 3
531934, 3
647475, 3
627459, 3
455594, 3
637076, 3
474667, 3
275378, 3
557069, 3
54378, 3
344740, 3
42051, 3
23076, 3
520914, 3
175134, 3
550789, 3
631988, 3
240979, 3
27689, 3
316190, 3
370140, 3
134209, 3
474736, 3
51908, 3
528117, 3
14798, 3
534519, 3
597371, 3
543374, 3
151279, 3
171732, 3
389141, 3
459750, 2
421155, 3
569208, 3
515970, 3
576901, 3
192494, 3
494621, 3
247886, 3
276161, 3
495531, 3
313871, 3
538662, 3
90940, 3
387776, 3
209418, 3
592827, 3
341974, 3
628870, 3
334907, 1
52589, 3
539653, 3
361126, 3
115245, 3
71639, 3
288973, 3
298969, 3
75264, 3
79540, 3
488365, 3
495444, 3
45869, 3
571323, 3
536106, 3
463076, 3
48725, 3
528847, 3
367822, 3
221762, 3
643336, 3
485407, 3
600223, 3
340719, 3
202309, 3
169011, 3
359708, 3
199292, 3
480898, 3
132708, 3
560519, 3
14039, 3
23750, 3
608767, 3
187179, 3
336640, 1
59003, 3
370382, 3
190566, 3
126070, 3
7133, 3
607801, 3
424106, 3
343699, 3
174213, 3
471667, 3
213502, 3
558781, 3
136637, 3
332147, 3
583983, 3
648141, 3
184147, 3
472732, 3
65629, 3
613087, 3
202392, 3
114594, 3
188097, 3
496118, 3
388719, 3
257480, 3
252782, 3
387375, 3
423672, 3
115092, 3
544006, 3
325777, 3
611537, 3
506529, 3
184399, 3
505502, 3
85152, 3
586019, 3
663564, 3
5607, 3
362411, 3
350183, 3
609201, 3
633476, 3
425726, 3
287881, 3
28415, 3
510641, 3
650368, 3
499453, 3
34313, 3
524065, 3
2519, 3
575504, 3
222797, 3
561396, 3
324928, 3
251853, 3
591410, 3
256106, 3
127155, 3
474180, 3
515116, 3
662436, 3
205150, 3
10529, 3
537668, 3
378891, 3
471686, 3
570314, 3
104253, 3
108905, 3
625723, 3
81869, 3
75147, 3
213166, 3
415901, 3
276776, 3
516691, 3
281572, 3
344628, 3
222872, 2
424667, 3
63964, 3
644125, 3
94717, 3
345946, 3
557949, 3
607178, 3
343716, 3
426834, 3
482829, 3
69641, 3
240276, 3
600370, 3
195247, 3
152313, 3
489684, 3
438426, 3
658287, 3
486365, 3
614273, 3
199152, 3
173413, 3
343741, 3
367772, 3
584760, 3
592720, 3
550839, 3
93357, 3
546221, 3
44716, 3
279581, 3
190944, 3
276751, 3
524836, 1
644173, 3
139356, 3
51025, 3
34171, 3
262494, 3
417832, 3
395157, 3
556613, 3
451473, 3
470916, 2
468572, 3
376290, 3
257611, 3
473482, 3
504531, 3
315688, 3
529355, 2
653846, 3
264346, 3
295127, 3
239029, 3
189657, 3
329517, 3
88365, 3
85428, 3
10883, 3
226443, 3
104387, 3
38216, 3
159293, 3
214959, 3
586201, 3
320295, 2
1943, 3
648121, 3
576273, 3
180194, 2
226206, 3
520310, 3
207021, 3
435195, 3
128853, 3
142593, 3
179240, 3
66162, 3
248804, 2
193504, 1
648225, 3
632161, 3
130067, 3
236728, 3
398433, 3
269539, 3
444692, 3
100335, 3
38951, 3
130254, 3
384461, 3
451662, 3
312050, 3
388890, 3
497974, 3
630718, 3
335624, 3
374384, 3
393182, 3
203056, 3
273745, 3
244150, 3
410245, 3
293000, 3
577927, 3
141949, 3
403077, 3
31811, 3
211217, 3
385790, 3
173622, 3
359779, 3
293746, 3
185020, 3
439178, 3
664348, 3
167900, 3
24812, 3
359664, 3
386630, 3
51837, 3
545528, 3
624476, 3
269029, 3
433111, 3
35677, 2
94796, 3
492687, 3
634120, 3
553159, 3
378435, 3
530989, 3
3770, 2
29916, 3
212812, 3
424819, 3
558908, 3
510093, 3
463605, 3
415678, 3
150304, 3
386787, 3
235569, 1
56776, 3
176354, 3
379113, 3
665234, 3
324989, 3
58818, 3
243651, 3
374895, 3
295934, 3
417495, 3
426152, 3
586979, 3
521024, 3
288194, 3
457481, 3
71964, 3
434282, 3
447841, 3
146285, 3
321336, 3
652853, 3
324095, 3
182870, 3
334338, 3
362431, 3
155876, 3
507379, 3
364400, 3
203533, 3
625965, 1
664669, 3
487819, 3
493674, 3
487713, 3
407414, 3
17684, 3
199243, 3
644535, 3
339481, 3
333663, 3
106083, 1
328883, 3
32207, 3
617103, 3
567783, 3
625807, 3
250198, 3
428905, 3
71800, 3
68602, 3
138059, 3
293752, 3
335199, 3
266973, 3
496789, 3
21522, 3
344924, 3
431607, 3
492129, 3
170762, 3
225553, 3
398356, 3
430948, 2
26265, 3
202799, 3
496633, 3
607971, 3
539139, 3
445638, 3
430506, 2
450434, 3
408958, 3
52355, 3
175740, 3
412575, 3
337453, 3
325852, 3
481459, 3
621407, 3
234127, 3
604963, 3
411271, 3
632441, 3
608502, 3
117281, 3
413106, 3
472859, 3
579512, 3
553654, 3
405222, 3
268291, 3
44356, 3
352306, 3
374573, 1
446235, 3
45270, 3
15416, 3
46892, 3
68058, 3
160448, 3
388440, 3
243239, 3
319454, 3
164483, 3
225090, 3
365031, 3
34248, 3
616231, 3
267698, 3
213239, 3
100571, 3
85027, 3
311777, 3
449101, 3
103468, 3
225030, 3
270798, 3
467035, 3
513546, 3
398530, 3
147706, 3
306741, 3
342505, 3
118144, 3
624415, 3
60943, 3
581642, 3
448614, 1
456209, 3
488198, 3
120457, 3
647790, 3
486978, 3
100985, 3
645850, 3
557724, 3
297127, 3
218678, 3
549477, 3
193950, 3
206164, 3
451264, 3
603553, 3
177935, 3
662029, 3
172080, 3
632934, 3
447941, 3
650935, 3
417183, 3
5928, 3
223476, 3
437050, 3
367664, 3
478678, 3
255436, 3
72664, 3
632651, 3
10198, 3
395450, 3
610976, 3
277276, 3
91581, 3
57510, 3
604293, 3
616359, 3
335865, 2
100332, 3
610942, 3
287229, 3
561541, 3
576135, 3
254316, 3
174518, 3
199435, 3
389113, 3
96872, 3
275524, 3
663452, 3
181946, 1
21073, 3
79519, 3
518380, 3
319965, 1
566987, 3
601341, 3
497462, 3
491254, 3
105600, 3
213914, 3
361353, 3
165106, 3
437171, 3
574276, 3
577937, 3
590783, 3
358662, 3
190552, 3
184599, 3
400954, 3
64107, 3
471753, 3
154033, 3
487428, 3
634437, 3
398417, 3
286012, 3
642543, 1
528349, 3
545131, 3
534346, 3
76665, 3
516953, 3
235357, 3
324992, 3
622722, 3
32581, 3
89201, 3
343622, 3
429398, 3
207581, 3
602112, 3
39267, 3
468275, 3
108528, 3
332423, 3
129072, 3
201553, 3
90980, 3
520710, 3
240162, 3
558524, 3
48908, 3
466823, 3
349782, 3
287921, 3
640234, 3
126369, 3
200410, 3
593997, 3
465248, 3
469404, 3
472609, 3
80941, 3
341407, 3
311892, 2
174270, 3
520673, 3
456658, 3
587981, 3
430465, 2
97734, 3
64341, 2
204220, 3
360811, 3
124831, 3
397811, 3
292258, 3
13342, 3
529298, 2
447489, 3
308130, 3
293645, 3
381482, 3
125772, 3
49540, 3
134291, 3
35943, 2
247783, 3
37238, 2
251700, 3
434548, 3
305388, 3
495247, 3
380120, 3
651697, 3
300378, 3
565961, 3
31469, 3
637006, 3
646588, 3
633438, 3
392486, 3
545438, 3
226910, 3
272215, 3
109636, 3
491511, 3
149236, 3
292375, 3
549068, 3
132870, 3
210487, 3
226209, 3
566314, 3
64767, 3
496076, 3
239624, 3
136096, 2
299788, 3
143450, 3
127166, 3
561116, 3
155563, 3
223633, 3
583527, 3
72580, 3
323791, 3
218500, 3
269486, 3
74947, 3
252451, 3
555324, 3
127937, 3
220428, 3
548282, 3
72547, 3
645644, 3
32825, 3
596838, 3
615774, 3
75776, 3
217345, 3
661216, 3
281138, 2
38468, 3
520019, 3
70789, 2
88604, 3
621089, 3
143777, 1
277734, 3
623685, 3
515130, 3
539613, 3
473463, 3
508047, 3
307114, 3
348306, 3
647102, 3
163561, 3
183527, 3
526965, 3
57140, 3
453129, 3
58546, 3
99709, 3
291521, 3
106368, 3
609457, 3
411100, 3
416568, 3
313244, 3
282253, 3
185200, 3
468576, 3
228386, 3
569272, 3
170241, 3
290486, 3
438808, 3
348523, 3
305666, 3
171160, 3
424457, 3
256711, 3
9312, 3
273988, 3
5819, 1
512997, 3
163175, 3
322410, 3
594782, 1
404438, 3
41606, 1
371295, 3
117645, 3
553356, 3
106491, 3
396219, 3
88055, 3
107751, 3
415119, 3
86532, 2
656487, 3
304275, 3
354333, 3
308588, 3
297331, 3
379743, 3
211008, 3
550091, 3
289826, 3
185085, 3
541966, 3
57889, 3
476156, 3
432790, 3
656076, 3
439779, 3
12775, 3
594676, 3
129273, 3
27561, 3
440263, 3
486848, 3
441429, 3
113599, 3
244457, 3
516447, 3
133285, 3
96172, 3
253092, 3
421134, 3
568447, 3
451082, 3
356381, 3
466741, 3
386593, 3
515289, 3
363122, 3
301083, 3
429531, 2
111638, 3
36756, 3
280397, 3
494602, 1
155310, 3
410059, 3
280433, 3
420857, 3
205335, 3
184445, 3
42541, 3
322667, 3
265287, 3
297546, 2
550986, 3
367846, 3
499523, 3
654531, 3
360733, 3
585344, 3
262277, 3
96831, 3
663975, 3
560603, 3
658363, 3
236271, 3
365179, 3
143040, 3
176026, 3
127608, 3
486424, 3
181963, 3
630574, 3
70572, 3
472390, 3
333534, 3
219577, 3
256025, 3
195911, 3
160471, 3
148762, 2
239825, 3
112915, 3
273972, 3
449481, 3
231214, 3
126424, 3
463617, 3
270478, 3
400381, 3
84585, 3
89589, 3
142855, 2
149563, 3
195189, 3
14320, 3
132834, 3
622495, 3
271171, 3
637212, 3
178026, 3
84138, 3
492458, 3
179394, 3
546498, 3
61995, 3
239494, 3
243626, 3
111493, 3
150328, 3
77853, 3
449229, 3
274572, 3
138495, 3
595370, 3
416631, 3
451794, 3
328528, 3
375268, 2
51020, 2
399169, 3
540720, 3
214055, 3
406588, 3
337341, 3
404827, 3
364698, 3
313092, 3
487173, 3
256851, 3
158664, 3
432792, 3
369573, 3
185345, 3
624656, 3
307074, 3
350927, 3
97263, 3
506704, 3
523821, 3
308611, 3
130851, 3
378693, 3
598999, 3
49503, 2
3759, 3
232201, 3
221558, 3
188668, 3
660502, 3
393430, 3
200279, 3
171746, 3
275992, 3
91202, 3
170304, 3
23703, 3
7580, 3
33343, 3
108533, 3
615944, 3
149986, 3
352312, 3
349596, 3
469631, 3
293201, 3
428688, 3
639109, 3
257370, 3
406136, 3
355550, 3
603150, 3
35690, 3
96407, 3
460295, 3
386888, 3
33712, 3
470676, 3
466831, 3
652863, 3
659515, 3
152765, 3
146839, 3
69350, 3
163395, 3
36786, 3
435123, 3
533707, 3
341655, 3
230790, 3
153681, 3
469569, 3
643954, 3
165626, 3
165141, 3
504997, 3
375833, 3
229729, 3
295733, 3
78794, 3
167660, 3
66116, 3
214989, 3
342177, 3
550568, 3
106112, 3
492289, 3
70356, 3
77165, 3
550762, 3
514876, 3
619498, 2
155847, 3
265455, 3
327513, 3
189778, 3
481113, 3
425570, 3
567393, 3
239538, 3
439789, 3
511520, 1
400921, 3
491442, 3
30634, 3
558663, 3
430676, 3
484313, 3
65910, 3
612405, 3
156706, 3
464148, 3
625317, 3
339137, 3
448622, 3
610217, 3
593879, 3
191342, 3
255614, 3
400949, 3
152199, 2
511291, 3
100932, 3
494129, 3
212034, 3
121524, 3
306074, 3
392878, 3
483063, 3
189523, 3
98406, 3
385278, 3
312567, 3
111663, 3
415779, 3
114776, 3
566866, 3
42622, 3
37135, 3
129753, 3
212898, 3
664719, 1
387139, 3
449264, 3
443903, 3
211863, 3
265802, 3
631724, 3
27727, 3
533629, 3
230383, 3
400258, 3
83131, 3
310102, 3
65448, 3
1687, 3
662483, 3
167203, 3
250553, 3
515939, 3
63118, 3
492843, 3
273125, 3
184534, 3
373191, 3
337903, 3
442978, 3
610592, 2
226786, 3
147229, 3
108552, 3
416169, 3
32924, 3
184041, 3
412428, 3
570512, 3
541739, 3
516358, 3
348810, 3
80822, 3
173528, 3
169980, 3
344810, 3
192525, 3
5247, 3
474779, 3
199472, 3
36037, 3
235455, 3
639640, 3
31807, 3
518300, 3
68295, 3
256034, 3
524401, 3
148380, 3
124966, 3
9097, 3
540939, 3
397864, 3
597128, 3
155526, 3
119347, 3
255975, 3
189316, 3
40640, 3
41389, 3
486259, 3
104318, 3
181659, 3
441582, 3
355457, 3
454630, 3
411332, 3
249103, 3
641895, 3
212952, 3
271522, 3
483520, 3
224289, 3
549277, 3
578653, 3
168662, 3
300290, 3
225148, 3
134639, 3
387922, 3
212865, 3
585947, 3
589111, 3
40217, 3
360898, 3
185868, 3
305878, 3
484460, 3
334999, 2
128972, 3
60687, 3
393082, 3
618843, 3
510524, 3
551998, 3
95884, 3
300745, 3
221673, 3
308806, 3
463249, 3
565628, 3
33631, 3
628530, 3
401609, 3
265648, 3
553474, 3
417058, 3
492892, 3
641298, 3
311733, 3
275969, 3
150912, 3
615511, 3
664474, 3
320588, 3
542924, 3
411641, 3
591389, 2
556650, 3
365216, 3
566942, 3
106031, 3
22614, 3
210622, 3
293660, 3
319761, 3
475785, 3
151029, 3
572655, 3
304798, 3
226189, 3
622641, 3
28105, 3
216809, 3
441800, 1
530132, 3
72112, 3
78325, 3
445606, 3
390872, 3
80780, 3
387727, 3
467751, 3
97388, 3
161966, 3
566926, 3
438473, 3
280075, 3
542790, 3
604321, 3
332430, 3
36293, 3
640760, 3
499029, 3
642892, 3
350778, 3
7909, 3
635358, 3
264015, 3
469003, 3
569042, 2
284710, 3
620021, 3
185945, 3
294341, 3
64783, 3
117367, 3
607186, 3
560130, 3
448499, 3
61996, 2
3847, 3
301198, 2
101746, 3
357247, 3
7182, 3
319522, 3
31895, 3
490973, 3
226554, 3
195238, 3
176557, 3
260816, 3
566532, 3
373875, 3
2461, 1
627587, 3
340624, 3
399714, 3
48114, 3
521927, 3
257081, 3
149286, 3
428839, 3
119626, 3
471936, 3
468372, 3
563584, 3
294257, 3
408487, 3
561244, 2
419541, 3
443941, 3
592218, 3
567457, 3
357782, 1
104611, 3
626511, 3
342300, 3
535756, 3
288597, 3
121499, 3
47683, 3
386728, 3
16863, 3
103066, 3
632019, 2
126177, 3
44550, 3
415128, 3
323147, 3
276618, 3
184661, 3
391955, 3
295924, 3
401733, 3
607288, 3
657443, 3
509392, 3
250613, 3
49782, 3
178826, 3
495325, 3
247383, 2
392548, 3
598287, 2
233105, 3
235066, 3
199072, 2
205688, 3
621255, 3
333524, 3
460609, 2
545464, 3
6559, 3
111505, 3
570702, 3
9932, 3
658517, 3
50582, 3
15810, 3
77528, 3
359432, 3
199099, 3
45579, 3
183170, 3
45413, 3
398354, 3
645699, 3
434684, 3
457300, 3
639832, 3
535715, 3
398434, 3
198656, 3
442979, 3
496628, 3
123167, 3
32715, 3
45401, 3
663863, 3
558605, 3
509454, 3
540156, 3
455860, 3
14961, 3
230217, 3
468406, 3
74171, 3
460391, 3
102301, 3
30971, 3
301510, 3
429361, 3
48928, 3
486171, 3
387949, 3
84897, 3
582426, 3
374176, 3
489003, 3
195594, 3
614503, 3
443046, 3
304859, 3
344803, 3
612213, 3
580960, 3
513255, 3
11832, 3
227284, 3
386797, 3
235675, 1
218607, 3
214530, 3
115843, 3
445535, 3
471584, 3
371801, 3
237608, 3
223548, 3
613827, 3
26084, 3
619264, 3
664021, 3
427414, 3
207413, 3
563759, 3
351039, 3
396546, 3
384651, 3
515439, 3
137007, 3
477026, 3
268618, 3
285512, 3
358490, 3
212639, 3
70118, 3
238944, 2
22493, 3
353031, 3
499616, 3
437287, 3
189603, 3
266217, 3
129163, 3
761, 3
336605, 3
501565, 3
424464, 3
399502, 3
232341, 3
614654, 2
616071, 3
290576, 3
323606, 3
116341, 3
587529, 3
55666, 3
394013, 2
578691, 3
485362, 3
82526, 3
274789, 3
118386, 3
494367, 3
57055, 3
261845, 3
532887, 3
91292, 1
427713, 3
259430, 3
115134, 3
349727, 3
462578, 3
516878, 3
19098, 3
512391, 3
656245, 3
419962, 3
589554, 3
478326, 3
215742, 3
457817, 3
313046, 3
354133, 3
10433, 3
185908, 3
320053, 3
17519, 3
565053, 3
232785, 3
278020, 3
92953, 3
523141, 3
471079, 3
361211, 3
298311, 3
272871, 3
108032, 3
295416, 3
260319, 1
57900, 3
51260, 3
371825, 3
91158, 2
405113, 3
622952, 3
560724, 3
52196, 3
642023, 3
429468, 3
437671, 3
566214, 3
54073, 3
332849, 3
493734, 3
378032, 3
325408, 3
46189, 3
493221, 3
72460, 3
11240, 3
640733, 3
500960, 3
142523, 3
189049, 3
212162, 3
28318, 3
446250, 3
58684, 3
415856, 2
587839, 3
293547, 3
140993, 3
612993, 3
541978, 3
324211, 3
237783, 3
446357, 3
400461, 3
314620, 3
72551, 3
575974, 3
215404, 3
635422, 3
538734, 3
4532, 3
409784, 3
277103, 3
644755, 3
215245, 3
74403, 2
84426, 3
70131, 3
99753, 3
5791, 3
569258, 3
579721, 3
578749, 3
583727, 3
292427, 3
421599, 3
175969, 3
387362, 3
498313, 3
635738, 3
457933, 3
420446, 2
173757, 3
113413, 3
597846, 3
24953, 3
241114, 3
559413, 2
569081, 3
451421, 3
165976, 3
119685, 3
414654, 3
244707, 3
659020, 3
60912, 3
327476, 3
458898, 3
315814, 3
508182, 3
596384, 3
308981, 3
477112, 3
421959, 3
600753, 3
400239, 3
598787, 3
64679, 3
432411, 3
109138, 3
507415, 3
543103, 3
6999, 3
642200, 3
333808, 3
306781, 3
161220, 3
567762, 3
661179, 3
143963, 3
245051, 3
357254, 3
403696, 3
280190, 3
653835, 3
497261, 3
218393, 3
2796, 3
622159, 3
484028, 3
125975, 2
318820, 3
126570, 3
576185, 3
108981, 2
149617, 3
586763, 3
120024, 3
371355, 3
560339, 3
18187, 3
232221, 3
106774, 3
161461, 3
287614, 3
332027, 3
405216, 3
269412, 3
249283, 3
495363, 3
272414, 3
63310, 2
41643, 3
299712, 3
220096, 3
582229, 3
61634, 3
431462, 2
120296, 3
478570, 3
348997, 3
625285, 3
226650, 3
4781, 3
453934, 3
376441, 3
521731, 3
434675, 3
644708, 3
157946, 3
348929, 3
306394, 3
507989, 3
481389, 2
649841, 3
109454, 3
155494, 3
129858, 2
527319, 3
461162, 2
78148, 3
196047, 3
23225, 3
623633, 3
123170, 3
277066, 3
545279, 3
619280, 3
471935, 1
505969, 3
189220, 3
326440, 3
545059, 3
127023, 3
604882, 3
190775, 3
601145, 3
201598, 3
480961, 3
349009, 3
582371, 3
252303, 3
61819, 3
187287, 3
341686, 3
623093, 3
631063, 3
385169, 3
318748, 3
236353, 3
460964, 3
216475, 3
340911, 3
179180, 3
251943, 3
136222, 3
309433, 3
254708, 3
124870, 3
417498, 3
43269, 2
370172, 3
577228, 3
465440, 3
417233, 1
411846, 3
532048, 3
617817, 3
603703, 3
588312, 3
231284, 3
298493, 3
176955, 3
644626, 3
42083, 3
553727, 3
395823, 1
506042, 3
478964, 3
24645, 3
556869, 3
562036, 3
412955, 3
662364, 3
369384, 3
54961, 3
301770, 2
50226, 3
119473, 3
652087, 3
309269, 3
627623, 3
609198, 3
273240, 3
349059, 2
21054, 3
3820, 3
526783, 3
598624, 1
125524, 3
200539, 3
616719, 3
401832, 3
515505, 3
216549, 3
73375, 3
322706, 3
377265, 3
884, 3
22852, 3
242661, 3
205141, 3
247915, 3
114718, 3
385026, 3
413524, 3
10522, 3
512791, 3
463194, 2
202941, 3
404691, 3
4568, 3
133667, 3
480586, 3
217044, 3
90569, 3
507478, 3
524762, 3
6051, 3
524760, 3
30128, 3
622839, 3
254363, 3
108093, 3
405621, 3
8713, 3
222455, 2
530787, 3
394657, 3
652826, 3
179796, 2
295557, 3
609302, 3
61606, 3
166054, 3
532944, 3
415187, 3
405706, 3
77233, 3
631680, 3
56756, 3
591787, 3
483488, 3
479420, 3
275693, 3
285569, 3
109050, 3
568335, 3
360933, 3
338850, 3
663950, 3
357806, 3
166723, 3
633125, 3
613759, 3
239374, 3
423624, 3
410132, 3
526365, 3
85947, 3
358954, 3
181100, 2
69299, 3
268187, 2
49681, 3
183961, 3
295597, 3
650661, 3
257083, 3
300011, 3
410341, 3
387477, 3
299543, 3
596340, 3
72880, 3
235824, 3
70733, 3
629281, 3
246260, 3
413050, 3
161963, 3
139980, 3
428319, 3
516339, 3
17146, 3
225581, 3
94820, 3
287753, 3
629606, 3
660751, 2
474182, 1
113797, 3
155516, 3
325005, 3
485346, 3
384419, 3
126886, 3
304149, 3
663065, 3
548075, 3
16371, 3
205707, 3
441959, 3
461750, 3
311153, 3
259096, 3
202833, 3
174521, 3
264284, 3
40956, 3
582519, 3
529362, 3
599838, 3
70065, 3
207083, 2
442467, 1
334251, 3
322007, 3
508074, 3
179902, 3
67677, 3
509793, 3
241145, 3
178362, 3
107514, 3
77382, 3
225974, 3
586314, 3
496485, 3
404216, 3
473775, 3
144432, 3
109963, 3
622830, 3
122327, 3
284207, 3
60250, 3
11279, 3
276437, 3
643189, 3
102664, 3
298040, 3
448714, 3
26944, 3
564251, 3
229309, 3
209394, 3
535956, 3
518677, 3
457396, 3
405231, 3
12622, 3
363356, 3
551649, 3
234081, 2
515274, 3
204489, 3
92938, 3
95102, 3
592976, 3
462922, 3
341794, 3
459125, 3
606288, 3
3396, 3
133704, 3
74498, 3
619051, 3
440325, 3
176580, 3
175720, 3
434667, 3
519713, 3
151485, 3
220655, 3
239448, 3
487884, 3
272307, 3
161737, 2
418079, 3
641887, 3
56187, 3
37064, 2
632627, 3
179100, 3
646274, 3
460067, 3
332928, 3
642772, 3
563898, 3
294106, 3
180929, 3
250660, 3
87660, 3
528287, 3
412218, 3
227741, 3
623216, 3
628159, 3
56708, 3
92185, 1
237938, 3
315457, 3
314520, 3
280042, 3
369601, 3
5985, 3
324484, 3
285587, 3
20227, 3
565366, 3
395966, 3
604612, 3
469777, 3
495576, 3
59200, 3
505510, 2
240217, 3
311985, 3
616233, 3
78834, 3
128600, 3
342749, 3
105787, 3
503069, 3
72363, 3
421678, 3
309602, 3
117402, 3
397165, 3
107646, 3
436238, 2
376418, 3
209065, 3
574109, 1
22377, 3
423341, 3
151503, 3
227599, 3
172218, 3
193898, 3
131323, 3
401430, 3
593881, 3
316271, 3
251788, 3
613165, 3
214678, 3
114985, 3
360096, 3
657207, 3
619604, 3
560272, 3
458884, 3
445693, 3
171193, 3
493397, 3
68219, 3
532393, 3
316325, 3
611679, 3
169515, 3
375980, 3
565864, 2
228753, 3
453077, 3
566816, 3
423477, 3
312826, 3
664870, 3
146066, 3
533968, 3
480768, 3
61961, 3
492769, 3
299379, 2
358610, 3
114256, 3
332275, 2
485364, 3
319549, 3
188844, 2
416438, 3
196676, 3
196204, 3
583690, 3
108554, 3
628365, 3
474388, 3
604059, 3
118427, 3
232350, 3
619451, 3
641070, 3
130586, 3
339806, 3
68473, 3
177440, 1
198294, 3
6274, 3
548339, 3
357955, 3
599398, 3
549979, 3
177814, 3
523484, 3
228838, 3
384870, 3
502396, 3
201145, 3
220530, 3
133874, 3
98159, 3
586371, 3
559567, 3
503068, 3
554002, 3
83845, 3
357082, 3
439747, 3
630761, 3
511151, 2
237302, 3
398869, 3
320125, 3
556354, 3
145712, 3
300338, 1
341024, 3
189662, 3
247141, 3
587783, 1
103592, 3
53580, 3
107485, 3
75165, 3
271053, 3
407902, 3
552082, 3
350686, 3
246565, 3
497455, 3
97437, 3
508065, 3
155189, 3
627992, 3
34929, 3
474190, 3
465138, 3
432293, 3
130118, 3
177441, 3
545618, 3
38436, 1
329234, 3
281363, 3
565761, 3
214624, 3
427753, 3
257622, 3
113044, 3
229062, 3
6622, 3
394285, 2
375328, 3
22100, 3
649593, 3
33785, 3
76238, 3
369875, 3
218214, 3
107287, 3
29262, 3
63246, 1
47766, 3
23882, 3
468878, 3
202350, 3
662855, 3
661351, 3
248210, 3
44697, 3
86664, 3
76000, 3
102240, 3
227907, 3
650416, 3
295861, 3
19967, 3
321110, 3
611200, 3
602461, 3
353468, 3
406423, 3
537753, 3
243760, 3
461433, 3
186533, 3
477853, 3
425324, 3
430708, 3
13368, 3
61346, 3
418450, 3
427937, 3
102223, 3
272250, 3
493046, 2
74778, 3
623265, 2
111523, 3
115079, 3
324285, 3
42085, 3
315715, 3
66381, 3
574541, 3
11253, 3
1928, 3
611167, 3
274898, 3
637020, 3
625267, 3
549267, 3
625262, 3
618501, 3
604465, 3
609103, 3
468303, 3
318676, 3
559428, 3
291781, 3
405372, 3
229225, 3
221763, 3
515831, 3
542498, 3
71665, 3
317985, 2
243267, 3
400758, 3
10429, 3
216466, 3
48072, 2
298915, 3
356799, 3
203577, 3
664687, 3
475626, 3
368276, 3
187238, 3
2894, 3
225120, 3
361951, 3
265402, 3
19095, 3
125045, 3
165104, 3
211721, 3
421393, 3
573856, 3
213483, 3
413401, 3
281503, 3
532049, 3
524931, 2
564555, 3
391883, 3
558879, 3
322048, 3
411790, 3
632007, 3
7612, 3
387142, 3
163328, 3
639373, 3
386631, 3
392672, 3
100957, 3
448634, 3
653040, 1
79880, 3
236350, 3
473258, 3
552907, 3
144299, 3
636213, 3
532082, 2
5029, 3
511281, 3
75681, 3
605153, 3
466094, 3
480460, 3
84664, 3
543170, 3
528517, 3
586791, 3
37411, 3
156869, 3
595036, 2
617796, 3
487151, 3
7478, 3
291110, 3
539971, 3
330877, 3
524956, 3
158556, 3
198605, 3
534332, 3
216696, 3
71313, 3
229063, 3
101884, 3
493972, 3
77183, 1
377122, 3
491898, 3
47080, 3
267851, 3
503972, 3
213201, 3
412157, 3
165076, 3
203052, 3
493378, 3
525255, 3
37553, 3
91215, 1
315419, 3
277338, 3
472962, 3
35283, 3
349541, 3
322284, 3
431410, 3
643511, 3
646934, 3
350574, 3
563744, 3
276098, 3
578708, 3
89648, 3
530022, 3
66955, 3
583465, 3
21551, 3
648998, 3
405870, 3
478390, 2
96822, 3
23663, 3
638202, 3
598571, 3
430514, 3
51764, 3
503750, 3
98732, 3
592273, 3
496018, 3
551294, 3
163262, 3
111922, 3
118610, 3
247680, 3
443461, 3
387621, 3
81068, 3
300971, 3
494850, 3
648889, 3
612671, 3
651975, 3
70380, 3
345571, 3
178464, 3
295833, 3
397916, 3
219940, 3
491683, 3
424113, 3
100527, 3
160649, 3
456729, 3
473091, 3
30059, 2
206382, 3
234075, 3
163844, 3
91915, 3
288274, 3
595443, 3
46554, 3
346645, 3
468181, 3
638627, 3
127621, 3
256668, 3
154705, 3
32016, 2
460574, 3
207713, 3
214753, 3
322343, 3
591650, 3
328143, 3
332576, 3
557599, 3
240861, 3
601636, 3
198109, 3
565268, 3
334853, 3
318172, 3
430685, 3
521968, 3
538833, 2
356573, 3
625935, 3
545094, 3
213797, 3
77561, 3
160752, 3
21393, 3
558935, 3
98399, 3
549354, 3
420799, 3
224469, 3
504398, 3
598803, 3
246607, 1
4775, 3
326072, 3
582967, 3
409391, 3
419855, 3
137073, 3
504238, 3
194146, 3
348861, 3
223584, 3
160939, 3
516872, 3
614485, 3
161363, 3
493977, 3
590569, 3
626830, 3
662401, 3
557273, 3
248090, 2
115337, 3
440622, 3
39629, 3
114474, 3
354088, 3
386417, 3
507752, 3
623452, 2
205497, 3
152902, 3
364402, 3
337708, 3
515594, 3
469341, 3
432526, 3
99111, 3
576694, 3
650922, 3
271187, 3
57722, 3
10731, 3
32820, 3
371419, 3
41153, 3
614013, 3
3348, 3
389153, 3
397218, 3
407250, 3
561203, 3
447374, 3
444290, 3
509862, 3
343651, 3
222279, 3
240360, 3
240300, 3
361783, 3
332818, 3
421974, 3
524379, 3
132002, 3
423259, 3
417693, 3
658348, 3
218373, 3
260665, 2
265712, 3
582329, 3
505140, 3
360337, 3
51076, 3
645415, 3
583943, 3
308175, 3
225889, 3
182372, 3
325664, 3
555168, 3
1467, 3
259305, 3
561982, 3
354392, 3
622736, 3
245656, 3
74657, 3
116900, 3
539462, 3
50891, 3
208026, 3
167345, 3
460483, 3
321882, 3
399191, 3
419643, 3
632545, 3
280427, 3
317493, 3
241953, 3
255981, 3
86482, 3
361762, 3
574485, 3
9997, 3
4373, 3
530707, 3
336079, 3
488930, 3
30150, 3
560048, 3
60982, 3
574305, 3
126334, 3
506746, 3
239447, 3
75788, 3
569245, 3
511330, 3
656327, 3
262499, 3
196232, 3
405392, 3
665363, 3
6923, 3
227986, 3
526705, 3
405046, 3
108183, 3
106207, 3
162441, 3
232817, 3
99655, 3
412697, 3
659597, 3
121047, 3
399537, 3
222919, 3
339718, 3
55542, 3
399836, 3
330944, 3
149652, 3
570541, 3
460899, 1
293140, 3
400659, 3
147996, 3
40036, 3
278133, 3
495030, 3
120314, 3
586709, 3
241940, 3
44491, 2
283945, 3
480634, 3
56351, 3
275594, 3
7752, 2
193559, 3
221173, 3
192005, 3
332372, 3
564150, 3
323283, 3
268591, 3
427942, 3
603881, 3
358276, 3
286945, 3
405816, 3
348184, 3
542833, 3
46672, 3
308827, 3
401021, 3
477973, 3
107367, 3
308551, 3
191293, 3
361124, 3
149662, 3
421778, 3
6089, 3
235058, 3
311956, 3
126333, 3
81192, 3
391664, 3
350271, 3
210268, 3
414520, 3
341636, 3
195485, 3
233927, 3
147095, 3
357134, 3
577537, 3
128285, 3
488527, 3
266536, 3
407184, 3
241879, 3
511993, 3
600163, 3
200108, 3
426770, 3
144665, 3
251625, 3
54510, 3
220160, 1
113292, 3
451347, 2
200421, 3
76335, 3
493265, 3
340234, 1
127157, 3
434953, 3
51307, 3
197001, 3
483305, 3
585688, 2
482040, 3
10103, 3
231971, 3
409048, 3
182389, 3
237163, 3
559414, 3
278717, 3
112391, 3
468289, 3
284472, 3
513386, 3
379878, 3
533059, 3
162141, 3
300626, 3
119441, 3
175032, 3
161684, 3
456174, 3
223312, 3
177951, 3
543134, 3
33447, 2
98968, 3
594171, 3
360183, 3
388735, 3
62335, 3
218909, 3
219426, 1
86354, 3
330235, 3
273947, 3
260109, 3
116498, 3
159140, 3
401663, 3
649501, 3
215276, 3
504843, 3
230112, 3
250841, 3
237152, 3
220003, 3
319040, 3
87853, 3
581216, 3
90954, 3
267336, 3
341163, 3
445299, 3
484452, 3
401379, 3
217558, 3
184143, 3
558347, 3
160825, 3
565114, 3
533238, 3
307391, 3
91650, 3
100528, 3
665170, 3
534756, 3
232604, 3
127639, 3
53442, 3
444409, 3
151459, 2
632315, 3
115615, 3
277416, 3
221266, 3
359899, 2
472319, 3
530034, 3
582284, 3
133742, 3
90842, 3
302934, 3
265823, 3
234151, 3
461928, 3
172432, 3
258139, 3
405587, 3
203365, 3
165931, 3
100749, 3
135654, 1
581805, 3
106859, 3
234065, 3
187609, 2
159794, 3
630920, 3
279158, 3
138943, 3
246580, 3
276101, 3
7450, 3
576873, 3
479160, 3
14976, 3
623348, 3
468357, 3
238349, 3
114576, 3
19865, 3
396119, 3
85911, 3
54840, 3
478382, 3
184836, 3
293517, 3
452121, 3
267015, 3
626379, 3
518544, 3
650029, 3
589057, 3
222628, 3
648812, 3
596204, 3
408741, 3
639021, 3
655309, 3
89322, 3
443184, 3
663022, 1
489720, 3
515569, 3
208486, 3
107210, 2
93809, 3
242739, 2
195381, 3
612420, 3
63654, 3
555190, 3
106466, 3
629237, 3
340474, 3
106895, 3
631697, 3
626435, 3
537159, 3
159565, 3
389447, 3
564284, 2
503259, 3
635500, 3
9692, 3
117214, 3
354058, 3
191683, 3
234179, 3
344918, 3
192876, 3
31702, 3
297122, 3
603223, 3
446809, 3
344973, 3
118234, 3
577977, 3
97927, 3
420909, 3
16825, 3
232622, 3
14900, 3
312071, 2
206431, 3
607844, 3
239838, 3
389618, 3
515620, 3
558971, 3
403227, 3
509875, 3
54527, 3
292043, 3
47466, 3
240928, 3
598777, 3
621397, 3
326274, 3
138843, 3
228150, 3
420239, 3
9015, 3
502444, 3
22570, 3
441976, 3
343680, 3
211035, 3
303226, 3
145275, 3
130532, 3
655013, 3
279318, 3
487044, 3
117046, 3
13971, 3
496094, 3
58607, 3
313763, 3
558309, 3
238197, 3
221596, 3
429461, 3
350249, 3
107076, 3
130459, 3
376190, 3
496619, 3
65998, 3
502341, 3
78814, 3
455729, 3
613939, 3
159542, 3
437812, 3
323683, 3
345925, 3
384797, 3
110945, 3
249017, 3
282273, 3
154848, 3
422820, 3
600415, 3
525264, 3
396886, 3
562908, 3
20367, 3
361355, 2
18097, 3
131386, 3
513741, 3
148925, 3
54461, 3
81323, 3
242036, 3
377354, 3
441007, 3
596304, 3
137188, 3
244574, 3
508289, 2
483955, 3
174802, 3
100762, 3
442778, 3
635541, 3
291069, 3
475967, 3
437384, 3
223985, 3
256393, 3
481518, 3
270018, 3
175167, 3
531710, 3
291503, 3
239985, 3
576761, 3
96435, 3
151106, 3
47723, 3
32591, 3
39223, 3
381073, 3
225350, 3
158241, 3
195191, 3
243993, 3
154374, 3
399906, 3
240702, 3
268020, 3
434881, 3
16294, 3
259385, 3
559379, 3
572359, 3
438854, 3
452450, 3
519296, 3
263471, 3
326031, 3
91220, 2
92251, 3
313055, 3
600018, 3
600592, 3
379122, 3
483424, 3
473871, 3
500788, 3
167017, 3
513557, 3
31875, 2
223209, 3
503777, 3
220147, 3
477833, 3
309586, 3
436146, 3
223603, 3
649411, 3
384971, 3
209487, 3
102942, 2
259802, 3
302997, 3
659869, 3
75645, 3
586392, 3
473350, 3
315793, 3
539641, 3
437670, 3
86496, 3
6544, 3
80031, 3
588313, 3
369460, 3
298940, 3
54286, 3
406942, 3
21449, 3
328464, 3
402234, 3
49741, 3
458355, 3
188005, 3
426608, 3
575701, 3
442575, 3
100048, 3
579354, 3
635632, 3
648096, 3
365856, 3
281745, 3
197010, 3
506564, 3
223021, 3
399095, 3
184383, 3
310188, 3
17683, 3
489630, 3
396291, 3
541520, 3
292713, 3
58094, 3
523783, 3
504248, 3
152951, 2
16248, 3
43900, 3
78443, 3
147247, 3
626620, 3
566406, 3
264655, 2
428951, 3
160046, 3
86559, 3
239932, 3
76469, 3
626258, 3
283584, 3
76587, 3
14890, 3
289317, 3
5587, 3
45311, 3
208910, 3
549003, 3
561150, 3
102990, 3
411458, 3
6157, 3
286436, 3
458065, 3
505289, 3
444122, 3
186337, 3
110828, 3
521468, 3
425382, 3
131543, 3
332876, 3
33838, 3
660241, 3
147060, 3
485577, 3
626028, 3
531381, 3
271756, 3
18506, 3
609711, 3
599488, 3
160234, 3
114622, 3
234685, 2
181876, 2
531609, 3
14989, 3
415313, 3
55580, 3
510401, 3
99094, 3
557973, 3
69125, 2
516026, 3
171783, 3
650025, 3
285307, 3
615500, 3
408215, 3
192884, 3
531921, 3
396913, 3
554743, 3
90287, 3
206959, 3
36262, 3
495921, 3
141098, 3
288872, 3
75136, 3
98358, 2
618704, 3
237717, 3
273154, 3
142705, 3
209789, 3
205690, 3
311760, 3
3651, 3
372258, 3
111696, 3
298250, 2
638705, 3
355919, 3
308518, 3
288149, 3
424167, 1
238233, 2
323032, 3
590585, 3
230732, 3
74025, 3
569233, 3
525616, 3
593693, 3
605575, 3
37098, 3
252997, 3
191247, 3
486833, 3
520911, 3
220543, 3
639455, 3
463516, 3
246999, 3
219663, 3
119146, 3
421282, 3
489621, 3
139612, 3
388461, 3
53071, 3
633335, 3
566372, 3
71972, 3
276291, 3
482608, 3
169075, 3
202999, 3
316862, 3
436982, 3
620981, 3
201461, 3
221632, 3
292426, 3
566282, 3
505129, 3
260028, 3
74196, 2
421219, 3
43343, 3
592312, 3
114928, 3
241302, 3
134650, 3
199313, 3
13102, 3
372298, 3
465368, 3
579804, 3
132868, 3
292524, 3
80782, 3
514058, 3
526176, 3
357985, 3
325576, 3
116720, 3
30316, 3
40471, 3
37280, 2
607498, 3
124299, 3
267822, 3
643452, 3
308158, 3
327928, 3
501839, 3
182799, 3
3617, 3
378996, 3
635976, 3
613728, 3
357164, 3
41002, 3
300316, 3
275984, 3
321551, 2
630828, 3
640115, 3
474371, 3
27565, 3
61646, 3
235918, 3
233198, 3
158171, 3
71584, 3
562981, 3
239921, 3
425166, 3
586311, 3
274465, 3
289405, 3
165491, 3
87314, 3
567614, 3
641201, 3
6369, 3
364902, 3
341803, 1
233048, 3
652899, 3
262262, 1
130212, 3
218179, 3
104236, 3
44359, 3
660489, 3
237398, 3
647286, 3
431714, 3
430375, 3
369960, 3
161648, 3
521986, 3
557872, 3
549673, 3
327396, 3
653055, 3
656675, 3
31904, 3
93429, 3
485070, 2
649155, 3
197485, 3
205720, 3
84832, 3
183537, 2
248289, 3
483271, 3
383908, 3
658400, 3
31254, 3
638240, 3
252711, 2
460557, 3
543784, 3
660102, 3
165570, 3
88267, 2
426832, 3
526114, 3
354460, 3
5026, 3
389223, 2
595426, 3
644015, 2
215798, 3
347727, 3
570320, 3
488632, 3
369653, 3
458675, 3
56398, 2
382920, 3
169584, 3
458699, 3
222185, 3
340625, 3
305841, 3
560440, 3
50480, 1
354980, 2
383129, 3
300387, 3
405066, 3
103114, 3
328612, 3
542989, 3
31039, 3
167553, 3
573653, 3
305482, 3
385031, 3
357658, 3
203890, 3
593575, 3
232157, 3
269361, 3
465175, 3
145454, 3
623310, 3
163254, 3
261562, 3
307619, 3
334216, 3
286264, 3
656042, 3
594278, 3
210634, 3
233331, 3
238492, 3
195038, 3
286620, 3
400645, 3
200304, 2
260353, 2
192144, 3
422470, 3
400427, 3
38349, 3
163480, 3
68377, 3
14227, 3
228479, 3
251328, 3
277527, 3
563791, 3
193366, 3
549439, 3
80479, 3
200899, 3
362344, 3
180999, 3
432521, 3
44365, 3
76889, 3
172919, 2
592649, 3
127227, 3
625747, 3
132509, 3
36595, 3
178782, 3
560090, 3
65613, 3
646616, 2
191938, 3
431293, 3
265501, 3
43363, 3
137239, 3
3702, 3
426386, 3
247850, 3
84510, 3
462638, 3
590409, 3
548127, 3
509751, 3
260629, 3
55790, 3
32358, 3
426894, 3
528328, 3
17337, 3
138558, 3
370639, 3
116119, 3
368301, 3
97647, 3
106872, 3
397569, 3
577521, 3
205617, 3
422038, 3
596604, 3
541976, 3
244730, 3
579053, 3
209110, 3
518340, 3
2880, 3
593345, 3
56138, 3
119027, 3
399331, 3
63739, 3
143519, 3
344017, 3
570356, 3
426619, 3
260012, 3
320757, 3
381444, 3
646712, 3
357317, 3
635901, 3
495781, 3
88008, 3
81204, 3
596752, 3
454379, 3
373999, 3
538628, 3
214315, 3
65826, 3
18012, 3
117356, 3
250251, 3
22086, 3
112388, 3
94473, 3
617892, 3
238053, 3
128156, 3
197471, 3
385003, 3
120450, 3
108414, 3
548727, 3
160245, 3
162116, 3
323558, 3
90234, 2
9276, 3
484171, 3
471277, 3
645628, 3
140811, 3
569799, 3
558257, 3
294793, 3
146823, 3
633293, 3
271340, 3
624384, 3
594367, 3
497058, 3
311561, 3
387860, 3
246554, 3
84835, 3
380277, 3
48402, 3
51158, 3
286153, 3
427548, 3
308510, 3
23161, 3
481825, 3
657521, 2
631313, 3
23787, 3
594938, 3
179516, 3
500510, 3
112288, 3
492700, 3
202705, 3
421211, 3
579814, 3
466488, 3
161671, 3
87113, 3
8730, 3
406700, 3
613848, 1
487987, 3
278153, 3
341182, 3
476408, 3
303497, 3
656659, 3
52988, 3
30876, 3
121442, 3
513088, 3
175662, 3
28569, 3
319218, 3
407616, 3
279468, 3
327728, 3
355241, 3
446902, 3
279267, 3
358712, 3
511759, 3
584997, 3
391620, 3
525003, 3
570193, 3
233285, 3
475082, 3
21063, 3
372708, 3
640118, 3
398408, 3
514352, 3
265238, 3
342235, 3
291703, 3
461767, 3
501115, 3
172286, 3
402862, 3
76304, 3
13821, 3
442824, 3
658601, 2
551950, 3
643, 3
19166, 3
157480, 3
488015, 3
569531, 3
261893, 3
133462, 3
411620, 3
277127, 3
403590, 3
515390, 3
366630, 3
260803, 3
182384, 2
307456, 3
397491, 3
249375, 3
295284, 3
466987, 3
318879, 3
380455, 3
661433, 3
460450, 3
52538, 3
585932, 3
431995, 3
592775, 3
234297, 1
308119, 3
231301, 3
403884, 3
429009, 3
485227, 3
463646, 3
168487, 3
625678, 3
620899, 3
11670, 3
442431, 3
396581, 3
135201, 3
161927, 3
38306, 3
639953, 3
191384, 3
2501, 3
18426, 3
159596, 3
67813, 3
134425, 3
157659, 3
226606, 3
329694, 3
8831, 3
73081, 3
50915, 3
449521, 3
558122, 3
349615, 3
294265, 3
352275, 3
478547, 3
451238, 3
641504, 3
555061, 3
512631, 3
318312, 1
345874, 3
185300, 3
561198, 3
214195, 3
246514, 3
96370, 3
220197, 3
94961, 3
214909, 3
399012, 3
562843, 3
260627, 2
172548, 3
318628, 3
10477, 3
589984, 3
351623, 3
210862, 3
59538, 2
634633, 3
562689, 2
621438, 3
477460, 3
565878, 2
214208, 3
329812, 3
516200, 3
452528, 2
108618, 3
190479, 3
574329, 3
227001, 3
82639, 3
490883, 3
412158, 3
464972, 3
371684, 3
531718, 3
20359, 3
451497, 3
626832, 3
89786, 3
67588, 3
187149, 3
499312, 3
484564, 3
474206, 3
41330, 3
167897, 3
226148, 3
368477, 3
583891, 3
661110, 3
275138, 3
69139, 3
444512, 3
247419, 3
240825, 3
423156, 3
582542, 3
116986, 3
288972, 3
162693, 3
577989, 3
531560, 3
472268, 3
596069, 2
554274, 3
597643, 3
40427, 3
285923, 3
569559, 3
233358, 3
323796, 3
290528, 3
338331, 3
302461, 3
546815, 3
545207, 3
182353, 3
232152, 3
125651, 3
348935, 3
648251, 3
478846, 3
619603, 2
320398, 3
526407, 3
605818, 3
130627, 3
573518, 3
341855, 3
232928, 3
374342, 3
369016, 3
182420, 3
45504, 3
611209, 3
357625, 3
573331, 3
87410, 3
316233, 3
223092, 3
27233, 3
591206, 3
480255, 3
422172, 3
579345, 3
159519, 3
358079, 3
233042, 3
516957, 3
385671, 3
469723, 3
217445, 3
415278, 3
340756, 3
558492, 3
146520, 3
19037, 3
379058, 2
148393, 3
451075, 3
30071, 3
498743, 2
334065, 3
81957, 3
621370, 3
239611, 3
544669, 3
573701, 3
172085, 3
499396, 3
314100, 3
325026, 3
540879, 3
94296, 3
605368, 2
538103, 3
558423, 3
272105, 3
516393, 3
646416, 3
265630, 3
120452, 2
60634, 3
406554, 2
73674, 1
167196, 3
358006, 3
577976, 2
473566, 3
268375, 3
578824, 3
337387, 3
654681, 3
47482, 3
438633, 1
456659, 3
659514, 3
130855, 3
542691, 3
123079, 3
515092, 3
230312, 3
44818, 3
175384, 3
347967, 3
236979, 3
584205, 3
175444, 3
394817, 3
413750, 3
606706, 3
291353, 3
657216, 3
333899, 3
498322, 2
140052, 3
596510, 3
356244, 3
86722, 3
505714, 3
433823, 3
55935, 3
375851, 3
42376, 3
416337, 3
107589, 3
634621, 3
166029, 3
191906, 3
499896, 2
633370, 3
311898, 3
57325, 3
114121, 3
482952, 3
413416, 3
186163, 3
425012, 3
646503, 3
242357, 3
352891, 3
520923, 3
482584, 3
570744, 3
402218, 3
561418, 3
44085, 3
136191, 3
494604, 1
213051, 3
7483, 3
240093, 3
205888, 3
649320, 3
366687, 3
276670, 3
170983, 3
414664, 3
502814, 3
472220, 3
357789, 3
345221, 3
619633, 3
549795, 3
598843, 3
655954, 3
252481, 3
32717, 3
586943, 3
23695, 3
137630, 3
297027, 3
269415, 3
385563, 3
401326, 3
206314, 2
283990, 3
177130, 3
250904, 3
33001, 3
239404, 3
539977, 3
411634, 3
205277, 3
256639, 3
329161, 3
617164, 3
294899, 3
213255, 1
476685, 3
579815, 3
577156, 3
487103, 3
323290, 3
492766, 3
147100, 1
492178, 3
496019, 3
663463, 1
547538, 3
601340, 3
364628, 3
146329, 1
14582, 3
579421, 3
314218, 3
45084, 1
8542, 3
231017, 3
281707, 3
354401, 3
518314, 1
429735, 2
383266, 3
503763, 3
601015, 3
182616, 3
306421, 3
363699, 3
600673, 3
399954, 3
260238, 3
102632, 3
340551, 3
524961, 2
636907, 3
49279, 3
419803, 3
57826, 3
215049, 3
643500, 3
300601, 2
312333, 3
520272, 3
535830, 3
614620, 3
605218, 2
103082, 3
565728, 2
412420, 3
433092, 3
185167, 3
257667, 3
326576, 3
516375, 3
654159, 3
160072, 3
540034, 3
135217, 3
113115, 3
443831, 3
249442, 3
501053, 3
227075, 3
526141, 3
200491, 3
18007, 3
468496, 3
623608, 3
451520, 3
117636, 3
133718, 3
319906, 3
590675, 1
627422, 3
590896, 3
420614, 3
500297, 3
32124, 3
195341, 3
120966, 3
45204, 3
236939, 3
16012, 3
185811, 1
191229, 3
406789, 3
658011, 3
631912, 3
1747, 3
420749, 3
153851, 3
378815, 1
552336, 3
462686, 3
194135, 3
129416, 3
455956, 3
390710, 3
435059, 2
282784, 3
474703, 3
240716, 3
544067, 3
599056, 3
47408, 3
284572, 3
599509, 3
331715, 3
527244, 3
452595, 3
178126, 3
175415, 3
282598, 3
174301, 1
496747, 3
664639, 3
287539, 3
146508, 3
384869, 3
467630, 3
276816, 3
665201, 3
208127, 3
76410, 3
375776, 3
554531, 3
660917, 3
312423, 3
495749, 3
651425, 3
237941, 3
467188, 3
69275, 3
358387, 3
142742, 3
141540, 3
195190, 3
509654, 3
10817, 3
654797, 3
591593, 3
358377, 3
519621, 3
110662, 3
199907, 2
570867, 3
224368, 3
7963, 3
73051, 3
471186, 3
476719, 3
368072, 3
81503, 3
5868, 3
399573, 3
229817, 3
190249, 2
562546, 3
197267, 3
419624, 3
201381, 3
204740, 3
56069, 3
338267, 3
450774, 3
317939, 3
235050, 3
87839, 3
178099, 2
200958, 3
214972, 3
481806, 3
369499, 3
150864, 3
437386, 3
501619, 3
285515, 3
357732, 3
227896, 3
433663, 3
581593, 3
526932, 3
457676, 3
403185, 3
262815, 3
6404, 3
528246, 3
201035, 3
392048, 3
81121, 3
602428, 3
437482, 3
585251, 3
236370, 3
245238, 3
614674, 3
326088, 3
454686, 3
554993, 3
310170, 3
346287, 3
600808, 3
339689, 3
285926, 3
81228, 3
629755, 3
330463, 3
549358, 3
247630, 3
37275, 3
94577, 3
282262, 3
321116, 3
412558, 3
335911, 3
86754, 3
30758, 3
1178, 3
500089, 3
450788, 3
551495, 3
189151, 3
423656, 3
646910, 3
146198, 3
277921, 3
278322, 3
413066, 3
597037, 2
634413, 3
427782, 3
64630, 3
238316, 3
96482, 3
331596, 3
208575, 2
215749, 3
222253, 2
517109, 3
647632, 3
299920, 3
298053, 1
551293, 3
509031, 3
643878, 3
136858, 3
116401, 3
129501, 3
344875, 3
494157, 3
385330, 3
130934, 3
539061, 2
387886, 3
630777, 2
357908, 3
607719, 3
433331, 3
143048, 3
8471, 3
280593, 3
394589, 3
394404, 3
271533, 3
617172, 3
258699, 3
126239, 3
255926, 3
396473, 3
639318, 2
281231, 3
475479, 3
62221, 3
19060, 3
35813, 3
543620, 3
274894, 3
644563, 3
112167, 3
483227, 3
587823, 3
621037, 3
279367, 3
549199, 3
388470, 3
523054, 3
224624, 3
255828, 3
246684, 3
199070, 3
319110, 3
354491, 3
225829, 3
332573, 3
211377, 3
5356, 3
434375, 3
477551, 3
271715, 3
128477, 3
210356, 2
430835, 3
415303, 3
471297, 3
547870, 3
402809, 3
26771, 3
203031, 3
192584, 3
179179, 3
520507, 2
467706, 3
375188, 3
448819, 3
44881, 3
386448, 3
332892, 3
385344, 3
621877, 3
585917, 3
125462, 3
348521, 3
199735, 3
155482, 3
148885, 3
162439, 3
198766, 3
457191, 3
165879, 3
284885, 3
438975, 3
67408, 3
585651, 3
557757, 3
311197, 3
441841, 3
205455, 3
52465, 3
228549, 3
325080, 3
385586, 3
536860, 3
294258, 3
33963, 3
281239, 3
341171, 3
23518, 3
476147, 3
247149, 3
153400, 3
284877, 3
371746, 3
544672, 3
353544, 2
344965, 3
200116, 3
23384, 3
140211, 3
166046, 3
99932, 3
309041, 3
61888, 3
620015, 3
1833, 3
427162, 3
372981, 3
599724, 3
161890, 3
525896, 3
543221, 3
599717, 3
604464, 3
637149, 3
541781, 3
405965, 3
158428, 3
328688, 3
635906, 3
398540, 3
381259, 3
620171, 3
67627, 3
345719, 3
78646, 3
187874, 3
138695, 3
411810, 3
183606, 3
169922, 3
366284, 3
185691, 3
458174, 3
291065, 3
489606, 3
228771, 3
298517, 3
58366, 3
95798, 3
590207, 3
246160, 3
622699, 1
176832, 3
279401, 3
9384, 3
408442, 3
532723, 3
388858, 3
108804, 3
526449, 3
326759, 3
513552, 3
510607, 3
642030, 3
463709, 1
132117, 3
418542, 3
353422, 3
178842, 3
625915, 3
355769, 3
328696, 2
452326, 2
345700, 3
308028, 3
390178, 3
592144, 3
428761, 3
645159, 3
41030, 3
183096, 3
163886, 3
620814, 3
346428, 3
633049, 3
507988, 3
505272, 3
574549, 3
35988, 3
60342, 3
411210, 3
230335, 3
615677, 3
97232, 3
251790, 3
653972, 3
648433, 3
539596, 3
621703, 3
442045, 3
482264, 3
542308, 3
484384, 2
412714, 3
577243, 3
338305, 3
227928, 3
611077, 3
523305, 3
343738, 3
102093, 3
573196, 3
581024, 3
542219, 3
84526, 3
48163, 3
457725, 3
12893, 3
454685, 3
620941, 3
264289, 3
18278, 3
276471, 3
174704, 3
16547, 3
280178, 3
177000, 3
613408, 3
580184, 2
163426, 3
208426, 3
274222, 3
61551, 3
444382, 3
168982, 3
300534, 3
41073, 3
79883, 3
230222, 3
376311, 3
647946, 3
563180, 3
532907, 3
499734, 3
163722, 3
343816, 1
539110, 3
350368, 2
511079, 3
378841, 3
519036, 3
192500, 3
408595, 3
637967, 3
58608, 3
436925, 3
448686, 3
234339, 2
371993, 3
434127, 3
312176, 3
504116, 3
37188, 3
315349, 3
364660, 3
500272, 3
195109, 3
469957, 1
183066, 3
272694, 3
521328, 3
16886, 3
440213, 3
643773, 3
499993, 3
520309, 3
353156, 3
343664, 3
88497, 3
334888, 3
470694, 3
656947, 3
571061, 3
126186, 3
642844, 1
504817, 3
618208, 3
197643, 3
152710, 3
112852, 3
630383, 3
129409, 3
397555, 3
399779, 3
450572, 3
284849, 3
282673, 3
656651, 3
493451, 3
572674, 3
77110, 3
187045, 3
189289, 3
267985, 3
20623, 3
47694, 3
377283, 3
186658, 3
602826, 3
63905, 3
120703, 3
652242, 3
235755, 3
144616, 3
27827, 3
93799, 3
214690, 3
377424, 3
446754, 3
300610, 3
384131, 3
615575, 3
261555, 2
494085, 2
611525, 3
187399, 3
214586, 3
580749, 3
319894, 3
386067, 3
543575, 3
226491, 3
511138, 3
89923, 3
432012, 3
330467, 3
439173, 3
439368, 3
365017, 3
587350, 3
564025, 3
460797, 3
333368, 3
484547, 2
403103, 3
377493, 3
227906, 3
17233, 3
380483, 3
398586, 3
39611, 3
190426, 3
439402, 3
226590, 3
489840, 3
630833, 2
79560, 3
428008, 3
227338, 3
481922, 3
117338, 3
648921, 3
305551, 3
580524, 3
234781, 3
94225, 2
554243, 3
305889, 3
266956, 3
613683, 3
508970, 3
97913, 3
612377, 3
301215, 3
483579, 3
30011, 3
418511, 3
288865, 1
461287, 3
580654, 3
244336, 3
324530, 3
74163, 3
424997, 3
243093, 2
582233, 3
498974, 3
333196, 3
371219, 3
84370, 3
637068, 3
552509, 3
664737, 3
607189, 3
222177, 3
127398, 3
9845, 3
643880, 3
229115, 3
567374, 1
306696, 3
440625, 3
312157, 3
284123, 3
261487, 3
633132, 3
73712, 3
595016, 3
54443, 3
129374, 3
516274, 3
125487, 3
397766, 3
249938, 3
41428, 3
549375, 3
658367, 3
331505, 3
12726, 3
611274, 1
25658, 3
352833, 3
532869, 3
76891, 3
462902, 3
429659, 3
591851, 3
505475, 3
191670, 3
7720, 3
220617, 3
616752, 3
636440, 3
488043, 3
78056, 3
218450, 3
27840, 3
402126, 3
412038, 3
457134, 3
24104, 3
527983, 3
334431, 3
498437, 3
68240, 3
330069, 3
398700, 3
118765, 3
172190, 3
277135, 3
416362, 3
427675, 3
128027, 1
185831, 3
104455, 3
160273, 3
298202, 3
480446, 3
654675, 3
426012, 3
412708, 3
610827, 3
516178, 3
335322, 3
494938, 3
587035, 3
322027, 3
350642, 3
153261, 3
527370, 2
36557, 3
228080, 3
518516, 3
472566, 3
326526, 3
326529, 3
432785, 3
430739, 3
580039, 3
597603, 3
501376, 3
170035, 3
444998, 3
6201, 3
508875, 1
479444, 3
215138, 3
435723, 2
13864, 3
575538, 3
557863, 3
201803, 3
155420, 3
476518, 3
634030, 3
476990, 3
44976, 3
292624, 3
595117, 3
459681, 3
338490, 3
378934, 3
243231, 3
265759, 3
446117, 3
561462, 3
357766, 3
275380, 3
520817, 3
175735, 3
174149, 3
199596, 2
219578, 3
204407, 3
638917, 3
150898, 2
361527, 3
284864, 3
231091, 3
603744, 3
543714, 2
422755, 3
640840, 3
36163, 3
40670, 3
322271, 3
361745, 3
118266, 3
497215, 3
506094, 3
150156, 3
279994, 3
420711, 3
561952, 3
453454, 3
569920, 2
244816, 3
462822, 3
479043, 3
223274, 3
140760, 3
79150, 3
288605, 3
66307, 3
120633, 3
137219, 3
624214, 3
580975, 3
414993, 3
417477, 3
166558, 3
577916, 3
345089, 3
274433, 3
89525, 2
461488, 3
225557, 3
91383, 3
34479, 3
96308, 3
340226, 3
288047, 3
540139, 3
432354, 3
631821, 3
326111, 2
315447, 3
546409, 3
662726, 3
428944, 3
408210, 3
485995, 3
481492, 3
99458, 3
659456, 3
98119, 3
211502, 3
526938, 2
467615, 3
577627, 3
93235, 3
79813, 3
334795, 3
432197, 3
492848, 3
34003, 3
295876, 3
405832, 3
296371, 3
366087, 3
661888, 3
602820, 3
72079, 3
270237, 3
513794, 3
15867, 3
648169, 3
532611, 3
604050, 3
608686, 3
483752, 3
654167, 3
125924, 3
652511, 3
619975, 3
534713, 3
294677, 3
337426, 3
5409, 3
117472, 3
614660, 3
94142, 3
469814, 3
615828, 3
41685, 3
282358, 3
504863, 3
381151, 3
478893, 3
85857, 3
416977, 3
253467, 2
330780, 3
34398, 3
331243, 3
547947, 3
340175, 3
40631, 3
296449, 3
437461, 3
383073, 3
74512, 3
542792, 3
211426, 3
109452, 3
133236, 3
385864, 3
103107, 3
231076, 3
557050, 3
86941, 3
383460, 3
439915, 3
219029, 3
51687, 3
430896, 3
12286, 3
576881, 3
650945, 3
248806, 3
501214, 2
517232, 3
836, 3
466218, 3
328279, 3
595988, 3
588886, 3
448704, 3
603162, 3
452417, 3
235834, 3
328002, 3
340011, 3
258097, 3
629561, 3
596351, 3
393122, 3
19300, 3
520085, 3
354479, 3
61781, 3
577992, 3
453818, 3
169626, 3
403442, 3
359230, 3
123622, 3
569881, 3
281477, 3
208448, 3
629682, 3
13823, 3
640634, 3
15037, 3
543174, 3
105811, 3
624284, 3
249731, 3
354105, 3
663315, 3
26968, 3
186429, 3
494789, 3
561642, 3
49811, 1
337430, 3
97007, 3
263056, 3
577756, 3
450405, 3
117437, 3
329505, 3
131679, 3
620067, 3
534431, 3
339755, 3
475167, 3
45818, 3
279148, 3
379857, 3
192060, 1
582044, 3
358890, 3
521350, 3
113163, 3
214979, 3
439578, 3
576704, 3
580130, 3
182693, 2
452791, 3
225618, 3
413988, 3
237180, 3
180269, 3
275215, 3
536515, 3
187987, 3
565867, 3
635975, 3
618719, 3
212615, 3
403807, 3
392646, 3
366265, 3
54366, 3
272931, 3
117123, 3
500441, 3
137966, 3
556782, 3
67402, 3
461726, 3
171401, 3
549413, 3
30350, 3
637624, 3
541947, 3
355658, 3
235644, 3
119706, 3
619558, 3
661941, 3
139873, 3
279392, 3
400493, 3
439683, 3
468469, 3
291695, 3
5171, 3
14026, 3
266239, 2
584577, 3
234871, 3
250335, 3
252219, 2
469231, 3
554957, 3
516251, 3
58078, 3
590160, 3
617408, 3
506750, 3
313345, 3
168142, 3
58352, 3
227350, 3
178887, 3
327677, 3
229610, 3
579731, 3
268251, 3
348031, 3
407231, 3
21029, 3
337713, 3
619245, 3
450779, 3
178291, 3
636180, 3
166570, 3
450056, 3
1312, 3
187594, 3
223135, 3
561797, 3
639750, 3
451358, 3
346580, 3
493808, 3
493021, 3
11954, 3
576352, 2
255371, 3
302464, 3
52985, 3
408343, 3
658798, 3
628317, 3
537376, 3
435688, 3
239781, 3
506955, 3
295393, 3
374179, 3
261648, 3
634983, 3
518513, 3
602123, 3
595808, 3
629412, 3
14286, 3
376935, 2
662523, 3
662008, 3
610508, 3
524226, 3
545925, 3
132200, 3
45505, 3
35116, 3
136670, 3
292551, 3
586696, 2
308814, 3
276625, 3
550132, 3
172354, 3
385097, 3
463958, 1
531665, 3
475825, 3
70558, 1
187171, 3
520426, 3
390882, 3
562239, 3
471400, 3
141418, 3
497392, 3
664436, 1
508557, 3
485602, 3
581831, 3
458987, 3
251349, 2
419746, 3
404206, 3
62627, 3
103946, 3
3565, 3
262337, 3
27259, 3
475732, 3
94865, 3
662791, 3
496267, 3
218770, 3
28551, 3
556942, 3
548134, 3
159003, 3
257499, 3
506230, 3
308938, 3
492814, 3
590281, 3
385986, 3
464969, 3
328882, 3
412901, 3
571695, 3
50594, 3
503677, 3
516906, 3
258826, 3
431740, 3
609748, 3
62915, 3
549283, 3
458259, 3
608001, 3
587353, 1
178660, 3
359803, 3
17403, 3
38918, 3
80054, 3
417764, 3
23474, 3
348287, 3
36294, 3
416032, 3
168764, 3
15923, 3
489623, 3
177035, 3
46824, 3
227913, 3
133224, 3
262287, 3
560447, 3
474594, 3
294476, 3
590193, 3
446580, 3
550964, 3
296410, 3
352857, 3
222705, 3
169846, 3
513501, 3
608320, 3
310402, 3
308415, 3
488548, 3
365822, 3
413888, 3
276445, 3
398144, 3
541144, 3
420253, 1
159830, 3
321418, 3
129454, 3
410694, 3
362749, 3
261005, 3
595525, 1
626900, 3
53313, 3
274388, 3
128482, 3
560774, 2
614124, 1
443041, 3
227886, 2
600286, 3
605718, 3
613253, 2
591147, 3
457058, 3
147079, 3
618259, 3
174634, 3
324006, 3
483164, 3
59221, 3
256786, 3
57333, 3
490776, 3
330506, 3
49754, 2
495081, 3
292129, 3
597196, 3
157733, 3
88038, 3
510510, 3
440164, 3
617155, 3
399880, 3
263577, 3
524205, 3
485159, 3
467462, 3
134953, 3
499141, 3
368478, 3
520858, 3
439186, 3
127784, 3
578674, 3
223074, 2
82882, 3
79307, 3
451755, 3
409076, 3
593180, 3
196525, 3
128897, 3
260188, 3
437063, 3
224136, 3
391526, 3
544141, 3
407512, 3
278928, 3
178407, 3
102607, 3
584695, 3
260702, 3
571171, 3
534510, 3
379666, 3
367841, 3
293727, 3
196735, 3
293212, 3
100627, 3
282122, 3
149188, 3
585632, 3
620594, 3
116781, 3
625580, 3
103184, 3
336577, 3
372215, 3
114531, 3
546958, 3
334915, 3
41222, 3
230708, 3
248469, 2
333721, 3
568386, 3
49201, 3
381021, 1
281484, 3
612596, 3
404391, 3
503909, 3
135082, 3
227630, 3
163255, 3
224139, 3
37144, 3
384426, 3
343122, 3
632877, 3
122783, 3
41843, 3
273576, 3
469175, 3
298205, 2
506833, 3
92881, 3
91032, 3
497653, 3
605920, 3
421004, 3
137876, 3
196779, 3
92994, 2
663344, 3
64543, 3
8515, 3
448348, 3
360820, 3
488806, 3
237045, 3
613268, 3
664938, 2
340292, 3
660813, 2
412292, 3
291403, 3
556277, 3
332977, 3
169806, 2
251367, 3
592334, 3
234947, 3
632803, 3
536448, 3
98793, 3
298123, 3
516665, 3
249029, 3
9975, 3
224488, 3
7074, 3
612825, 3
282978, 3
381013, 3
57931, 3
550037, 3
136850, 3
74930, 3
504298, 1
456599, 3
599235, 1
252760, 3
168047, 3
164649, 3
330695, 3
32477, 3
569793, 3
386367, 3
186492, 3
168193, 3
582474, 3
664486, 3
436003, 3
243362, 3
540297, 3
380096, 3
18591, 3
598504, 3
60942, 2
276605, 3
2331, 3
543894, 3
33106, 3
477276, 3
454425, 3
419981, 3
12895, 3
91221, 3
336959, 3
586039, 3
146711, 3
434874, 3
644087, 3
454382, 3
153657, 3
565755, 3
639112, 3
73881, 3
167715, 3
307084, 3
467, 3
11388, 3
88169, 3
53401, 3
331016, 3
574225, 3
78163, 3
293626, 3
612249, 3
57019, 3
561355, 3
476500, 3
439790, 3
156891, 3
198529, 3
147119, 3
466209, 2
392912, 3
483979, 3
134479, 3
520169, 3
381720, 3
97949, 3
518781, 3
358102, 3
277008, 3
600308, 3
474593, 3
519664, 3
417412, 3
576189, 3
89945, 3
315258, 3
136540, 3
613112, 3
564253, 3
346237, 3
465282, 3
425821, 3
55703, 3
580154, 3
252408, 3
49170, 3
413565, 3
121171, 3
585061, 2
580939, 3
86105, 3
444212, 3
636157, 3
581454, 3
647340, 3
243124, 3
338879, 3
607994, 3
474470, 3
584905, 3
566007, 3
419020, 3
66108, 3
39543, 3
492460, 3
611097, 3
578132, 3
317147, 3
404249, 3
123358, 3
79391, 3
647782, 3
543785, 3
111051, 3
477493, 3
104610, 3
447825, 3
545089, 3
296728, 3
228042, 3
557010, 3
621339, 3
162557, 3
219235, 3
376520, 3
204389, 3
275922, 3
10244, 3
289080, 3
256963, 3
134571, 3
146109, 2
478493, 3
218103, 3
124505, 3
599120, 3
606926, 1
466310, 3
143945, 3
393488, 3
532941, 3
179474, 3
438111, 3
629764, 3
137441, 3
266641, 2
199096, 3
380585, 3
381125, 1
215877, 3
177236, 3
109231, 3
393763, 3
212311, 3
196736, 3
172201, 3
354322, 3
578419, 3
513130, 3
138316, 3
618507, 1
89384, 3
58679, 2
431313, 3
490587, 3
540642, 3
488151, 3
584971, 3
43906, 3
555265, 3
660697, 3
23614, 3
318445, 3
4594, 3
366375, 3
420416, 3
295823, 3
353338, 3
408640, 3
659311, 3
490597, 3
305183, 3
312937, 3
516136, 3
11993, 3
635666, 3
191752, 3
30010, 3
151398, 3
374488, 3
535744, 3
2576, 2
524455, 3
299210, 3
619449, 3
451378, 3
195406, 3
621542, 3
608624, 3
110073, 3
582159, 3
86229, 3
634164, 3
555773, 3
307686, 3
464557, 3
460585, 3
354504, 3
285902, 3
65015, 3
331581, 3
446396, 3
105917, 3
98049, 3
444564, 3
647139, 3
503220, 3
303093, 3
359191, 3
57405, 3
101003, 3
65890, 3
313099, 3
302170, 3
85083, 3
489006, 3
40330, 3
236699, 3
94436, 3
339352, 3
532786, 3
640100, 2
215790, 3
229438, 3
306002, 3
549930, 3
483846, 3
313427, 3
250856, 3
367394, 3
335118, 3
224250, 3
29921, 3
91850, 3
175609, 3
240423, 3
4238, 3
567821, 3
402049, 3
15405, 3
299475, 2
453107, 3
167057, 3
650830, 3
610003, 3
90300, 3
572865, 3
316265, 3
379031, 3
445329, 3
641964, 3
112735, 3
642135, 3
191607, 2
315416, 3
69303, 3
221377, 3
506149, 3
660162, 3
218443, 3
191457, 3
235376, 3
125327, 3
122180, 3
191779, 3
196030, 3
252836, 3
521490, 3
600515, 3
290293, 3
246829, 3
445639, 3
207256, 3
389002, 3
198617, 3
68260, 3
495233, 3
458932, 3
9261, 3
444856, 3
227157, 3
479175, 3
578610, 3
129265, 3
569803, 3
400705, 3
653620, 3
572223, 3
479225, 3
365026, 3
511116, 3
660402, 3
186507, 3
326635, 3
22940, 3
129435, 3
48125, 3
483020, 3
580425, 3
537814, 3
471410, 2
163054, 3
150467, 3
634385, 3
631531, 3
402316, 3
567818, 3
49349, 3
483205, 3
251559, 2
215667, 3
367566, 3
50833, 3
427159, 3
625567, 3
142082, 1
27286, 3
239933, 3
208873, 3
796, 3
241706, 3
16745, 3
288538, 3
95285, 3
376016, 3
325337, 3
37207, 3
493576, 3
181978, 3
167487, 3
32305, 3
478904, 3
177309, 3
37952, 3
99477, 3
239025, 3
626146, 3
586818, 3
278540, 3
85208, 3
252769, 3
254825, 3
630840, 3
251014, 3
259875, 3
373605, 3
207482, 3
279943, 3
339533, 3
530846, 3
405999, 3
607573, 3
588142, 3
482423, 3
104923, 3
163939, 3
591159, 3
137523, 3
307720, 2
517320, 3
124112, 3
659985, 3
661327, 3
39512, 3
193411, 3
436806, 3
54751, 3
554141, 3
486158, 3
145334, 3
607212, 3
29893, 3
127253, 3
281412, 2
310015, 3
398942, 3
325808, 3
157055, 3
332300, 3
126630, 3
176241, 3
348147, 3
457863, 3
616505, 3
220607, 3
296996, 3
614018, 3
274819, 2
188372, 3
314542, 3
530603, 3
243359, 3
271306, 3
125855, 3
296064, 3
61698, 2
357396, 3
409286, 3
460532, 3
471045, 3
412395, 3
353172, 3
524239, 3
407990, 3
370999, 3
627625, 3
296824, 3
637235, 3
92453, 3
564377, 3
119000, 3
599584, 3
341573, 3
595317, 3
134814, 3
125882, 3
253587, 3
321594, 3
589342, 3
396433, 3
422819, 3
469375, 3
502272, 3
393902, 3
295354, 3
119560, 3
621519, 3
658248, 3
550376, 3
301077, 3
565032, 2
239612, 2
637188, 3
594094, 3
466085, 3
389488, 3
108456, 3
260382, 3
80254, 3
649581, 3
482816, 3
108152, 3
399989, 3
321723, 3
541089, 3
476453, 3
578591, 3
460102, 3
117488, 3
420574, 3
221048, 3
228458, 3
442566, 3
414781, 3
325256, 3
111395, 3
132828, 3
551668, 3
117091, 3
217672, 3
228457, 3
312795, 2
119492, 3
392622, 3
426477, 3
649468, 3
331032, 3
440222, 3
533159, 3
77073, 3
100602, 3
349428, 3
642656, 3
19851, 3
63091, 3
423962, 3
413758, 2
394264, 3
538156, 3
425059, 3
76581, 3
27779, 3
17499, 3
659224, 3
429411, 3
643453, 3
643144, 3
309276, 3
610023, 3
285353, 3
385883, 3
423523, 3
399528, 3
410457, 3
635335, 3
183904, 3
148214, 3
168453, 3
343860, 3
487115, 3
427662, 3
658254, 3
359944, 2
27189, 3
534963, 3
1032, 3
85908, 3
275310, 3
462874, 3
285424, 3
325875, 3
385380, 3
352169, 3
38506, 3
158098, 3
333523, 3
281636, 3
339774, 3
274183, 3
129015, 3
78849, 3
218751, 3
481148, 3
551664, 3
86573, 3
307423, 3
302411, 3
203026, 3
327198, 3
449501, 3
376652, 3
409635, 3
136256, 3
280641, 3
208684, 3
645280, 3
437958, 3
228817, 3
558064, 3
144116, 3
199279, 3
195562, 3
171080, 3
451811, 3
309230, 3
172223, 3
195377, 3
311497, 3
189033, 3
132837, 3
141137, 3
384326, 3
286444, 3
346525, 3
354708, 3
423121, 3
423560, 3
284296, 3
444142, 3
422520, 3
297842, 2
317944, 3
566043, 3
155832, 3
356133, 3
325674, 3
31010, 3
103835, 3
521223, 3
482649, 3
415907, 3
228462, 3
111573, 3
145894, 3
50708, 2
182951, 3
189724, 3
584315, 3
45811, 3
284259, 3
2057, 3
112640, 1
349121, 3
379482, 3
310125, 3
282280, 3
198163, 3
176993, 3
471351, 3
341380, 3
374189, 3
167298, 3
301470, 3
652742, 1
9837, 3
9200, 3
120367, 3
83884, 3
320566, 3
21483, 3
657704, 3
406601, 3
450276, 3
507275, 3
267048, 3
321125, 2
43717, 3
302836, 3
423125, 3
586840, 3
495823, 3
503009, 3
274539, 3
573509, 3
120623, 3
623755, 2
293107, 3
251002, 3
201954, 3
657071, 3
377076, 3
283354, 3
262433, 3
54132, 3
614455, 3
663141, 3
404482, 3
284005, 3
397219, 3
47414, 3
534276, 3
178004, 3
41342, 3
79356, 3
227521, 3
83105, 3
483633, 3
396787, 3
456717, 3
381394, 2
581873, 3
379824, 2
277242, 3
225874, 3
511991, 3
356957, 3
554566, 3
388625, 3
364749, 3
625387, 3
477916, 3
453495, 3
206190, 3
303580, 3
322127, 3
459887, 3
438248, 3
409592, 3
481209, 3
89016, 3
231438, 3
163411, 3
446715, 3
530472, 2
14223, 3
308253, 3
512384, 3
622930, 3
415616, 3
591431, 3
499032, 3
503806, 2
601449, 3
58584, 2
419457, 3
309599, 1
67023, 3
256387, 3
662891, 3
467993, 3
3353, 3
61340, 3
118850, 3
23168, 3
96539, 3
455939, 3
384748, 3
429392, 3
558174, 3
308707, 3
442315, 3
131592, 3
654600, 3
9935, 3
576202, 3
194289, 3
384162, 3
481575, 3
118016, 3
346188, 3
423106, 3
624672, 3
262629, 3
154262, 3
402288, 3
225187, 3
457427, 3
206281, 3
547820, 3
89049, 3
156261, 3
256819, 3
608696, 2
328492, 3
210196, 3
464331, 3
3131, 3
127585, 3
605637, 3
401283, 3
656969, 3
20566, 3
366011, 3
372400, 3
646920, 3
377856, 3
455929, 3
61601, 2
577930, 3
207445, 3
182234, 3
369451, 3
559939, 3
122116, 3
641779, 3
439636, 3
64102, 3
382251, 3
243512, 3
45858, 3
54532, 3
148929, 3
335230, 3
342495, 3
378, 3
401432, 3
473213, 3
213673, 3
60029, 3
300122, 3
297990, 3
182112, 3
430020, 3
216043, 3
9530, 3
76183, 3
623969, 3
157421, 3
446108, 3
590822, 3
262480, 3
221624, 3
241425, 2
140865, 3
329389, 3
339053, 3
265154, 2
607629, 3
501043, 3
575602, 3
451293, 3
79124, 3
237349, 3
125822, 2
98473, 3
22909, 3
454754, 2
589617, 3
526346, 3
29107, 3
402419, 3
564434, 3
173675, 3
554390, 3
658120, 3
649831, 3
34236, 3
130952, 3
279587, 3
65236, 3
467757, 3
51360, 3
488512, 3
17994, 3
398079, 3
606790, 3
225991, 3
250536, 3
25151, 3
245716, 3
53681, 3
413100, 3
123871, 3
494936, 3
584043, 3
238923, 3
278298, 3
551097, 3
82913, 3
211133, 3
86682, 3
376335, 3
93983, 3
6799, 3
421495, 3
127244, 3
256091, 3
609255, 3
2198, 3
226451, 3
597974, 1
111643, 3
49552, 2
107987, 3
206410, 3
58283, 3
334826, 3
556361, 3
181173, 3
145233, 3
19809, 3
83354, 3
367595, 3
545433, 3
377490, 3
11266, 3
22202, 3
610295, 3
3880, 3
625132, 3
346651, 3
266914, 3
335196, 3
651890, 3
10921, 3
203074, 3
197006, 3
556607, 3
205962, 3
486954, 3
315208, 3
640700, 3
321931, 3
105401, 3
185192, 3
38298, 3
75892, 3
513086, 3
488119, 3
506944, 3
72872, 3
287790, 3
271945, 3
517435, 3
203406, 3
211894, 3
100434, 3
397414, 3
663182, 3
160953, 3
197888, 3
584909, 3
527864, 3
109889, 3
636661, 3
157154, 3
433970, 3
77453, 1
659966, 3
284172, 3
337300, 3
135005, 3
630804, 2
46017, 1
661336, 3
241104, 3
177063, 3
233532, 3
227309, 3
65393, 3
429805, 2
615825, 3
665143, 3
84265, 3
309854, 3
421161, 3
96353, 3
449016, 3
250819, 3
251649, 3
296463, 3
416164, 3
522414, 3
411816, 3
489967, 3
136915, 3
245423, 3
159977, 3
132435, 1
444781, 3
458802, 3
106854, 3
328533, 3
630800, 3
414298, 3
92733, 3
222624, 3
436323, 3
300779, 2
41351, 3
158672, 3
155731, 3
103032, 3
413205, 3
169434, 3
145195, 1
180884, 3
637564, 3
274825, 3
313745, 3
367108, 3
659651, 3
646224, 3
232055, 3
252519, 3
428100, 3
436566, 3
611639, 3
291235, 3
14847, 3
329495, 3
425797, 3
209507, 3
643890, 3
68358, 3
610293, 3
221566, 3
87884, 3
656354, 3
295431, 3
269381, 3
498561, 3
326250, 3
101004, 3
22229, 3
511388, 3
515967, 3
431696, 3
534363, 3
569864, 2
15776, 3
645248, 3
93130, 2
377357, 3
563422, 3
223863, 3
546031, 3
439732, 3
25770, 3
393389, 2
447981, 3
637450, 3
368835, 3
620496, 3
342929, 3
425980, 3
595254, 3
613846, 3
464886, 3
328521, 3
254005, 3
127692, 3
450650, 3
35842, 2
627644, 3
486379, 3
3462, 3
1292, 3
200664, 3
258742, 3
551550, 3
124950, 3
69369, 3
395868, 3
583112, 3
464913, 3
651417, 3
134152, 3
555625, 3
52679, 3
22972, 3
99857, 3
457054, 3
606634, 3
83133, 3
114669, 3
389659, 3
374801, 3
352428, 3
1127, 3
127818, 3
479655, 3
523531, 3
352110, 3
117544, 3
644663, 3
199927, 3
499066, 3
166048, 3
390434, 3
274716, 3
562463, 3
553385, 3
600179, 3
486000, 3
129646, 3
191115, 3
219391, 3
400216, 2
76195, 3
645939, 3
598169, 3
176851, 3
3998, 3
314807, 3
487721, 2
147088, 3
460168, 3
456258, 3
460425, 3
368038, 3
512972, 3
400807, 3
138032, 3
493700, 3
501702, 3
510487, 3
638767, 3
266906, 3
56548, 3
302449, 3
564594, 3
209577, 3
201049, 3
524850, 3
425557, 3
480752, 3
142350, 3
404275, 3
419862, 3
26652, 2
210777, 3
96334, 3
206683, 3
172948, 3
177999, 3
266115, 1
447362, 3
631593, 3
56353, 3
88078, 3
463525, 3
578231, 3
152528, 3
664781, 3
586734, 1
107977, 3
341663, 2
390629, 3
249545, 3
252462, 3
359244, 2
57382, 3
528097, 3
172418, 3
150451, 3
7129, 3
568843, 3
426806, 3
185454, 3
436250, 3
39931, 3
546594, 3
18083, 3
153692, 3
494246, 3
216508, 3
140462, 1
24670, 3
128576, 3
462064, 3
627443, 3
386434, 3
18669, 3
455371, 3
562268, 3
601867, 3
495472, 3
364954, 3
135924, 3
185528, 3
249059, 3
617253, 3
183415, 3
586907, 3
209851, 3
560254, 3
311697, 3
54887, 3
145966, 3
233029, 3
461378, 3
575246, 2
181669, 3
335172, 3
8455, 3
297393, 3
620136, 3
553618, 3
629214, 3
3204, 3
454879, 3
293444, 3
483408, 3
129570, 3
86202, 3
292064, 3
578009, 3
278272, 2
114551, 3
534927, 3
438509, 3
653273, 3
370485, 3
39468, 3
27318, 3
504826, 3
563426, 3
214190, 3
436704, 3
569014, 3
246446, 3
482014, 3
413243, 3
576006, 1
326333, 3
604759, 3
489024, 3
306269, 3
393651, 1
504294, 3
58809, 1
558007, 3
392797, 3
202973, 3
635475, 3
107944, 3
257783, 3
183025, 3
245800, 3
443303, 3
206374, 3
437496, 3
593650, 3
585687, 3
308003, 3
402616, 3
300064, 2
210054, 1
524421, 3
433955, 3
264143, 3
653917, 3
458455, 3
49895, 1
395049, 3
470942, 3
553349, 3
522168, 3
100008, 3
84610, 3
344773, 3
28464, 3
456592, 3
159743, 3
612584, 3
371464, 3
466971, 3
536390, 3
370935, 2
80078, 3
3484, 3
589883, 3
633548, 3
436995, 3
611508, 3
176260, 3
324330, 3
355090, 3
465170, 3
444768, 3
7944, 3
85757, 3
90499, 3
173601, 3
426234, 3
144473, 3
322418, 2
455010, 3
327368, 3
432623, 3
74157, 3
217353, 3
470266, 3
649508, 3
532591, 3
59875, 3
55038, 3
266208, 3
597977, 2
249574, 3
47663, 3
352892, 3
593620, 3
201930, 3
490574, 3
309406, 3
64612, 3
378511, 3
655303, 3
453376, 3
604067, 3
318537, 3
11288, 3
520951, 3
541119, 3
144140, 3
26499, 3
69889, 3
48451, 3
339643, 2
456151, 3
328111, 3
618746, 1
363117, 3
633155, 3
153147, 1
352134, 3
528450, 3
167053, 3
504132, 3
492629, 3
524419, 2
632274, 3
3520, 3
40737, 3
601362, 3
235979, 3
446261, 3
244878, 3
539198, 3
32677, 3
331372, 3
64858, 3
82098, 3
530593, 3
247045, 3
544109, 3
109238, 3
16343, 3
595788, 3
442605, 3
255544, 3
250984, 2
114322, 3
486778, 3
28844, 3
397176, 3
29080, 3
643735, 3
517569, 3
643958, 3
375838, 3
492162, 3
227271, 3
103098, 3
425310, 3
509011, 3
110198, 3
140165, 3
14739, 3
195813, 3
220058, 3
175432, 3
509371, 3
643819, 3
431016, 3
72605, 1
251966, 3
11251, 3
162848, 3
171675, 3
202039, 3
118352, 3
528442, 3
10212, 3
172505, 3
196147, 3
376955, 3
464618, 3
47955, 3
422946, 3
69491, 3
167458, 3
114051, 3
576824, 3
476299, 3
259317, 3
261575, 3
539886, 3
474581, 3
563541, 3
378451, 3
154603, 3
46003, 3
568313, 3
1480, 3
502675, 3
418774, 3
275487, 3
119844, 3
97904, 3
474368, 3
156749, 3
178912, 2
381545, 3
570976, 3
297014, 3
268394, 3
35499, 3
289040, 3
391916, 3
16249, 3
113649, 3
122483, 3
204039, 3
8049, 3
604997, 2
377119, 3
580403, 3
649465, 3
10175, 3
230550, 3
639635, 3
265905, 3
509941, 3
222353, 3
436716, 3
325102, 3
617126, 3
192865, 3
236145, 3
121412, 3
15544, 3
40922, 3
490947, 3
367131, 3
169087, 3
218674, 3
196665, 3
129982, 3
236837, 3
194030, 3
414421, 3
664475, 3
74269, 3
470204, 3
308950, 3
36791, 3
635035, 3
304316, 3
100939, 3
372196, 3
128982, 3
274887, 3
373813, 3
295108, 3
552252, 3
626029, 3
539839, 3
601512, 3
376639, 3
94806, 3
606714, 3
57548, 3
215487, 3
73144, 3
464571, 3
172870, 3
647253, 3
125575, 3
101368, 3
568079, 3
490005, 3
277125, 3
245566, 2
627851, 3
99809, 3
222738, 3
540183, 3
291117, 3
90882, 3
261096, 3
582172, 3
286165, 3
518581, 3
541981, 3
400626, 3
633366, 3
76743, 3
125495, 3
237794, 3
3605, 3
425316, 3
528533, 3
155882, 3
143838, 2
119750, 3
401758, 3
117289, 3
55736, 3
365980, 3
518281, 3
407508, 3
110713, 3
418234, 3
48904, 3
435177, 3
491585, 1
269147, 3
572767, 3
227003, 3
171437, 3
218534, 3
597982, 3
88286, 3
64081, 3
251811, 3
428689, 3
389669, 3
241829, 3
58599, 3
648368, 3
298890, 3
157631, 3
443329, 3
196747, 3
580289, 3
512249, 2
478121, 3
587797, 3
452409, 3
308129, 3
541012, 3
563753, 3
312155, 3
129560, 3
221133, 3
90460, 3
643176, 3
51910, 3
126819, 3
178198, 3
53162, 3
647896, 1
662108, 3
321872, 3
192598, 3
9252, 3
463759, 3
331265, 3
603818, 3
378779, 3
1792, 3
481099, 3
609165, 3
505975, 3
206867, 3
505596, 3
359190, 3
633497, 3
366196, 3
110432, 3
89678, 3
614701, 3
206771, 3
105240, 3
437863, 3
371062, 3
364086, 3
27693, 3
287352, 3
141910, 3
549496, 3
150060, 3
147532, 3
651378, 3
275091, 3
474032, 3
366426, 3
106942, 2
183777, 3
581862, 3
544013, 3
275403, 3
253822, 2
613685, 3
246115, 3
377101, 3
143526, 3
331456, 3
163521, 3
335592, 2
219215, 1
46055, 3
470144, 3
318026, 3
219098, 3
19291, 3
419615, 3
110616, 3
216201, 3
235085, 3
389917, 3
431726, 3
538438, 3
418128, 3
223627, 3
663199, 3
621611, 3
143414, 3
432497, 3
562493, 3
539102, 3
646071, 3
292011, 3
568183, 3
517151, 3
359800, 3
357863, 2
602796, 3
325119, 3
577500, 3
530971, 1
435380, 3
661874, 1
556172, 3
211064, 3
12484, 3
42754, 3
532552, 3
579195, 3
596743, 3
263586, 3
461058, 3
599739, 3
289550, 3
557566, 3
118312, 3
451058, 3
16319, 3
540103, 3
538468, 3
425266, 3
271156, 3
21017, 3
461357, 3
66960, 3
163650, 3
242443, 3
401429, 3
260771, 3
206477, 3
548019, 3
453174, 3
616772, 3
294635, 3
224399, 3
148410, 3
353516, 3
573964, 3
646413, 3
458584, 3
478118, 3
319293, 3
578811, 3
409370, 3
363360, 3
624515, 3
361604, 3
598494, 3
630372, 3
152870, 3
240142, 3
404791, 3
581148, 3
132051, 3
72378, 3
201219, 3
147099, 3
263063, 3
244677, 3
474186, 3
556145, 3
297976, 3
498589, 3
515617, 3
639119, 3
261409, 3
393215, 3
558897, 3
386159, 3
594282, 3
273030, 3
638164, 3
64717, 3
595606, 3
205999, 3
52690, 3
545979, 3
453535, 3
610739, 3
566366, 3
368682, 3
150713, 3
456561, 3
652070, 3
583115, 3
630229, 3
241076, 2
72759, 3
298467, 3
499279, 3
561325, 2
256231, 3
334848, 3
554431, 3
435714, 3
514548, 3
390376, 3
320491, 3
562835, 3
511719, 1
476259, 3
158776, 3
325810, 3
56164, 3
37298, 3
289492, 3
38178, 3
30468, 3
472409, 3
150162, 3
536858, 3
404951, 3
134391, 3
619618, 3
151851, 3
633290, 3
236047, 2
97846, 3
294039, 3
32982, 3
440726, 3
35303, 3
347457, 3
54388, 3
291066, 2
621997, 2
287574, 3
166495, 3
351597, 2
387722, 3
294778, 3
532881, 3
278984, 3
428296, 3
298733, 3
479434, 3
353453, 3
548777, 3
198611, 3
593017, 3
212922, 3
484673, 3
44548, 2
434035, 3
413983, 3
135493, 3
653229, 3
277217, 3
574858, 3
441189, 3
36247, 3
556105, 3
570443, 3
398926, 3
253574, 3
499296, 3
57418, 3
648768, 3
592110, 3
259651, 3
311041, 3
205869, 3
48079, 3
616851, 3
658262, 3
211685, 3
222729, 3
470891, 3
634591, 3
650200, 3
593288, 3
645371, 3
563893, 3
354900, 3
9238, 3
20795, 3
663904, 3
38655, 3
14455, 3
551544, 3
113289, 3
402600, 3
426265, 3
356584, 3
569314, 3
34845, 3
147650, 3
146962, 3
572756, 3
402496, 3
600557, 3
48578, 3
9207, 3
654372, 3
438552, 3
180173, 3
170200, 3
275891, 3
340037, 3
149508, 3
330417, 3
556598, 3
202288, 3
32690, 3
648092, 3
576365, 3
311778, 3
250659, 3
401407, 3
386848, 3
34931, 3
575276, 3
501223, 3
611551, 3
300194, 3
119751, 3
230784, 3
650910, 3
133787, 3
23665, 3
301559, 3
306847, 3
196867, 3
358851, 3
467842, 1
417370, 3
500174, 3
23121, 3
240459, 3
385601, 3
30198, 3
373832, 3
49739, 3
403292, 3
142909, 3
563801, 2
98444, 3
135501, 3
336953, 3
570338, 3
253227, 3
75289, 2
377392, 3
150390, 3
8319, 3
262036, 3
641933, 3
409975, 3
223276, 3
470645, 1
69823, 3
393863, 3
513894, 3
377722, 3
461271, 3
88228, 3
579237, 3
555816, 3
569026, 3
473290, 3
18128, 3
104823, 3
288187, 3
144682, 3
313710, 3
205246, 3
329352, 3
38420, 3
578778, 3
520560, 3
440043, 3
139689, 3
400293, 3
41631, 3
272389, 3
387685, 3
297828, 3
573974, 3
653358, 3
576110, 3
550997, 2
130655, 3
46977, 3
459275, 3
356187, 3
136291, 3
227129, 3
108705, 3
472848, 3
272579, 3
185725, 3
627872, 3
398985, 3
610972, 3
263743, 3
459347, 3
16257, 3
585773, 2
240489, 3
143098, 3
429522, 3
255330, 3
86426, 3
418735, 3
479376, 3
215832, 2
489798, 3
611195, 3
247538, 3
384201, 3
338301, 3
366854, 3
528201, 3
535106, 3
509792, 2
436837, 3
338478, 3
657984, 3
571502, 3
514809, 3
580610, 3
389024, 3
86976, 3
218397, 3
452348, 3
569193, 3
237707, 3
581384, 3
79444, 3
492795, 3
399387, 3
406426, 3
575958, 3
295000, 3
567081, 3
429528, 3
347620, 3
513202, 3
449456, 3
32387, 3
480807, 3
644549, 3
173682, 3
444757, 3
433424, 3
133748, 3
138796, 3
576566, 3
202622, 3
421595, 3
630234, 3
652791, 3
109592, 3
86093, 3
577038, 3
378920, 3
101784, 3
449700, 3
439006, 3
265660, 3
350026, 3
113538, 3
46489, 3
147566, 3
344266, 3
578475, 3
230597, 3
258805, 3
338809, 3
553212, 3
646219, 3
614276, 3
370368, 3
89274, 3
310573, 3
185264, 3
637182, 3
17626, 3
30477, 3
73087, 1
236278, 3
458140, 3
344285, 3
379595, 3
575114, 3
468474, 3
86680, 3
583582, 3
599452, 3
224425, 3
81630, 3
416338, 3
575999, 3
304506, 3
551318, 3
601604, 2
178583, 3
217549, 3
244629, 3
490197, 3
9507, 3
654421, 3
85073, 3
330033, 3
221386, 3
489480, 3
587635, 3
658456, 3
512284, 3
316637, 3
297786, 3
578169, 3
486387, 3
472513, 3
61374, 3
385502, 3
335816, 3
173565, 3
347037, 3
95067, 3
226949, 3
577713, 3
62326, 3
106685, 2
425996, 3
263971, 2
584330, 3
272630, 3
474445, 3
435116, 3
379778, 3
523858, 2
471355, 3
598463, 3
273230, 3
110703, 3
163960, 3
64395, 3
467151, 3
535699, 3
222723, 3
661150, 3
660733, 3
93844, 3
590371, 3
52584, 3
604314, 2
640851, 3
62019, 3
625880, 3
412562, 3
224276, 3
435063, 3
199273, 3
18300, 3
451661, 3
490017, 3
414111, 3
202836, 3
630792, 2
280492, 3
221622, 3
257568, 3
33365, 3
190356, 3
5006, 3
430447, 3
229691, 2
472230, 3
541125, 3
317407, 3
290800, 3
620239, 3
114388, 3
487392, 3
395210, 3
128686, 3
298855, 3
181390, 3
440102, 3
520555, 3
309942, 3
546190, 3
136058, 2
635295, 3
8985, 3
577114, 3
403022, 3
165313, 3
456406, 3
347633, 2
299288, 3
372586, 3
193038, 3
178974, 3
289541, 3
131667, 3
546109, 3
155214, 3
370465, 3
561084, 3
551927, 3
78330, 3
499332, 3
499306, 3
197263, 3
623465, 3
210759, 3
580266, 3
85871, 3
221356, 3
631113, 3
419554, 3
72173, 3
624263, 3
455887, 3
161173, 3
423099, 3
5262, 3
493601, 3
405291, 3
449147, 3
556934, 3
139998, 3
98489, 3
598954, 3
120305, 3
178406, 3
86514, 3
191131, 3
151408, 3
493647, 3
61530, 3
27576, 3
655076, 3
12051, 3
518106, 3
195896, 3
405227, 3
60512, 3
429425, 3
366038, 2
156886, 3
601961, 3
33353, 3
369869, 3
454241, 3
61103, 3
279188, 3
637255, 3
397210, 3
356181, 3
407822, 3
412821, 3
63369, 3
378528, 3
40195, 3
156065, 3
62072, 3
159128, 3
253949, 3
621251, 3
378081, 3
28846, 3
508563, 1
276829, 3
345133, 3
234169, 3
141114, 3
126792, 3
42138, 3
581302, 3
65655, 3
509284, 3
548447, 3
13232, 3
626693, 3
361241, 1
320878, 3
603453, 3
352348, 3
262837, 3
560681, 3
286304, 3
254022, 3
546341, 3
366391, 3
196003, 3
311016, 3
295955, 3
480136, 3
505420, 3
434683, 3
264048, 3
518288, 3
441452, 2
326580, 3
276369, 3
607855, 1
37699, 3
542446, 3
503649, 3
126219, 3
177224, 3
484932, 3
64233, 3
131997, 3
211857, 3
17129, 3
79316, 3
358531, 3
485759, 2
413618, 3
323312, 3
157309, 3
448004, 3
124520, 3
466210, 3
492374, 3
271939, 3
648271, 3
308069, 3
363399, 3
112463, 3
519632, 3
92839, 3
97480, 3
351661, 3
153339, 3
285112, 3
120677, 3
414513, 3
268543, 3
135655, 3
167670, 3
24772, 3
576178, 2
330184, 3
171383, 3
205062, 3
429371, 3
345989, 3
260354, 2
124910, 3
348225, 3
504468, 3
506846, 3
49633, 2
42425, 3
460311, 3
117345, 3
269207, 3
273621, 3
512439, 3
376516, 3
12310, 3
519225, 3
441170, 3
587809, 3
220111, 1
524867, 3
175823, 3
349882, 3
292162, 3
663723, 3
167645, 3
637885, 2
623617, 3
618529, 3
601595, 3
475279, 3
251945, 3
89146, 3
663733, 3
444894, 3
33271, 3
18292, 3
591365, 3
354527, 3
403912, 3
568197, 3
105199, 3
489124, 3
469280, 3
277824, 3
618616, 3
15790, 3
488091, 3
493184, 3
285333, 3
445921, 3
366105, 3
552748, 3
481789, 3
347909, 1
502812, 3
270406, 3
380124, 3
556695, 3
359294, 3
540430, 3
110434, 3
77078, 3
72008, 3
214824, 3
282663, 3
109734, 3
20123, 3
533622, 3
301059, 3
252610, 3
520944, 3
549559, 3
625573, 3
27557, 3
595226, 3
651763, 3
191357, 3
409676, 3
141861, 3
369178, 3
125528, 3
27096, 3
515798, 3
158087, 3
252702, 3
463986, 3
199003, 3
261097, 2
436474, 3
385548, 1
606074, 3
419317, 3
541041, 3
178792, 3
659956, 3
616134, 3
462261, 3
409611, 3
603811, 3
314001, 3
428404, 3
285552, 3
287376, 3
536584, 3
163132, 3
412057, 3
324494, 3
296447, 3
387084, 3
478677, 3
644580, 2
227554, 3
132576, 3
401941, 3
314561, 3
75731, 3
500601, 3
653438, 3
330272, 3
483096, 3
243091, 3
124731, 3
487519, 3
597620, 3
591543, 3
423922, 3
589029, 3
168522, 3
499510, 3
467067, 3
566497, 3
575200, 3
661704, 3
157138, 3
520390, 3
100120, 3
126836, 3
270120, 3
652113, 3
305737, 3
388661, 3
638600, 3
84223, 3
210232, 3
483788, 3
217, 3
354566, 3
406703, 3
67700, 2
301540, 2
322238, 3
633818, 3
209810, 3
453064, 3
602309, 3
423466, 3
297855, 3
54436, 3
590763, 3
51181, 3
277281, 3
590307, 3
310282, 3
615029, 3
28479, 3
607071, 3
108240, 3
174799, 3
378688, 3
499994, 3
155257, 3
258419, 2
630692, 3
619309, 3
136933, 3
116577, 3
577384, 3
628181, 3
467050, 1
55515, 3
656856, 3
123964, 3
642342, 3
420747, 3
405429, 3
201917, 3
353457, 3
481728, 2
236766, 3
258284, 1
42947, 3
493448, 3
17121, 3
470, 3
541183, 3
249040, 3
170354, 3
111944, 3
307503, 3
226080, 3
139650, 3
16218, 3
292245, 3
649512, 3
270094, 3
640191, 3
420986, 3
180033, 3
566068, 3
125314, 3
290825, 3
494045, 3
461714, 3
625248, 3
431935, 1
223077, 3
632861, 3
30093, 3
6993, 3
151571, 3
635119, 3
617117, 3
641802, 3
33056, 3
650180, 3
398313, 3
442152, 3
74986, 3
437095, 3
477912, 3
242611, 3
569154, 3
525718, 3
27610, 3
534691, 3
639609, 3
133654, 3
605154, 3
47332, 3
506503, 3
165228, 3
265918, 3
18693, 3
31036, 3
192001, 3
568136, 3
349749, 3
446367, 3
244701, 3
656601, 3
612694, 3
654087, 3
119526, 3
164295, 3
186222, 3
3755, 3
165686, 3
56296, 3
563736, 3
559524, 3
275240, 3
3140, 3
295824, 3
433591, 3
650166, 3
646747, 3
192734, 3
293357, 3
616257, 3
444268, 3
50163, 3
312107, 3
158138, 3
136808, 3
248801, 3
37726, 3
318618, 3
464523, 3
642181, 3
49278, 3
571258, 3
313508, 3
346832, 2
417883, 3
221026, 3
108278, 3
25165, 3
75227, 3
480366, 3
114889, 3
511153, 3
268965, 3
418658, 3
210035, 3
239599, 3
168886, 3
56835, 3
138489, 3
224232, 3
362190, 3
94234, 3
546979, 3
503039, 3
344277, 1
660179, 1
196057, 3
606559, 3
66646, 3
363867, 3
609334, 3
488244, 3
582415, 3
117853, 3
82489, 3
168124, 3
138258, 3
389889, 3
573165, 3
375318, 3
648111, 3
3749, 3
201517, 3
199913, 3
58524, 3
215539, 3
77965, 1
247299, 3
41501, 3
36010, 2
619989, 3
529849, 3
157005, 3
122757, 3
514559, 3
462090, 3
397249, 3
371959, 3
481220, 3
101998, 3
421425, 3
305069, 3
114422, 3
240695, 3
517636, 3
161618, 3
286218, 3
563877, 2
63621, 3
555345, 3
544236, 3
213097, 3
634765, 3
424294, 3
94677, 3
538172, 3
479996, 3
87309, 3
648858, 3
560182, 3
527186, 3
160926, 3
194843, 3
383156, 3
81817, 3
306210, 3
215181, 3
29085, 3
291751, 3
663759, 3
9419, 3
343861, 3
494441, 3
578244, 3
215186, 3
619565, 3
622534, 3
520230, 2
566688, 3
565103, 3
334253, 3
322193, 3
509334, 3
157159, 3
198057, 3
590006, 3
416825, 3
18941, 3
61355, 3
310353, 3
453680, 3
502201, 3
294033, 3
148228, 3
262513, 3
360595, 3
406711, 3
262502, 3
420664, 3
150526, 3
285947, 3
485306, 3
579782, 3
636771, 3
270733, 3
641569, 3
612180, 3
431780, 3
168309, 3
329458, 3
497801, 3
258483, 3
400774, 3
116797, 3
384659, 3
368556, 3
552204, 3
364005, 3
55776, 3
426811, 3
482102, 3
341251, 3
505430, 3
459670, 3
213778, 3
577101, 3
351537, 3
572956, 3
619725, 3
97319, 3
650412, 3
576244, 1
455876, 3
436407, 3
151305, 3
223151, 3
37055, 3
545171, 3
348460, 3
409877, 3
58040, 3
612227, 3
164255, 3
117834, 3
569063, 3
472249, 3
562600, 3
296988, 3
158150, 3
565398, 1
533552, 3
589112, 3
237110, 1
252657, 3
478905, 3
508915, 3
254066, 3
31182, 1
569702, 2
592431, 3
241959, 3
553705, 3
212373, 3
380859, 3
545385, 3
647137, 3
326180, 3
526977, 3
215447, 2
186268, 3
232759, 3
298437, 3
379489, 3
37976, 3
12290, 2
310190, 3
437647, 3
394816, 3
373124, 3
568644, 3
34894, 3
532977, 3
246024, 3
203612, 3
651972, 3
450278, 3
179187, 3
160862, 3
660308, 3
173497, 3
657721, 3
72485, 3
406978, 3
607490, 3
501821, 3
109413, 3
59493, 3
518938, 2
48835, 2
277869, 3
283737, 3
265010, 3
631742, 3
648902, 3
266817, 3
445215, 1
606404, 3
287704, 3
664418, 3
570721, 3
547506, 3
480039, 3
286273, 1
160958, 3
415984, 3
530115, 3
170606, 3
661689, 3
132584, 3
276062, 3
345866, 3
388324, 3
642378, 2
121669, 3
196924, 3
174712, 3
413650, 3
306920, 3
531097, 3
661448, 3
1565, 3
424496, 3
545692, 3
543724, 3
149633, 3
394693, 3
611000, 3
221626, 3
492692, 3
588635, 3
334931, 3
173042, 3
180021, 3
219205, 3
294280, 3
515015, 3
81459, 3
11016, 3
317375, 3
374203, 3
657000, 3
215926, 1
111216, 3
268623, 3
622440, 3
628172, 3
26981, 3
22056, 3
153891, 3
194340, 3
186191, 3
506527, 3
129977, 3
281573, 3
642686, 3
516581, 3
229606, 3
113454, 3
250792, 3
73430, 3
400343, 3
459515, 3
341062, 3
625592, 3
129787, 3
154460, 3
585274, 3
54815, 3
314594, 3
490891, 3
50057, 3
76735, 3
344528, 3
396987, 3
476626, 3
502487, 3
250591, 3
4892, 3
322161, 3
183520, 3
515791, 3
349758, 3
138974, 3
427058, 3
239709, 3
449993, 3
325485, 3
560098, 3
395919, 3
31863, 3
253644, 3
271762, 3
249286, 3
50937, 3
528587, 3
657334, 3
598309, 3
468414, 3
471676, 3
393967, 3
427663, 3
394263, 3
653214, 2
373534, 3
453904, 3
501675, 3
186031, 3
102060, 3
326109, 3
162137, 3
47326, 3
212045, 3
477970, 3
271203, 3
292146, 3
407870, 3
568618, 3
142039, 3
424943, 3
328260, 3
183830, 3
6207, 3
226825, 3
234696, 3
259393, 3
213231, 3
416135, 3
6841, 3
328993, 3
315053, 3
2190, 3
452696, 3
419735, 3
15502, 3
614602, 3
313335, 3
446366, 3
550542, 3
176737, 3
640984, 3
425025, 3
306851, 3
374127, 3
250342, 3
624949, 3
568114, 3
588513, 3
128656, 3
162259, 3
182791, 3
334173, 3
358334, 3
363134, 3
197536, 3
204575, 3
49693, 3
478259, 3
329037, 3
527523, 3
159258, 3
601723, 3
402595, 3
175836, 3
512787, 3
571336, 3
475219, 3
460787, 3
144016, 3
225169, 3
293720, 3
493386, 3
158396, 3
178017, 3
418298, 3
554007, 3
546094, 3
642165, 3
107356, 3
9154, 3
111831, 3
562175, 3
538594, 3
572524, 3
364886, 3
433828, 3
269498, 3
586995, 3
172970, 3
478510, 2
617781, 3
652627, 3
458600, 3
288330, 3
233454, 3
627372, 3
368845, 3
417589, 1
586345, 3
580522, 3
162151, 3
61462, 3
51415, 3
52720, 3
101995, 3
2649, 3
111522, 3
193610, 3
63173, 3
536290, 3
311001, 1
556026, 3
246990, 3
140011, 3
146822, 3
428720, 3
298439, 3
631634, 3
245111, 3
584852, 3
409309, 3
554010, 3
180364, 3
180508, 3
301330, 3
173817, 3
516922, 3
443684, 3
606446, 3
650664, 3
332155, 3
433243, 3
185972, 3
109547, 3
604662, 3
608827, 3
121987, 3
450753, 3
296847, 2
65508, 3
407395, 3
19054, 3
184863, 3
619563, 3
137119, 3
270484, 3
454527, 3
514878, 3
202677, 3
275921, 3
198771, 3
457072, 3
187139, 3
192857, 3
352150, 2
368450, 3
249777, 3
303837, 3
530600, 1
485511, 3
161082, 3
35796, 3
51340, 3
249680, 3
92455, 3
447868, 3
320482, 3
430168, 3
214063, 3
431721, 3
298215, 3
53568, 3
306990, 3
521077, 2
476122, 1
458013, 3
562501, 3
566429, 3
305279, 3
334520, 3
393072, 3
92208, 3
279173, 3
227673, 3
218113, 3
368417, 3
84605, 3
594172, 3
429746, 3
661422, 3
173110, 3
488573, 3
373864, 3
136033, 3
352185, 3
241741, 3
70040, 3
290548, 3
485003, 3
654359, 2
442405, 3
293426, 3
97510, 3
215540, 3
180167, 3
221044, 3
262627, 3
178523, 1
423573, 3
482629, 3
528648, 3
548533, 3
321232, 3
51647, 3
212981, 2
86082, 3
118764, 3
489188, 3
355012, 3
75798, 3
248977, 3
2375, 3
566903, 3
36704, 3
13279, 3
512774, 3
420590, 3
50646, 3
462762, 3
54915, 3
226583, 3
252312, 3
581256, 3
586899, 2
571179, 3
737, 3
317363, 3
58207, 3
216394, 3
644458, 3
631466, 3
225701, 3
441422, 3
100222, 3
174856, 3
15720, 3
425534, 3
389805, 3
393091, 3
586808, 3
604823, 3
445391, 3
521984, 3
608155, 3
233730, 3
588477, 3
66348, 3
563652, 3
286256, 3
70679, 3
164560, 3
582717, 3
624829, 3
428569, 3
216843, 3
411039, 3
293509, 3
333832, 3
372589, 3
151480, 3
358009, 3
111840, 3
625919, 3
309267, 3
565287, 3
381212, 3
94163, 1
75513, 3
227265, 3
647757, 3
411667, 3
284202, 3
302915, 3
57963, 3
194373, 3
635107, 3
332546, 3
274381, 3
389330, 3
240800, 3
317502, 3
125288, 3
157897, 3
203166, 3
655985, 3
292548, 3
229412, 3
418974, 3
519854, 3
505720, 3
663818, 3
262254, 3
475749, 3
214294, 3
367441, 2
88638, 2
639148, 1
24510, 3
381526, 3
8469, 3
188375, 3
234634, 3
321359, 2
614408, 3
644758, 3
477213, 3
314437, 3
190339, 3
90719, 2
504404, 3
318664, 3
646405, 3
36088, 3
591551, 3
44399, 3
581332, 3
657394, 3
269083, 3
528031, 3
307625, 3
132310, 3
128668, 2
267603, 2
373668, 2
559206, 3
489243, 3
422596, 3
646050, 3
474508, 3
289388, 3
231069, 3
81743, 2
536004, 3
62162, 3
284736, 3
489410, 3
360944, 3
649373, 3
330085, 3
326118, 3
1886, 3
312527, 3
572496, 3
102667, 3
243822, 3
145144, 3
216562, 3
71801, 3
290265, 3
611887, 3
315161, 3
86370, 3
289718, 3
80080, 3
551608, 3
574863, 3
494980, 3
282331, 3
78058, 3
432747, 3
405447, 3
438005, 3
343041, 3
178828, 3
63070, 3
573094, 3
251404, 3
385972, 3
210951, 3
131300, 3
182130, 3
142164, 3
112323, 3
332661, 3
599286, 3
200511, 3
436420, 3
130449, 3
191434, 3
604560, 3
331693, 2
202629, 3
252879, 3
368962, 3
425483, 3
532852, 3
185539, 2
531335, 3
506736, 3
239812, 3
558328, 3
435424, 2
558909, 3
137963, 3
461824, 3
565842, 3
557382, 3
574262, 3
636119, 3
611706, 3
278304, 3
255015, 3
9300, 3
30425, 3
470307, 3
169338, 3
558289, 3
311204, 3
539285, 3
534791, 3
21901, 3
413610, 3
653863, 3
542987, 3
606810, 3
415644, 3
82955, 3
512761, 3
505847, 3
410318, 3
286053, 3
273432, 3
489877, 3
321323, 3
602615, 3
111816, 3
550649, 3
505743, 3
311585, 2
517249, 3
619591, 3
174689, 3
6577, 3
550776, 3
159180, 3
404966, 3
500530, 3
80616, 3
155782, 3
207758, 3
638916, 3
383917, 3
19921, 3
113078, 3
115811, 3
45540, 3
34743, 3
44529, 3
413801, 3
323603, 3
7772, 3
488700, 3
266254, 3
111691, 3
599928, 3
324775, 3
476307, 3
97494, 3
229261, 3
635647, 3
315304, 3
229738, 3
108550, 3
157962, 3
574273, 3
479097, 3
362118, 3
261681, 3
255994, 3
189184, 2
524431, 1
485051, 3
198826, 3
525064, 3
135637, 3
83642, 3
153285, 3
314767, 3
465901, 3
374937, 3
48876, 3
268656, 3
534981, 3
8638, 3
659453, 3
298400, 3
112447, 3
236338, 3
424813, 3
110367, 3
660613, 3
265018, 3
222636, 3
93234, 3
325131, 3
306988, 3
208857, 3
400602, 3
51963, 3
300883, 3
365072, 2
312739, 2
568080, 3
581976, 3
306067, 3
485427, 3
660317, 3
43975, 2
248127, 3
54824, 3
518152, 2
468675, 3
580072, 3
292625, 3
567884, 3
267511, 3
441023, 3
651155, 3
288295, 3
500753, 3
165847, 3
306650, 3
210810, 3
470278, 2
591742, 3
557130, 3
594248, 3
495974, 3
591604, 3
279422, 3
633173, 3
279026, 3
561690, 3
432538, 3
397884, 3
628626, 3
839, 3
84898, 3
450743, 3
139089, 3
548734, 3
207735, 3
256324, 1
487162, 3
535565, 3
554488, 3
265949, 2
551760, 3
569226, 1
572461, 3
141328, 3
540786, 3
651298, 3
96021, 2
111749, 3
377936, 3
272416, 3
512288, 3
437420, 3
61239, 3
119784, 3
142851, 3
344164, 3
36749, 3
240320, 2
524638, 2
183300, 3
157385, 3
359037, 3
230654, 3
529539, 3
11319, 3
570789, 3
81594, 3
369898, 3
167125, 3
388521, 3
426388, 3
616866, 3
640605, 3
180513, 3
288182, 3
402828, 3
557640, 3
549135, 1
206338, 3
447918, 3
405906, 3
490470, 3
393846, 3
575717, 3
156853, 1
391112, 3
109545, 3
42888, 3
207502, 3
226100, 3
652181, 3
338806, 3
475975, 3
573612, 3
207469, 3
300212, 3
309308, 3
427457, 2
238773, 3
314730, 3
177773, 3
171396, 3
650675, 3
402063, 3
150163, 3
284962, 3
401255, 3
263221, 3
644559, 3
372355, 3
458686, 3
148812, 3
609218, 3
233187, 3
247661, 3
243011, 3
498929, 3
57792, 3
43797, 3
312781, 3
508514, 3
396523, 3
161595, 3
308631, 3
147158, 3
288401, 3
634939, 3
283284, 3
264929, 3
440309, 3
37915, 3
432872, 3
404212, 3
52433, 3
540937, 3
594992, 3
541873, 3
288202, 3
238595, 3
417616, 3
364949, 3
344449, 3
222847, 3
117270, 3
141461, 3
597834, 3
470651, 3
594724, 3
563189, 3
370847, 2
280481, 3
224131, 3
13871, 3
601824, 1
622487, 3
347325, 3
71739, 3
308780, 3
144449, 3
11834, 3
19785, 3
461019, 3
601858, 3
138107, 3
362461, 3
572438, 3
99591, 3
297343, 3
624543, 3
381799, 3
399591, 3
87090, 3
390545, 3
600522, 3
607365, 3
243713, 3
307413, 3
519475, 3
649037, 3
383760, 3
519329, 3
345767, 3
63926, 2
248497, 3
342291, 3
586703, 2
206622, 3
254537, 3
141562, 3
224551, 3
645180, 3
604377, 1
98524, 3
37349, 3
576022, 3
393095, 3
526181, 3
333476, 3
508493, 3
164051, 3
378662, 3
586524, 3
209628, 3
4797, 3
350534, 3
412984, 3
50095, 3
140133, 3
277580, 3
196829, 3
489992, 3
533815, 3
3253, 3
556259, 3
202611, 3
455282, 3
563498, 3
266343, 3
471033, 3
415875, 3
635749, 3
468846, 3
190909, 3
135345, 3
511703, 3
470255, 3
93655, 3
250404, 2
368753, 3
589437, 3
168802, 3
656924, 3
637637, 3
160422, 3
309738, 3
148983, 3
544912, 3
17885, 3
559816, 3
157390, 3
441278, 3
627271, 3
365359, 3
209144, 3
436131, 3
507536, 3
177211, 3
55068, 3
263336, 3
324097, 3
15227, 3
549803, 3
38651, 3
398749, 3
410802, 3
582829, 3
500836, 3
589271, 3
292090, 3
346708, 3
378988, 3
69533, 3
210991, 3
301854, 3
244195, 3
81556, 3
554935, 3
498651, 3
117767, 3
33035, 3
569511, 3
6912, 3
372968, 3
392871, 3
610860, 3
368007, 3
485430, 3
555753, 3
658030, 3
190755, 3
551706, 3
501918, 3
373214, 3
26391, 3
613814, 3
436447, 3
326827, 3
474448, 3
622724, 3
83319, 3
14928, 3
472115, 1
550345, 3
501068, 3
362658, 3
601825, 3
501637, 3
386177, 2
128308, 3
637008, 3
109379, 2
362949, 3
164978, 3
53683, 3
194052, 3
237659, 3
600826, 3
275742, 3
661966, 2
359084, 3
520260, 3
50482, 3
246280, 3
524991, 3
45892, 3
237756, 3
456511, 3
432914, 2
417698, 3
280462, 3
659088, 3
23865, 1
636753, 3
530579, 3
122988, 3
608237, 3
203546, 3
472756, 3
327978, 3
574837, 3
350868, 3
547178, 3
441430, 3
206785, 3
659995, 3
298722, 3
92720, 3
585343, 3
259136, 3
635979, 3
653000, 3
606949, 3
61419, 3
297361, 2
463358, 3
514891, 3
643764, 3
83520, 3
247707, 3
547869, 3
650707, 3
506010, 3
234047, 3
664478, 3
119114, 3
12734, 3
559740, 3
300347, 2
154144, 3
318608, 3
659286, 3
573745, 3
598154, 3
598750, 3
4272, 3
226425, 3
220556, 3
194738, 3
106519, 3
68549, 3
477267, 3
486667, 3
406047, 3
645212, 3
235774, 3
590031, 3
360006, 3
90257, 3
283782, 3
190116, 3
301703, 3
304667, 3
128179, 3
387311, 2
270776, 3
168904, 3
94752, 3
124902, 3
142517, 3
565167, 3
295081, 3
660012, 3
394706, 3
444498, 3
160555, 3
173491, 3
395539, 2
90137, 3
474783, 3
512698, 3
51056, 3
565365, 3
561804, 3
180739, 3
589686, 3
520295, 3
606720, 3
486562, 3
305522, 3
603570, 3
215187, 3
99546, 3
594169, 3
352308, 1
149654, 2
400454, 3
315829, 3
342161, 3
131000, 3
576692, 3
461804, 3
144147, 3
284149, 3
613214, 3
277056, 3
506144, 3
568249, 3
237678, 3
607788, 3
589736, 3
623296, 3
165515, 3
174577, 3
633263, 3
364683, 3
617532, 3
203829, 3
479108, 3
540444, 3
596127, 3
588240, 3
336440, 3
293866, 3
205026, 3
32418, 2
595283, 3
11983, 3
223755, 3
69621, 3
562028, 2
123874, 3
320202, 3
511878, 3
262305, 3
448128, 3
635644, 3
359930, 3
534788, 3
202956, 3
603550, 3
392081, 2
264897, 3
403270, 3
265415, 3
402667, 3
529822, 3
277736, 3
150947, 3
116037, 3
550042, 2
111659, 3
125390, 3
266565, 2
8933, 3
324505, 3
201862, 3
20194, 3
513416, 3
203110, 3
200703, 3
42239, 3
659937, 3
86501, 3
243303, 3
192916, 2
409026, 3
355821, 3
272141, 3
84192, 3
322692, 3
249534, 3
154934, 3
472793, 3
342178, 3
294170, 3
317313, 3
245873, 3
6623, 3
145976, 3
497630, 3
309929, 3
381094, 3
5007, 3
189709, 3
123447, 3
559140, 3
441241, 3
184759, 3
305693, 3
184257, 3
438105, 3
428304, 3
125120, 3
461598, 3
410329, 3
2823, 3
230956, 3
445473, 3
98750, 3
266148, 3
221034, 3
382183, 3
315645, 3
541610, 3
98476, 3
130184, 3
560045, 3
396494, 3
27900, 1
273488, 3
281195, 3
372871, 3
424603, 3
247847, 3
459046, 3
521953, 3
491859, 3
366060, 3
571479, 3
77963, 3
446029, 3
53144, 3
43763, 3
195712, 3
161524, 3
558032, 3
428366, 3
160826, 3
298358, 3
298193, 3
236284, 3
80273, 3
153257, 3
225271, 3
637189, 3
133265, 3
400155, 3
614075, 3
62358, 3
353517, 3
26786, 3
541943, 3
149523, 3
74119, 2
553679, 3
463573, 3
44967, 3
422250, 3
449788, 3
246769, 3
577132, 3
293694, 3
254110, 3
432500, 2
282640, 3
197142, 3
575548, 1
67793, 3
528677, 3
143643, 3
232297, 3
642625, 3
536261, 3
63353, 3
305748, 3
567455, 3
16701, 3
563575, 3
185912, 1
83783, 3
8470, 3
623987, 3
220922, 3
275629, 3
357473, 3
643296, 3
95274, 3
426427, 3
534860, 3
422528, 3
620178, 3
105052, 3
655904, 3
126218, 3
554507, 3
355467, 3
643493, 3
390673, 3
557174, 3
278209, 3
175310, 3
603864, 3
318474, 3
529076, 2
467713, 3
263179, 3
200128, 3
34219, 3
294636, 3
328899, 3
54403, 3
463900, 3
76363, 3
406530, 3
350627, 3
613906, 3
331874, 3
23774, 3
537396, 3
113548, 3
459849, 3
361210, 3
569376, 3
566792, 3
459524, 3
424840, 3
76070, 3
152785, 3
507642, 3
195802, 3
250089, 3
266034, 3
509620, 3
358491, 3
393379, 3
566310, 3
427278, 2
633773, 3
395303, 3
100688, 3
600896, 3
247405, 1
602859, 3
655980, 3
538417, 3
441729, 3
155309, 3
98139, 3
344244, 3
421893, 3
325770, 3
475312, 3
164830, 3
610799, 3
606174, 3
314664, 3
50576, 3
501172, 3
465082, 3
181618, 3
567704, 3
487264, 3
200183, 3
393919, 3
241987, 3
624645, 3
36140, 3
341305, 3
547129, 3
361131, 3
321556, 3
604231, 3
183355, 3
238122, 3
390571, 3
160557, 3
648633, 3
658991, 3
363018, 3
577377, 3
301108, 2
342814, 3
158959, 3
655842, 3
558013, 3
156228, 3
535784, 3
488337, 3
167782, 3
424793, 3
359963, 3
608124, 2
36063, 3
654551, 2
562330, 3
132653, 3
391680, 3
444917, 3
352048, 3
230251, 3
225087, 3
553907, 3
359895, 3
410547, 3
74969, 3
448996, 3
244316, 3
455133, 3
536599, 3
209898, 3
346457, 3
21678, 3
522975, 3
493242, 3
465286, 3
54033, 3
514930, 3
466207, 3
469374, 3
395188, 3
497475, 2
143445, 3
572880, 3
466599, 3
104539, 3
275427, 3
28286, 3
154155, 3
97266, 3
124511, 3
500305, 3
24789, 3
77767, 3
179544, 3
289072, 3
328252, 3
316845, 3
454972, 3
216538, 3
489808, 3
531632, 3
177101, 3
200191, 3
548117, 3
586365, 3
174009, 3
402221, 3
509058, 3
179605, 3
415319, 3
583186, 3
431943, 3
621538, 3
383973, 3
31069, 3
107739, 3
381498, 3
120000, 3
648231, 2
87954, 3
164502, 3
596791, 3
80624, 3
623760, 3
209194, 3
260789, 2
286407, 3
372714, 3
482103, 3
581311, 3
20034, 3
35475, 2
170936, 3
462596, 1
163186, 3
416171, 3
629280, 3
45295, 3
559825, 2
190611, 3
38534, 3
611997, 3
266473, 3
562564, 3
143460, 3
254534, 3
426110, 3
542140, 3
20859, 3
600086, 3
259696, 1
175507, 3
257613, 3
110851, 3
330167, 3
334117, 2
351873, 3
509406, 3
442421, 3
72544, 3
182735, 3
376060, 3
332422, 3
447939, 2
548352, 3
293061, 3
656596, 3
556562, 3
230282, 3
460693, 3
575899, 3
632173, 3
147691, 3
155560, 3
436000, 3
621615, 3
637317, 3
502171, 3
551547, 3
521515, 3
500133, 3
54178, 3
440278, 3
159282, 3
286956, 3
117837, 3
419425, 3
354627, 3
408496, 3
111495, 2
360124, 3
223369, 3
541079, 3
294862, 3
243360, 3
613202, 3
436743, 3
25161, 3
559734, 3
78686, 3
168339, 3
51985, 3
431996, 3
129893, 3
151994, 2
129873, 1
178860, 3
445875, 3
445969, 3
556687, 3
225605, 3
84311, 3
488418, 3
300350, 3
237363, 3
363409, 2
538586, 3
469781, 3
316746, 2
471210, 3
528717, 3
562086, 3
280025, 3
404979, 3
611131, 3
316706, 3
267694, 1
10233, 3
399288, 3
579407, 3
230764, 3
256699, 3
592444, 3
163126, 3
349459, 3
595129, 2
243550, 3
533177, 3
297423, 3
612411, 1
335557, 3
591397, 3
451580, 2
389437, 3
635394, 3
480596, 3
525102, 3
623645, 3
507187, 3
575317, 3
546843, 3
251137, 3
479961, 3
170694, 3
37615, 3
89349, 2
274033, 3
191966, 3
450100, 3
89413, 3
50368, 3
201942, 3
327899, 3
488313, 3
162361, 3
457777, 3
428801, 3
599713, 2
346419, 3
552942, 3
343071, 3
245428, 3
630200, 3
523183, 3
39030, 3
503686, 3
628845, 3
164463, 3
192415, 3
212685, 3
151858, 3
135173, 3
501359, 3
1553, 3
290209, 3
597242, 3
377296, 3
287282, 3
168211, 3
617109, 3
61357, 3
397162, 3
134656, 3
427390, 3
47789, 3
540973, 3
348196, 3
628135, 3
27055, 3
203029, 3
301634, 3
343895, 3
142218, 3
164273, 3
345303, 3
333370, 3
307809, 3
333648, 3
107244, 3
541283, 3
542354, 3
4526, 3
387516, 3
431383, 3
561343, 3
118842, 3
617078, 3
275275, 3
134513, 3
419211, 3
93326, 3
292984, 3
288778, 3
503668, 3
184815, 3
358878, 1
271630, 3
634689, 3
450898, 3
127206, 3
24091, 3
258972, 2
242946, 3
253375, 3
187028, 3
265272, 3
546422, 3
524568, 3
348412, 3
575828, 3
625522, 3
84413, 3
197358, 3
510680, 2
601663, 3
442678, 3
384572, 3
372156, 3
335350, 3
454756, 3
581346, 3
265893, 3
488404, 3
395398, 3
506356, 3
533923, 3
6429, 3
147783, 3
150066, 3
266415, 1
233019, 3
516314, 3
362484, 3
13908, 3
630711, 3
336780, 3
607452, 3
181795, 3
176473, 3
256367, 3
8381, 3
198164, 3
483059, 3
468059, 3
272734, 3
531038, 3
330512, 3
495438, 3
34513, 3
575731, 3
350496, 3
611197, 3
662003, 3
161824, 3
587857, 3
290499, 3
247717, 3
22890, 3
8756, 3
457985, 3
89741, 3
480258, 3
599026, 3
518466, 3
601202, 3
217245, 3
257252, 3
321740, 3
96068, 3
86345, 3
71481, 3
372210, 3
64780, 3
566090, 3
255064, 3
551782, 3
438733, 3
384040, 3
8726, 3
634537, 3
551766, 3
268734, 3
68053, 3
111668, 3
30218, 3
38088, 3
287941, 3
406643, 3
329907, 3
494985, 3
653630, 3
460754, 3
435282, 3
106783, 3
645315, 3
346976, 3
108247, 3
328661, 3
417574, 3
469708, 3
614919, 3
531727, 3
445896, 3
178322, 3
402403, 3
504003, 3
141181, 3
522715, 3
539398, 3
419270, 3
118331, 3
556129, 3
562103, 3
435565, 3
172141, 3
195976, 3
503807, 3
351334, 3
649711, 3
75187, 3
325411, 3
6257, 3
604535, 3
337625, 3
253891, 3
190069, 3
532279, 3
353444, 3
214489, 3
47177, 3
467085, 3
427730, 3
408550, 3
570408, 2
594238, 3
641101, 3
634898, 3
126701, 3
8514, 3
301180, 3
410605, 3
101887, 3
154924, 3
552751, 3
537348, 3
286370, 3
552111, 3
54769, 3
168872, 3
158783, 3
466619, 3
161258, 3
31648, 3
91367, 3
98467, 3
12603, 3
260844, 3
306171, 3
428393, 3
300429, 3
568576, 3
125455, 3
598444, 3
61661, 2
127296, 3
623874, 3
170928, 3
577109, 1
61471, 3
347987, 3
538800, 3
624575, 3
564989, 2
218449, 3
487966, 3
403958, 3
324375, 3
571383, 3
600367, 3
629996, 3
420846, 3
127047, 3
386548, 1
385659, 3
124630, 3
191871, 3
462903, 3
136423, 2
421843, 3
119013, 3
604123, 3
315635, 3
371524, 3
466443, 3
421007, 3
283390, 3
653749, 3
301590, 3
437971, 3
275678, 3
312120, 1
520258, 3
214619, 3
58159, 2
636261, 3
227234, 3
241968, 3
133771, 3
492612, 3
158094, 3
75616, 3
318047, 3
504902, 3
261129, 3
435459, 3
656545, 3
380140, 3
274589, 3
229288, 3
44740, 3
548825, 3
393991, 3
410419, 3
271684, 3
371820, 3
140241, 3
162937, 3
560873, 2
414310, 3
71820, 3
428063, 2
456450, 3
309235, 3
449488, 3
128895, 3
92746, 3
356787, 3
119391, 3
122697, 3
100665, 3
458748, 3
294308, 3
602933, 3
633307, 3
251691, 3
192690, 1
640172, 3
209796, 3
123456, 3
214858, 2
648756, 3
350159, 3
279259, 3
257881, 3
70515, 3
101029, 3
317599, 3
85802, 3
532903, 3
38717, 3
135148, 3
67274, 1
246956, 3
165737, 3
317141, 3
647610, 3
261909, 3
420605, 3
624702, 3
110928, 3
65928, 3
362504, 3
309827, 3
350835, 3
97025, 3
527337, 2
409167, 3
525647, 3
277049, 3
483239, 3
32941, 3
147470, 3
19038, 3
632854, 3
218068, 3
187756, 3
491636, 3
538493, 3
199350, 3
316635, 3
349465, 3
61563, 3
531495, 3
286269, 3
236543, 3
349712, 3
75061, 3
60047, 3
255499, 3
440765, 3
141490, 3
324165, 3
247523, 3
73899, 3
185240, 3
622756, 3
42417, 3
324311, 3
97470, 3
514128, 3
274675, 3
572582, 3
10778, 3
469583, 3
462033, 3
417389, 3
138372, 3
645150, 3
401373, 3
206650, 3
65023, 3
628222, 2
381488, 3
216586, 3
290465, 3
256634, 3
607684, 3
191586, 3
530334, 3
7502, 3
488704, 3
159438, 3
505294, 3
52246, 3
104435, 3
431775, 3
652987, 3
260122, 3
156109, 3
478100, 1
618941, 3
142836, 3
207847, 3
153631, 3
486057, 3
559314, 3
633080, 3
502018, 3
500629, 3
394165, 3
488137, 3
458051, 3
597994, 3
556413, 3
87013, 3
341395, 3
348328, 3
405108, 3
552262, 3
152707, 3
31475, 3
215088, 3
250850, 3
264750, 3
263007, 3
656777, 3
168136, 3
336211, 3
435306, 3
101429, 3
435648, 3
158595, 3
273288, 3
40322, 3
560332, 3
316486, 3
478935, 3
267342, 3
420041, 3
182225, 3
459128, 3
146939, 3
123839, 3
302558, 3
304559, 2
251668, 3
547614, 3
148525, 3
334137, 3
522874, 3
565707, 3
220014, 3
643838, 3
75106, 3
531026, 3
624251, 3
297987, 3
538345, 3
396942, 3
367047, 3
82453, 3
570425, 3
381948, 3
576091, 3
362352, 3
660449, 3
450515, 3
641091, 3
175176, 3
187154, 3
636775, 3
2228, 3
603513, 3
291653, 3
70207, 3
18827, 3
399670, 3
55268, 3
201427, 3
377260, 3
257486, 3
366695, 3
414162, 3
286969, 3
122095, 3
658453, 3
659090, 3
428514, 3
67447, 3
142441, 3
208821, 3
664597, 2
541599, 3
383127, 3
234777, 3
201182, 3
363354, 3
415121, 3
598329, 3
641529, 2
486263, 3
648709, 3
36033, 3
563578, 3
42272, 3
214291, 3
507753, 3
290665, 3
35033, 3
172043, 3
191989, 3
169752, 3
623515, 1
181426, 3
353802, 3
396443, 3
369315, 3
382806, 3
528963, 3
184802, 3
475632, 3
226540, 3
195324, 3
279906, 3
341326, 3
479616, 3
271189, 3
426957, 3
232386, 3
447666, 3
112360, 3
144034, 3
112256, 3
97175, 3
318300, 3
345304, 1
537980, 3
173762, 3
477001, 3
401033, 3
640310, 3
382474, 3
232143, 3
562132, 3
587178, 3
324163, 3
94632, 3
200120, 2
117361, 3
364046, 3
58755, 3
507699, 3
265429, 2
506036, 3
344560, 3
498798, 3
514822, 3
624410, 3
207994, 3
341649, 3
229870, 3
599916, 3
362579, 3
581389, 3
55414, 3
437426, 3
427628, 3
503387, 3
509996, 3
354886, 3
79302, 3
504892, 3
234459, 3
321062, 3
58840, 3
202755, 3
26718, 3
238788, 3
371079, 3
255394, 3
611067, 3
654550, 3
236807, 3
77262, 3
389551, 3
333989, 3
401346, 3
356498, 3
337568, 3
325392, 3
154131, 3
155570, 3
483766, 3
222296, 3
20516, 3
388429, 3
227445, 3
361023, 3
531783, 3
526886, 2
297629, 3
185155, 2
52727, 3
536211, 3
266251, 3
576582, 3
219107, 3
483010, 3
181102, 3
438907, 3
476559, 3
370264, 3
262461, 3
172417, 3
618209, 3
499241, 2
155039, 3
20408, 3
370982, 3
207263, 3
375443, 3
200998, 3
575755, 3
271412, 3
352572, 3
318701, 1
429243, 3
93849, 2
286975, 3
4046, 3
221148, 3
17749, 3
209286, 3
112355, 3
229343, 3
76778, 3
462087, 3
295259, 3
638694, 3
533107, 3
41945, 3
524218, 3
318914, 3
73589, 3
53174, 3
361269, 3
293828, 3
31666, 2
464666, 3
450795, 3
439080, 3
266679, 3
31754, 2
244591, 3
128212, 3
171133, 3
631393, 3
533529, 3
24725, 3
276663, 3
610187, 3
523835, 3
518224, 3
543145, 3
232777, 3
571124, 3
396594, 3
596441, 3
159063, 3
480438, 1
205847, 3
136702, 3
480580, 3
608342, 2
270517, 3
431483, 3
492127, 3
325298, 3
350298, 3
137410, 2
507834, 3
253525, 3
641848, 3
406531, 3
208626, 3
138656, 3
454118, 3
414417, 3
192271, 3
79905, 3
424143, 3
539809, 3
89722, 3
614406, 3
435301, 3
305756, 3
123250, 3
181611, 3
105318, 3
660296, 3
111372, 3
317201, 3
299529, 3
77655, 3
321541, 3
262083, 3
458147, 3
404739, 3
550166, 3
348850, 3
292085, 3
70517, 3
536793, 3
57050, 3
32516, 3
550117, 3
530372, 3
320242, 3
211947, 3
367675, 2
530678, 3
390460, 3
56308, 3
71672, 3
609338, 3
643497, 3
74175, 3
391505, 3
574328, 3
436918, 3
72738, 3
92256, 3
119723, 3
172280, 3
350851, 3
527510, 3
485380, 3
628466, 3
664317, 3
177644, 3
197442, 3
12556, 3
260502, 3
168963, 3
137252, 3
186377, 3
673, 3
220536, 3
216377, 1
494987, 3
411152, 3
173967, 3
570944, 3
98870, 3
206744, 3
480528, 3
335587, 3
223236, 1
499881, 3
569047, 3
574596, 3
79878, 3
19952, 3
345336, 1
217721, 3
41798, 3
343221, 3
630289, 3
473222, 3
229312, 3
486857, 3
471406, 3
415742, 3
199543, 3
336892, 3
479667, 3
253365, 3
287672, 3
330456, 3
631015, 3
188757, 3
604393, 3
210024, 3
471709, 3
356805, 3
560433, 3
261708, 3
159949, 3
237792, 3
396080, 2
3423, 3
563698, 3
185671, 3
118822, 3
223910, 3
353411, 3
657591, 3
403808, 3
295738, 3
605427, 3
159059, 3
525415, 3
234589, 3
108707, 3
204555, 3
40028, 3
251383, 3
302245, 3
294079, 3
145599, 3
578216, 3
602656, 3
370815, 3
463935, 3
665212, 2
533268, 3
217595, 3
189389, 3
76624, 3
566836, 3
650417, 3
44306, 3
247965, 3
643179, 3
499610, 3
65773, 3
610272, 3
349485, 3
218291, 3
132800, 3
347933, 3
459732, 3
458311, 3
232584, 3
312556, 3
335874, 3
48597, 3
238748, 3
157635, 3
487723, 3
503743, 3
572500, 3
181433, 3
181706, 3
132595, 3
545868, 3
632321, 3
471660, 3
63909, 2
312640, 3
122498, 2
117989, 3
556602, 3
433311, 3
407499, 3
572862, 3
459498, 3
13985, 3
221090, 3
354619, 3
276520, 3
276930, 3
30967, 3
492231, 3
597127, 1
309731, 3
262170, 3
568066, 3
583574, 3
517357, 3
527405, 2
528494, 2
26350, 3
552174, 3
182795, 3
427348, 3
502202, 3
186680, 3
400290, 3
234, 3
314518, 3
293208, 3
270499, 3
284871, 3
123184, 3
413081, 3
72603, 3
593412, 3
240507, 3
485273, 3
261326, 3
578225, 3
271434, 3
62736, 3
401136, 3
484560, 3
369628, 3
199582, 3
31099, 3
196699, 3
437089, 3
462786, 3
244927, 3
238123, 3
414006, 3
538688, 3
271528, 3
310266, 3
542200, 3
199082, 1
351960, 3
400368, 3
234028, 3
78823, 3
524962, 3
92383, 3
582486, 3
498427, 3
219875, 3
485942, 3
402752, 3
490263, 3
522737, 3
227094, 3
252174, 3
555707, 3
444358, 3
379594, 3
18782, 3
26234, 3
465772, 3
506655, 3
331062, 3
590881, 3
275366, 3
215107, 3
100009, 3
68691, 3
144947, 3
101222, 3
532545, 3
36304, 3
611896, 3
27627, 3
164237, 3
330278, 3
402534, 3
37334, 3
340049, 3
460000, 3
344036, 3
554441, 3
629475, 3
632073, 2
543200, 3
62116, 3
444353, 2
554195, 3
593538, 3
368780, 3
592935, 1
437848, 3
503020, 3
71586, 3
342581, 3
327808, 3
628284, 3
10459, 3
639995, 3
386498, 3
609239, 3
576029, 1
40928, 3
139127, 2
471170, 3
331394, 3
258450, 3
278960, 3
413160, 3
403688, 3
286739, 3
246077, 3
386849, 3
421929, 3
173538, 3
363210, 3
494573, 3
333854, 3
580788, 3
355987, 3
422897, 3
442929, 3
3132, 3
377567, 3
420884, 3
249154, 3
164983, 3
664087, 3
508151, 3
209859, 3
553714, 3
22335, 3
314592, 3
524781, 3
215589, 3
263227, 3
10646, 3
380241, 3
544404, 3
195688, 3
570014, 1
394345, 3
140907, 3
328857, 3
367785, 3
534982, 3
370694, 3
243940, 3
46914, 3
647222, 3
574096, 3
466678, 3
208129, 3
331764, 3
113133, 3
427632, 3
123180, 3
516029, 3
620033, 3
469758, 3
214465, 3
16283, 3
179673, 3
247699, 3
657835, 3
662605, 3
45031, 3
148979, 3
81173, 3
519307, 3
250600, 3
136687, 3
333273, 3
618385, 3
69157, 3
615593, 3
609174, 3
624401, 3
50092, 3
540875, 3
503809, 3
652183, 3
628167, 3
188925, 3
323409, 2
76486, 3
114758, 3
252532, 2
301885, 3
396898, 3
522249, 3
482451, 3
292176, 3
239498, 3
620093, 3
29090, 3
289323, 3
636250, 3
457029, 3
226017, 3
139974, 3
464266, 2
505671, 3
11612, 3
586812, 3
191963, 3
465402, 3
234322, 3
142568, 3
120813, 3
506646, 3
109229, 3
494342, 3
291866, 3
350467, 3
71421, 3
659697, 3
466195, 3
267163, 1
559920, 3
4801, 3
588285, 2
535468, 3
175053, 3
383798, 3
570697, 3
624718, 3
636059, 3
25758, 3
214348, 3
379897, 3
538016, 3
19426, 3
452036, 3
249615, 3
20052, 3
301186, 3
133390, 3
473067, 3
316611, 3
611112, 3
75349, 3
451593, 3
607789, 3
250186, 3
563981, 2
345791, 2
314806, 3
53697, 3
387465, 3
446504, 3
239923, 3
540325, 3
496568, 3
436589, 3
438870, 3
456673, 3
308326, 3
372945, 3
342097, 3
480706, 3
370246, 3
552636, 3
546859, 3
76468, 3
28057, 3
103907, 2
93013, 3
529952, 3
265993, 3
412374, 3
343346, 3
555109, 3
578384, 3
479233, 3
198280, 3
409451, 3
343955, 1
129218, 3
438486, 3
664075, 3
353084, 3
508400, 3
84487, 3
526436, 3
336156, 3
43639, 1
600197, 3
155909, 3
361854, 3
393809, 3
458195, 3
455220, 3
554687, 3
642982, 3
222727, 3
16603, 1
99217, 3
202916, 3
490322, 3
502878, 3
350390, 2
355868, 3
500537, 3
275807, 3
595838, 3
444696, 3
265907, 3
187378, 3
377933, 3
304551, 3
151129, 3
660483, 3
617761, 3
327602, 3
21871, 3
148585, 3
55773, 3
524647, 2
494272, 3
589846, 3
326388, 3
125577, 3
154579, 3
108254, 3
393520, 3
645671, 3
358400, 3
564003, 3
277080, 3
198794, 3
255679, 3
559278, 3
451299, 3
236237, 3
210265, 3
199556, 3
126002, 3
495308, 3
450547, 3
463502, 3
662639, 3
36336, 3
55502, 3
560540, 3
599450, 3
428060, 3
275876, 3
628858, 3
493820, 3
15566, 3
449958, 3
235522, 3
226239, 3
92875, 3
122585, 3
533972, 3
580128, 3
642493, 2
514145, 3
273822, 3
170293, 3
294854, 3
184196, 3
93634, 3
99460, 3
557276, 3
221979, 3
63468, 3
552396, 3
115135, 3
49684, 3
379717, 3
93991, 3
30188, 1
188451, 3
280119, 3
508636, 3
264021, 3
257349, 3
385756, 3
210186, 3
556321, 3
267809, 3
44324, 3
413135, 3
652254, 3
51716, 3
32079, 3
391115, 3
314302, 3
502772, 3
136189, 3
512234, 3
13222, 3
259987, 3
142349, 3
602700, 3
396138, 3
458460, 3
524422, 3
254594, 3
613553, 3
289937, 3
445774, 3
187941, 3
588265, 3
170922, 3
366627, 3
486783, 3
460622, 3
532974, 3
262012, 3
102249, 1
161529, 3
311177, 3
553499, 3
77634, 3
427623, 3
654815, 3
540773, 3
187023, 3
373633, 3
583503, 3
216958, 3
353730, 3
538266, 3
604074, 2
468916, 3
272437, 3
147326, 3
399365, 3
328614, 3
647384, 3
359046, 3
595432, 3
384896, 3
92943, 3
320743, 3
123773, 3
556810, 3
173328, 3
485827, 3
8137, 3
255283, 3
321774, 3
499153, 3
580193, 3
629621, 3
479723, 3
657927, 3
483093, 3
113220, 3
269916, 3
539881, 3
284174, 3
470960, 3
45152, 3
620778, 3
32267, 3
143318, 3
62720, 3
113128, 3
563469, 3
408671, 3
62265, 3
584522, 3
304234, 3
298115, 3
194893, 3
625351, 2
87622, 2
315938, 3
302930, 3
156193, 3
45709, 3
477673, 3
371855, 3
542697, 3
454934, 3
167357, 3
45086, 1
622703, 3
68242, 3
495146, 3
255009, 3
500813, 3
252199, 3
273929, 3
319441, 2
236827, 3
365501, 3
412989, 3
299527, 3
475363, 3
284921, 3
190219, 3
292111, 3
343453, 3
263108, 3
369192, 3
90669, 3
474865, 3
162317, 3
164863, 3
171314, 3
617937, 3
313131, 3
210679, 3
92594, 3
239544, 3
554215, 3
626534, 3
365569, 3
98324, 3
59520, 3
526772, 2
54603, 3
654090, 3
343394, 3
482267, 3
10929, 3
538701, 3
380984, 3
585737, 3
434821, 3
579793, 2
619022, 3
202021, 3
244081, 3
550779, 3
207163, 3
198203, 1
273536, 3
134297, 3
362070, 3
620687, 3
15308, 3
602653, 2
403301, 3
177925, 3
127350, 3
431112, 3
427690, 3
441813, 3
187898, 2
163923, 3
223231, 3
6876, 3
6245, 3
221193, 3
205086, 3
404422, 3
458057, 3
232464, 3
351472, 3
386962, 3
14041, 3
657376, 2
136854, 3
477914, 3
59451, 3
248335, 3
190708, 3
665204, 3
245333, 3
214032, 3
446496, 3
27306, 3
46393, 3
619528, 3
618713, 3
316290, 3
90142, 3
195264, 1
540776, 3
13757, 3
233938, 3
560885, 3
58561, 3
9371, 3
139718, 3
504351, 3
401419, 3
647219, 3
126037, 3
516862, 3
615200, 3
257671, 3
408237, 3
359934, 3
577044, 3
591139, 3
432231, 3
664243, 2
619144, 3
212319, 3
84046, 3
77254, 3
267047, 3
450813, 3
293703, 3
413433, 3
345447, 3
411983, 3
537203, 3
303811, 3
424102, 3
579398, 3
74318, 3
451434, 3
67166, 3
461009, 3
404104, 3
541182, 3
316134, 3
507556, 3
653472, 3
503215, 2
88406, 3
664688, 3
134214, 3
337623, 3
517285, 3
361773, 3
67542, 3
379546, 3
457343, 3
274437, 3
603696, 3
638602, 3
638618, 3
463768, 3
337168, 3
102024, 3
376210, 3
474618, 2
265867, 3
117390, 3
371768, 3
266793, 3
530673, 1
438319, 3
289280, 3
314103, 3
108057, 3
121416, 3
454182, 3
564514, 3
366090, 3
22896, 3
568446, 3
229012, 3
611019, 3
51863, 3
657937, 3
45691, 3
294254, 2
171492, 3
331646, 3
648000, 3
553388, 3
279486, 3
440829, 3
474398, 3
209583, 3
610449, 3
481333, 3
339772, 3
208371, 2
274509, 3
371208, 3
525934, 3
331096, 3
284725, 3
588556, 3
332823, 3
301305, 2
288531, 3
393495, 2
608582, 3
39781, 3
229904, 3
96558, 3
94544, 3
193623, 3
470005, 3
506148, 3
214204, 3
234371, 3
628786, 3
457124, 3
333533, 3
394910, 3
653242, 3
632324, 3
197493, 3
460534, 3
254017, 3
89671, 3
633661, 3
580940, 3
652139, 3
54654, 3
304536, 3
484616, 3
19553, 3
453494, 3
58491, 2
333045, 3
215337, 3
392053, 3
100968, 3
648152, 3
297181, 3
419956, 2
466547, 3
387201, 3
229079, 3
28877, 3
127217, 3
259353, 3
377012, 3
52882, 3
431899, 3
662406, 3
378038, 3
563196, 3
100426, 3
122364, 3
535148, 3
309115, 3
137587, 3
156693, 3
300708, 3
658365, 3
661288, 1
288489, 3
566630, 3
110309, 3
654990, 3
210341, 2
549556, 3
192143, 3
93717, 3
590099, 3
251421, 3
81258, 3
62113, 3
573823, 1
100583, 3
161221, 3
572150, 3
317990, 3
457122, 3
499200, 3
458547, 3
543229, 3
342917, 3
445618, 3
603631, 3
430181, 2
380701, 3
627642, 3
398662, 3
630120, 3
253950, 3
270777, 3
133333, 3
136311, 3
652877, 3
394801, 3
502938, 3
532445, 3
273098, 3
152698, 3
39747, 3
63812, 2
468808, 3
296180, 3
372548, 3
193776, 3
648860, 3
82153, 3
235203, 3
228874, 3
367529, 3
578546, 3
90597, 3
235827, 3
537027, 3
164948, 3
45782, 3
262242, 3
447452, 3
480730, 3
405525, 3
651674, 2
67151, 3
510760, 3
648992, 3
664859, 3
293213, 3
234995, 3
453942, 3
311248, 3
464183, 1
77559, 3
550023, 3
126027, 3
651057, 3
386052, 3
244370, 3
299271, 3
339128, 3
642125, 3
27808, 3
329102, 3
99153, 3
113883, 3
503655, 3
149459, 3
404578, 1
524081, 2
172789, 3
638136, 3
45788, 3
531243, 3
202981, 3
195059, 3
207107, 3
505503, 3
385935, 3
484242, 3
326842, 3
646825, 3
71764, 3
346686, 3
111164, 3
156540, 3
272082, 3
249384, 3
370024, 3
561933, 3
77305, 3
655268, 3
599753, 3
332148, 3
162497, 3
468918, 3
588858, 3
138398, 3
51224, 2
644678, 3
51273, 3
204022, 3
99012, 3
293284, 1
554153, 3
249254, 3
67081, 3
642564, 3
562665, 3
141419, 3
463795, 2
379051, 3
363200, 3
501132, 3
468959, 3
348102, 3
194973, 3
412015, 3
629960, 3
440251, 3
470915, 3
19266, 3
326766, 3
453229, 3
504510, 3
236052, 3
148686, 3
229980, 3
643539, 3
266866, 2
324116, 3
568238, 3
654753, 2
292347, 3
82576, 3
516694, 3
76692, 3
53955, 3
35775, 2
302916, 3
475992, 3
314294, 3
43940, 3
214551, 3
412029, 3
207149, 3
107397, 3
332145, 1
284686, 3
663478, 3
529426, 2
221816, 3
261597, 3
513750, 3
291720, 3
429696, 3
92724, 3
461609, 3
641690, 3
633651, 3
591977, 3
16095, 3
299859, 3
77984, 3
190123, 3
305640, 3
328665, 3
252798, 3
562931, 3
469752, 3
512188, 3
244699, 3
301445, 3
67085, 3
382724, 3
197382, 3
579463, 3
194088, 3
437605, 3
372834, 3
320080, 3
330708, 3
151043, 3
514885, 3
400136, 3
336168, 3
192532, 3
543959, 3
75335, 3
326625, 3
168331, 3
407424, 3
178313, 3
314274, 3
219562, 3
175042, 3
419866, 3
106098, 3
387823, 3
281499, 3
64221, 3
49653, 3
431274, 3
220809, 3
425849, 3
553466, 3
502212, 1
461053, 3
96609, 3
400505, 2
398907, 3
199936, 3
354918, 3
385290, 3
180358, 3
65793, 2
437988, 3
656933, 3
637617, 3
287153, 3
395498, 3
131534, 3
295768, 3
519719, 1
386638, 1
114641, 3
497232, 3
544166, 3
109848, 3
431946, 3
54865, 3
492109, 3
212806, 2
418699, 3
241320, 3
607503, 3
426078, 2
501341, 3
476855, 3
438430, 3
105162, 3
457441, 3
280499, 3
327752, 3
635260, 3
269342, 3
532042, 3
575201, 3
333762, 3
257507, 3
124383, 3
494017, 3
582751, 3
537113, 3
549260, 3
117940, 3
595204, 3
78511, 3
572974, 3
494711, 3
113867, 3
496349, 3
381766, 3
477338, 3
550660, 3
322536, 3
520518, 2
611804, 3
275474, 3
370152, 3
231573, 3
244, 3
74099, 3
178435, 3
187569, 2
616587, 3
208179, 3
585249, 2
506686, 3
294695, 3
28382, 3
71508, 3
373847, 3
495123, 1
74758, 3
391365, 3
152965, 3
648427, 3
250079, 3
342779, 3
618968, 3
321294, 3
170473, 3
61750, 3
614777, 3
124198, 3
636828, 3
592687, 3
57028, 3
630933, 3
316035, 3
196034, 3
146858, 3
94762, 3
227616, 3
144283, 3
630130, 3
77692, 3
467610, 3
276458, 3
420510, 3
450958, 3
366596, 3
300668, 3
195933, 3
330401, 3
353965, 3
518443, 3
15898, 3
167418, 3
173325, 3
25008, 3
50696, 3
653427, 3
98198, 2
319364, 3
6225, 1
155125, 3
77922, 3
539917, 3
379640, 3
596570, 3
10531, 3
163627, 3
212215, 3
473197, 3
113625, 3
605518, 3
424700, 3
515605, 3
577653, 3
262226, 3
6514, 3
4535, 3
565890, 2
440587, 3
379732, 3
536655, 3
285055, 3
650042, 3
321958, 3
285595, 3
241043, 3
74733, 3
109746, 3
292475, 3
141402, 3
578090, 3
275548, 3
615467, 3
519444, 3
306255, 3
577924, 3
530302, 3
79801, 3
164181, 2
313897, 3
641240, 3
655758, 3
385123, 3
218110, 3
193631, 3
154936, 3
212157, 3
397148, 3
546931, 3
13833, 3
103481, 3
239650, 3
28638, 3
478894, 1
349809, 3
148862, 3
348090, 3
291620, 3
156393, 3
638504, 3
132734, 3
277183, 3
261162, 3
305496, 3
534636, 3
405054, 3
239561, 3
363917, 3
180913, 1
44468, 3
388139, 3
46033, 3
642253, 3
599670, 3
271149, 3
269852, 3
102273, 3
377702, 3
26430, 3
555856, 3
637436, 3
42966, 3
296012, 2
234235, 3
492271, 3
141042, 3
299826, 3
581259, 3
631871, 2
132386, 3
572933, 3
344272, 3
327014, 3
319383, 3
532321, 2
662266, 3
205627, 3
275005, 3
167988, 3
79490, 3
517604, 3
604682, 3
496398, 3
60951, 3
401103, 3
457662, 3
650701, 3
13554, 3
299833, 3
204006, 3
108308, 3
385971, 3
632138, 3
424270, 3
82536, 3
173389, 3
179820, 3
541136, 3
323837, 3
607234, 3
51016, 3
554673, 3
572649, 3
308614, 3
225009, 3
539145, 3
613297, 3
466941, 2
117860, 3
452076, 3
524614, 3
274707, 3
449328, 3
225480, 3
470085, 3
587180, 3
639133, 3
289346, 3
104633, 3
4688, 3
631907, 3
463260, 3
138622, 3
376009, 3
157217, 3
3507, 3
339264, 3
500625, 3
511588, 3
527157, 3
570941, 3
465030, 3
547003, 3
80938, 3
469093, 3
248092, 3
52669, 3
196569, 3
395756, 3
642137, 3
81195, 3
286408, 3
578047, 3
366356, 3
384566, 3
501827, 3
371933, 3
137494, 3
4216, 3
91266, 3
208650, 3
193342, 3
472632, 3
304222, 3
532169, 3
590952, 3
512350, 3
216589, 3
624481, 3
495915, 3
126268, 3
509831, 3
620579, 2
354901, 3
370657, 3
101785, 3
223338, 3
41759, 3
343551, 3
458784, 3
133298, 3
261334, 3
593603, 3
129892, 3
8602, 3
174119, 3
201362, 3
650361, 3
302664, 3
517070, 3
365954, 3
47659, 3
617452, 3
544354, 3
313353, 3
344635, 3
570358, 3
394960, 3
492168, 3
424772, 3
456698, 3
85487, 3
639620, 2
490079, 3
446449, 3
445967, 3
364021, 3
218272, 3
391245, 3
264171, 2
548954, 3
134699, 3
282734, 3
19404, 3
302856, 3
303267, 3
645776, 3
513388, 3
201343, 3
65278, 3
472886, 1
649135, 1
361009, 3
315464, 3
71385, 3
191455, 3
253360, 3
344704, 3
271090, 3
645616, 3
218004, 3
87208, 3
636473, 3
131513, 3
250903, 3
40560, 2
21828, 3
49651, 2
562363, 3
432973, 3
70260, 3
569341, 3
451941, 3
371185, 3
458170, 3
258518, 3
438188, 3
360318, 3
493286, 3
195211, 3
186700, 3
268849, 3
532634, 3
171028, 3
204755, 3
454434, 3
329019, 3
269135, 3
258732, 3
476080, 3
487022, 3
335069, 3
138777, 3
174456, 3
454806, 3
445588, 3
36164, 3
642959, 3
430750, 3
42247, 3
499309, 3
221332, 3
181271, 3
146332, 3
646861, 3
29373, 3
84176, 3
280704, 3
272323, 3
360635, 3
500131, 3
657619, 3
362719, 3
568971, 3
269619, 3
421675, 3
101198, 3
655691, 3
292679, 3
91690, 1
626686, 3
658411, 3
574550, 3
459803, 3
276295, 3
23656, 3
19595, 3
602877, 3
4605, 3
145616, 3
464459, 2
23866, 3
385457, 3
256581, 3
255244, 3
290880, 3
518011, 3
8320, 3
499197, 3
597534, 3
544979, 3
544837, 3
48738, 3
335070, 3
582746, 3
540630, 3
476065, 3
535896, 3
511569, 3
545154, 3
655356, 3
45726, 3
629975, 3
598125, 1
381072, 3
259577, 3
584019, 2
263062, 3
142496, 3
631273, 3
191836, 2
496028, 3
604911, 1
189084, 3
63320, 3
115347, 3
660349, 3
651475, 3
629800, 3
62281, 3
335017, 3
65578, 3
607055, 3
565215, 3
140514, 3
328070, 3
526290, 3
572197, 3
550685, 3
585866, 3
660455, 3
492634, 2
189731, 3
169112, 2
276265, 3
242913, 3
425081, 3
493076, 3
208133, 3
25150, 3
202293, 3
444562, 3
120499, 3
443971, 3
210251, 3
208063, 3
311995, 3
142191, 3
268225, 3
158425, 3
151951, 3
52131, 3
34304, 3
485275, 3
38380, 3
653185, 3
11233, 3
52489, 3
447286, 3
268517, 2
195075, 3
173019, 3
125366, 3
144139, 3
478281, 3
464343, 3
349839, 3
519971, 2
8222, 3
523028, 3
348487, 3
638441, 3
275214, 3
602576, 3
473357, 2
590936, 3
97274, 3
194492, 3
179725, 3
456623, 3
565775, 3
353635, 3
370455, 3
604351, 3
422737, 3
200681, 3
581784, 3
103176, 3
426186, 3
603565, 3
106676, 3
287761, 3
252060, 3
98936, 3
156567, 3
631513, 3
262432, 2
627764, 3
546955, 3
19277, 3
195641, 3
195756, 3
661451, 3
504855, 3
339010, 1
428159, 3
340291, 2
549048, 3
404888, 3
556999, 3
465830, 3
308269, 3
59218, 3
568069, 3
45312, 3
447931, 3
486182, 3
116709, 3
11244, 3
558252, 3
307850, 3
43299, 3
612320, 1
97395, 3
47239, 1
397967, 3
259490, 3
220560, 3
577418, 3
517784, 3
236856, 3
589863, 3
97618, 3
41009, 3
401634, 3
582953, 3
610406, 3
652555, 3
630434, 3
608299, 3
612182, 3
51713, 3
363907, 3
192024, 3
11103, 3
495066, 3
604738, 1
267937, 3
30410, 3
187653, 3
57540, 3
196369, 3
596531, 3
396216, 3
533851, 3
118537, 3
419821, 3
130438, 3
135734, 3
20884, 3
206822, 3
338506, 3
356013, 3
562380, 3
659314, 3
327217, 3
653541, 3
182624, 3
308434, 3
600849, 2
86819, 3
127154, 3
191873, 3
193991, 3
82743, 3
233408, 3
15948, 3
625994, 3
346899, 3
282124, 3
211093, 3
310993, 3
632281, 3
136030, 3
590882, 3
97952, 3
172448, 3
639096, 3
551693, 3
145541, 3
451554, 1
660429, 3
590502, 3
25186, 3
197042, 3
375834, 3
253029, 3
543499, 3
337154, 3
313544, 3
208367, 3
129821, 3
281604, 3
213493, 3
67769, 2
4031, 3
461922, 3
79192, 1
486243, 3
315073, 3
442972, 3
96097, 3
493815, 3
131684, 3
78594, 3
473027, 3
374655, 3
274094, 3
549001, 3
658942, 3
445684, 3
71596, 3
71967, 3
231662, 3
622403, 3
473311, 3
506618, 3
340334, 3
595652, 3
534900, 3
188899, 3
142727, 3
568431, 3
329011, 3
154684, 3
318599, 3
601681, 3
564607, 3
200267, 3
596739, 3
570570, 3
601144, 3
453843, 3
218596, 3
510972, 3
322421, 3
382193, 3
500570, 3
601724, 3
236869, 3
490416, 2
518502, 3
132216, 3
481613, 3
147304, 2
358215, 3
388081, 2
202769, 3
85300, 3
229649, 3
384027, 3
164866, 3
136038, 3
233838, 3
549212, 3
588517, 3
511331, 3
179400, 3
361782, 3
213113, 3
435607, 3
36263, 3
593920, 3
516069, 3
198585, 3
79928, 3
389110, 3
578188, 3
493214, 3
296768, 3
445993, 3
451649, 3
422893, 3
640758, 3
303642, 3
558878, 3
371780, 3
475660, 2
33537, 3
430746, 3
55729, 3
398785, 3
477467, 3
277291, 3
342821, 3
429415, 3
639460, 3
293686, 3
567298, 3
275171, 3
581802, 3
472400, 3
186736, 3
452590, 3
289147, 3
159298, 3
280776, 3
446477, 3
358189, 3
384183, 2
313707, 3
582966, 3
273285, 3
184347, 3
508178, 3
255288, 3
573969, 3
655929, 2
473766, 1
486297, 3
544329, 3
589278, 3
153202, 3
250271, 3
561067, 3
485011, 3
99765, 3
160590, 3
616964, 3
585985, 3
531057, 3
359937, 3
326086, 1
375299, 3
356354, 3
503074, 3
361655, 1
424623, 3
460940, 3
160218, 3
629419, 3
664757, 3
536960, 3
462216, 3
653739, 3
486741, 3
368482, 3
43851, 3
579415, 3
126690, 3
579996, 3
648993, 3
484424, 3
246480, 3
429255, 3
514970, 3
237621, 3
656946, 1
160893, 3
577845, 3
604250, 3
115883, 3
198388, 3
329345, 3
464634, 3
630934, 3
318625, 3
639122, 3
175962, 3
176265, 3
62310, 3
408810, 3
485377, 3
410287, 3
252499, 3
483914, 3
289296, 3
582863, 3
106603, 3
448173, 3
407871, 3
273669, 3
386783, 3
608737, 3
109514, 3
21952, 3
169432, 3
355228, 3
529083, 3
634422, 3
450202, 3
198757, 3
390833, 3
428309, 3
274820, 3
608832, 3
426170, 3
431622, 3
565723, 3
489333, 3
270880, 3
522889, 3
470490, 3
310596, 3
386181, 3
215758, 3
180762, 2
457956, 3
661145, 3
190551, 3
551523, 3
167186, 3
571352, 3
92678, 3
122316, 3
221580, 3
657850, 3
74125, 3
540343, 3
565879, 3
308061, 3
334600, 3
309829, 2
597520, 2
634366, 3
471556, 3
34195, 3
566135, 3
304989, 3
534509, 3
505748, 3
427483, 3
619323, 3
620435, 3
390046, 3
296154, 3
263611, 3
173696, 3
529757, 3
176517, 3
428920, 3
327945, 3
438865, 3
255136, 3
240922, 3
546147, 3
554793, 3
606766, 3
139289, 3
553585, 3
210630, 3
218747, 3
596943, 3
111239, 3
522092, 3
466643, 3
494657, 3
290418, 3
534500, 3
641138, 3
245798, 3
49642, 3
253780, 3
516208, 3
93174, 3
539054, 3
576216, 3
40552, 3
478423, 3
405779, 3
519640, 3
238532, 3
580491, 3
643168, 3
126453, 3
592093, 3
196705, 2
169990, 3
62877, 3
90922, 3
455917, 3
508087, 3
302161, 3
203736, 3
134340, 3
140800, 3
122812, 3
543691, 3
238570, 3
68828, 3
155018, 3
483404, 3
94393, 3
627139, 3
212529, 3
573409, 3
141645, 3
579095, 3
8620, 3
478630, 3
237886, 3
378673, 3
53167, 3
317369, 1
212404, 3
371635, 3
203881, 3
476400, 3
162346, 3
377131, 3
285019, 3
502587, 3
117388, 3
326951, 3
411937, 3
303481, 3
46022, 3
550101, 3
445522, 3
522938, 3
409570, 3
617439, 2
519771, 3
42199, 3
521041, 3
636054, 3
177380, 3
491294, 3
44384, 3
224322, 3
28263, 3
505451, 3
367634, 3
30519, 3
284122, 3
104328, 3
372966, 3
278215, 3
566573, 3
495555, 3
304219, 3
267117, 3
165137, 3
538356, 3
440654, 3
281451, 3
307930, 3
292787, 3
639967, 3
26772, 3
463423, 3
301440, 3
457273, 3
611310, 3
78748, 3
20051, 3
537349, 3
195786, 3
17205, 3
562637, 3
174142, 3
63178, 3
582588, 3
489462, 3
276430, 3
218351, 3
345583, 3
256806, 3
120033, 3
545235, 3
270304, 3
491354, 3
478574, 3
262793, 3
273921, 3
546742, 3
501520, 1
253942, 3
260103, 3
269239, 3
284387, 3
50433, 3
203746, 3
306098, 3
2685, 3
146458, 3
222758, 3
142803, 3
519661, 3
456382, 3
592213, 3
389697, 3
66851, 3
545212, 3
238605, 3
207607, 3
2090, 3
397411, 3
577426, 3
290107, 3
569325, 3
242805, 3
485203, 3
601688, 3
487759, 3
406282, 3
416152, 3
369243, 3
422507, 3
601316, 3
377097, 3
354464, 3
482362, 3
24749, 3
572413, 3
305434, 3
522869, 2
218781, 3
254238, 3
79439, 3
490754, 3
233700, 3
653324, 3
294898, 3
185322, 3
70330, 3
66056, 3
357592, 3
222278, 3
439669, 3
410078, 3
410914, 3
295698, 3
654138, 3
569764, 3
377056, 3
57323, 3
569738, 3
578908, 3
336159, 2
212908, 3
311838, 3
460679, 3
618967, 2
548621, 3
588266, 3
138971, 3
421790, 3
431113, 3
23297, 3
21700, 3
353334, 3
181713, 3
540394, 3
369635, 2
237984, 3
51433, 3
507163, 3
631464, 3
238909, 3
541674, 3
76543, 2
160074, 3
440130, 3
261770, 3
290227, 3
150659, 3
466591, 3
94871, 3
98111, 3
173988, 3
216248, 2
587617, 3
362325, 3
310908, 3
325362, 3
293189, 3
21111, 3
564905, 3
298082, 3
384573, 3
299343, 3
111849, 3
405012, 3
435136, 3
171723, 3
301226, 3
354654, 3
79946, 3
348901, 3
62886, 3
158717, 3
179652, 3
158306, 3
353986, 3
507376, 3
287250, 3
167126, 3
403422, 3
44000, 3
71567, 3
520255, 3
148540, 3
639316, 3
439098, 3
216670, 3
196200, 3
250650, 3
139894, 3
557666, 3
310108, 3
119263, 3
519831, 3
55030, 3
568578, 3
664409, 3
212120, 3
524917, 3
261831, 3
602421, 3
632906, 3
527212, 3
600135, 3
461954, 1
650046, 3
416298, 3
198041, 3
523419, 3
454977, 3
59659, 3
164313, 3
123065, 3
60782, 3
501807, 3
366390, 3
308336, 3
285597, 3
494148, 3
13037, 3
240989, 3
660164, 3
212926, 2
424584, 3
471792, 3
135599, 3
268460, 3
215580, 3
604299, 3
197718, 3
182103, 3
511112, 3
197966, 3
479653, 3
129577, 3
196750, 3
233800, 3
224315, 3
194614, 2
396652, 3
37130, 3
322944, 3
277807, 3
222050, 2
96738, 3
27278, 3
376258, 3
115900, 3
360537, 3
450989, 3
102135, 3
348984, 3
665183, 3
355205, 3
551849, 3
596673, 3
287092, 3
520925, 3
112472, 3
363550, 3
514656, 3
202982, 3
563733, 2
305731, 3
63034, 3
513448, 3
161751, 3
254702, 3
86948, 3
390199, 3
44782, 3
563108, 3
326085, 3
451148, 2
77192, 3
568712, 3
121793, 3
37959, 3
66652, 3
337599, 3
48495, 3
41408, 3
479200, 3
399485, 3
512069, 3
31, 3
84706, 3
165655, 3
182012, 3
127384, 2
306779, 3
462704, 3
104729, 3
239295, 3
67624, 3
30423, 3
105010, 3
22334, 3
331426, 1
128462, 3
197266, 3
331754, 1
169457, 3
82211, 3
277402, 3
140679, 3
475, 3
401584, 3
29309, 3
433107, 3
164005, 3
314828, 3
135572, 3
382494, 3
112909, 3
278967, 3
74911, 3
518733, 3
49059, 3
627031, 3
348580, 3
431156, 3
514410, 3
483786, 3
418623, 3
604157, 3
629401, 3
628548, 3
37221, 3
366843, 3
398856, 3
322753, 3
454451, 3
653772, 3
179619, 3
403729, 3
309506, 3
18968, 3
573901, 3
97993, 3
402755, 3
531745, 3
155101, 3
360212, 3
421457, 2
32547, 3
512645, 3
586973, 3
6376, 3
411805, 3
501847, 2
117882, 3
261668, 3
353240, 3
30687, 3
84432, 3
65634, 3
336453, 3
448093, 3
9832, 3
227664, 3
651633, 3
654501, 2
628160, 3
24247, 2
339669, 3
377785, 3
295838, 3
375526, 3
392770, 3
468292, 3
171696, 3
591820, 3
512336, 2
23002, 3
664747, 3
582464, 3
376415, 3
111334, 3
495854, 3
324372, 3
389991, 3
261033, 3
466596, 3
365976, 3
168555, 3
374827, 3
477386, 3
210343, 1
364958, 3
181671, 3
331044, 3
319830, 3
550571, 3
338652, 3
395939, 3
591216, 3
510315, 3
227936, 3
527268, 2
607501, 3
383860, 3
458156, 3
443614, 3
259171, 3
312414, 3
583702, 3
59420, 3
640586, 3
522188, 3
347406, 3
651025, 3
334244, 3
310565, 3
208230, 3
663625, 3
242177, 3
469406, 3
289138, 3
628221, 2
54476, 3
401299, 3
509195, 3
255593, 3
486699, 3
277417, 3
229073, 3
504733, 3
316623, 3
11010, 3
232135, 3
189008, 3
610710, 3
212402, 3
340748, 2
210680, 3
445571, 3
235717, 3
332537, 3
538991, 3
581031, 3
528391, 3
593353, 3
420203, 3
427439, 3
380460, 3
432133, 3
466555, 3
576636, 3
459640, 3
87357, 3
502752, 3
272383, 3
402618, 3
524726, 2
74768, 3
255894, 3
408491, 3
173846, 3
41231, 3
206845, 3
499609, 3
307992, 3
58873, 3
622786, 3
435847, 3
652313, 3
400561, 3
287725, 3
456262, 3
324938, 3
215081, 3
489172, 3
159068, 3
386289, 2
122249, 3
86946, 3
115015, 3
113628, 3
107203, 3
45471, 3
154891, 3
2741, 3
518890, 3
1989, 3
170150, 3
606373, 3
158491, 3
334463, 3
433658, 3
117931, 3
320344, 3
106498, 3
56035, 3
80242, 3
378899, 3
317913, 3
112910, 3
542129, 2
67168, 3
64320, 3
292255, 3
447967, 3
191234, 3
578454, 3
39808, 3
398191, 3
263527, 3
67377, 3
653979, 3
362890, 3
81032, 3
488427, 3
658258, 3
501197, 3
189696, 3
32658, 3
55613, 3
291372, 3
300339, 3
226815, 3
405353, 3
303174, 3
304637, 3
77880, 3
294954, 3
484521, 3
655270, 3
307306, 3
451597, 3
550819, 3
424317, 3
319523, 3
658671, 3
219176, 3
448454, 3
624437, 3
241164, 3
556339, 3
519452, 3
464514, 3
659840, 3
552263, 3
205166, 3
527302, 3
241877, 3
514523, 3
238062, 3
1399, 3
379196, 3
105049, 3
395337, 3
572107, 3
58839, 3
163296, 3
92852, 3
305304, 3
602199, 3
558540, 3
242052, 3
588773, 3
74985, 3
85696, 3
193450, 3
341554, 3
493018, 3
273233, 3
256721, 3
148895, 3
417114, 3
128730, 3
642899, 3
628557, 3
535796, 1
23149, 3
523420, 3
162588, 3
228996, 3
122747, 3
78176, 3
27787, 3
372046, 3
97614, 3
290984, 3
256716, 3
501929, 3
292235, 3
533032, 3
122137, 3
370391, 3
95667, 3
112263, 3
385616, 3
85345, 3
185544, 3
398789, 3
442303, 3
552390, 3
621964, 3
530483, 3
168138, 1
372044, 3
590283, 3
342303, 3
158921, 3
516714, 3
444361, 3
388992, 3
54963, 3
198169, 3
478944, 3
24057, 3
427634, 3
592971, 3
170258, 3
292424, 3
40644, 3
172504, 3
571694, 3
217753, 3
532152, 3
605006, 3
248624, 3
351983, 3
141747, 3
70664, 3
386399, 1
596843, 3
185504, 1
442201, 2
396863, 3
205347, 3
602703, 3
624231, 3
176530, 3
606935, 2
229888, 3
658924, 3
189596, 3
96927, 3
495669, 1
596, 3
197156, 3
464368, 3
181114, 3
555077, 3
638825, 1
158525, 3
42494, 3
470249, 3
159321, 3
108739, 3
529614, 2
258876, 3
420681, 3
623001, 3
636468, 3
40891, 3
304466, 3
222852, 3
196177, 3
567508, 3
226821, 3
490830, 3
205472, 3
98995, 3
602833, 3
313465, 3
134495, 3
291446, 3
122234, 3
61358, 3
506402, 3
295764, 3
79664, 3
391617, 2
406589, 3
76010, 3
472504, 3
82112, 3
503128, 3
10166, 3
633744, 3
146536, 3
63671, 3
357940, 3
184999, 2
47945, 3
470077, 3
112045, 3
195072, 3
585666, 3
332065, 3
647368, 3
474314, 3
21567, 3
237234, 3
356700, 3
415905, 3
560169, 3
29517, 3
124780, 3
435759, 3
568585, 3
120265, 3
338615, 3
574610, 3
270270, 3
343494, 3
77929, 1
235080, 3
637772, 3
277817, 3
542183, 3
489531, 3
615320, 3
552619, 3
461518, 3
205812, 3
351051, 3
63342, 3
319467, 3
363202, 3
104977, 3
222809, 3
643660, 3
437761, 3
245613, 3
611903, 3
477114, 1
606890, 3
365303, 3
623112, 3
523256, 3
246088, 3
294108, 3
551155, 3
80464, 3
59109, 3
343290, 3
453524, 3
494332, 3
161716, 3
1933, 3
640716, 3
224642, 3
397417, 3
381436, 3
456859, 2
304807, 2
127760, 3
656324, 3
360457, 3
315058, 3
228971, 3
123916, 3
72263, 3
585569, 3
56171, 3
625217, 3
247800, 3
237920, 3
494867, 3
629159, 3
475518, 1
178338, 3
163269, 3
12634, 3
567392, 3
321807, 2
555166, 3
19177, 3
369892, 3
6516, 3
430370, 3
400619, 3
595192, 3
310566, 3
384248, 3
389264, 3
57853, 3
122507, 3
126294, 2
38456, 3
597162, 3
398521, 3
295469, 3
494499, 3
292151, 3
531281, 3
624994, 3
651607, 3
565637, 3
86882, 3
388602, 3
441365, 3
384694, 3
242039, 3
501402, 3
309371, 3
16477, 3
443431, 3
70308, 3
289201, 3
62584, 3
624789, 2
69095, 3
252131, 2
270093, 3
377136, 3
138561, 3
389673, 3
436320, 3
318383, 2
503244, 2
219090, 3
365057, 3
202856, 3
192575, 3
336489, 3
164630, 3
367769, 3
478623, 3
287828, 3
251502, 3
507307, 3
86829, 3
503047, 3
336936, 3
611455, 3
404535, 3
357158, 3
114614, 3
5071, 3
211187, 2
626124, 3
394691, 3
261309, 3
620023, 3
235597, 3
644878, 3
629241, 3
495285, 3
236433, 3
70232, 3
480174, 3
35406, 3
152987, 3
208206, 3
372176, 3
598257, 3
151158, 3
493877, 3
524454, 3
334035, 3
640661, 3
237969, 3
211730, 3
558555, 3
340038, 3
120510, 3
489310, 3
59022, 3
120779, 3
63444, 3
167672, 3
413625, 3
572174, 3
269109, 3
456558, 3
22273, 3
4631, 3
227968, 3
651260, 3
334258, 3
191830, 3
298074, 3
254417, 3
575652, 3
177617, 3
562986, 3
576378, 3
95476, 3
39580, 3
547371, 3
605234, 3
520431, 3
484602, 3
664259, 3
389814, 3
342564, 3
552860, 3
529121, 3
176719, 3
347280, 3
334959, 3
540878, 3
341400, 3
630779, 3
567644, 3
418279, 3
179655, 1
537648, 3
7055, 3
381302, 3
199295, 3
590404, 3
273448, 3
330656, 3
464548, 3
64500, 3
40323, 3
189682, 3
630227, 3
425400, 3
222249, 3
320127, 2
28924, 3
592075, 3
419634, 3
411446, 3
401301, 3
243356, 3
255534, 3
204143, 3
536008, 3
199315, 3
99059, 3
138541, 3
491884, 3
5911, 3
610455, 3
359580, 3
585089, 3
605706, 3
647925, 3
380530, 2
30308, 3
558355, 3
408623, 3
503054, 3
470954, 3
156778, 3
383968, 3
446428, 3
196152, 3
145544, 3
503029, 3
617515, 3
649814, 3
494971, 3
73854, 3
584213, 3
304058, 3
274108, 3
408395, 3
578144, 3
472013, 3
261177, 3
353533, 3
188431, 3
200132, 3
87484, 3
605306, 3
52001, 3
501421, 3
396225, 3
586915, 3
534910, 3
128997, 3
163182, 3
256031, 3
236914, 3
382595, 3
258791, 3
463553, 3
636598, 3
479007, 3
169562, 3
644871, 3
238803, 3
338403, 3
559317, 3
137314, 3
227504, 3
81407, 3
510520, 3
287286, 3
64365, 3
511995, 3
358449, 3
625588, 1
205811, 3
463955, 3
274990, 3
142362, 3
596936, 3
190419, 3
44775, 3
607606, 3
228304, 3
25610, 3
523365, 3
392439, 3
460958, 3
145122, 3
468493, 3
62022, 3
1374, 3
18534, 3
236079, 3
130569, 3
237647, 3
570818, 3
90326, 3
234374, 3
560323, 3
577117, 3
131456, 3
646464, 3
288663, 3
162289, 3
507946, 3
656920, 3
609343, 3
273183, 3
542281, 3
649682, 2
25724, 1
634483, 3
25885, 3
112950, 3
308754, 3
140425, 3
123941, 3
257618, 3
334702, 3
249413, 3
91550, 3
353862, 3
187137, 3
45348, 3
39449, 3
617949, 3
237247, 3
203805, 3
608644, 3
251517, 3
245609, 3
641766, 3
498272, 3
348208, 3
83180, 3
31274, 3
333135, 3
316377, 3
110579, 3
46953, 3
448474, 3
153338, 3
517287, 3
467019, 3
223713, 3
433135, 3
101385, 3
647052, 3
386046, 3
329784, 3
230412, 3
85856, 3
332221, 3
383378, 1
655200, 3
459051, 3
627704, 3
329990, 3
486602, 3
182131, 3
634526, 3
522670, 3
610962, 3
199727, 2
587412, 3
397768, 3
354513, 3
167926, 3
515619, 3
504959, 3
655941, 3
105968, 3
478413, 3
635103, 3
517858, 3
450337, 3
323661, 3
561787, 3
470499, 3
26931, 3
191417, 3
423797, 3
663255, 3
48045, 3
355489, 3
25868, 3
509700, 3
648358, 3
464644, 3
44416, 3
61010, 3
68555, 3
358952, 3
339695, 3
657116, 3
156911, 3
181028, 3
494277, 3
177086, 3
584834, 3
89090, 3
509720, 3
270780, 3
421112, 3
346416, 3
662332, 3
240711, 3
30417, 3
227147, 3
295335, 3
166144, 3
581077, 3
590359, 3
36393, 3
89138, 3
413216, 3
233299, 3
352439, 3
627658, 3
329213, 3
228665, 3
571512, 3
1827, 3
410390, 3
45717, 3
264226, 3
593123, 3
284929, 3
10012, 3
497684, 3
480499, 3
341247, 3
647075, 3
383101, 3
326056, 3
232775, 3
310767, 3
116475, 3
605683, 3
368606, 3
487064, 3
391145, 3
467599, 3
4026, 3
614600, 3
306875, 3
156380, 3
533726, 3
135499, 3
252100, 3
636815, 3
462727, 3
444558, 3
121181, 3
201306, 3
615975, 3
525684, 3
207824, 3
163482, 3
484951, 3
274229, 2
36387, 3
149991, 3
585340, 3
561399, 3
572650, 3
588301, 3
458101, 3
481589, 2
106628, 3
604069, 3
183249, 3
137127, 3
133990, 3
120955, 3
121955, 3
535288, 3
106268, 3
225717, 3
470687, 2
606145, 3
38818, 3
141087, 3
194976, 3
636176, 3
322569, 3
494500, 3
486842, 2
629929, 3
467969, 3
363030, 3
173774, 3
316274, 3
139659, 3
57224, 3
647773, 3
401050, 3
531719, 3
288258, 3
477127, 3
470094, 3
95907, 3
13604, 3
471944, 3
512771, 3
143824, 3
336049, 3
190053, 3
343867, 3
591245, 3
202779, 3
12102, 3
504507, 2
116292, 3
295375, 3
468157, 3
647536, 3
202159, 3
498256, 3
63401, 3
377581, 3
167189, 3
173853, 3
364231, 3
139388, 3
208501, 3
308933, 3
485249, 3
269287, 3
363571, 3
617713, 3
409533, 3
66744, 3
140903, 2
552797, 3
286439, 3
363381, 3
197226, 3
220379, 3
335333, 3
9585, 3
652237, 3
22008, 3
578567, 3
363751, 3
536518, 3
267037, 1
429669, 3
135018, 3
585218, 3
549757, 3
500427, 3
65460, 3
267911, 3
448764, 3
228891, 3
529986, 3
360888, 3
181858, 3
133340, 3
187057, 3
65672, 3
160824, 3
524656, 3
188147, 3
621046, 3
380173, 3
448191, 3
307990, 2
304573, 3
479994, 3
82039, 3
51127, 3
8122, 3
88148, 3
508788, 3
240555, 3
500254, 3
381525, 3
474750, 3
230393, 3
164318, 3
631753, 3
170678, 3
81941, 3
225759, 3
247651, 3
584179, 3
311015, 3
535407, 3
624679, 3
354492, 3
385084, 3
426561, 3
28245, 3
486821, 3
240710, 3
292595, 3
307781, 3
193568, 3
361212, 3
42433, 3
129829, 3
360468, 3
44252, 3
143701, 3
430971, 2
531578, 3
534043, 3
643998, 3
321847, 3
263852, 2
202694, 3
120231, 2
189864, 3
369739, 3
353178, 3
634061, 3
254453, 3
205589, 3
6238, 3
13884, 3
190812, 1
444143, 3
328699, 3
304461, 3
578745, 3
146961, 3
247271, 3
380373, 3
129533, 3
212917, 2
564170, 3
249320, 3
568878, 3
110457, 3
168668, 3
664122, 1
545469, 3
386628, 3
217449, 3
61270, 3
157989, 3
418853, 3
37437, 3
380063, 3
307437, 3
207786, 3
122774, 1
536056, 3
122899, 3
294357, 3
224683, 3
279730, 3
502881, 2
360907, 3
652039, 3
664341, 3
391726, 3
139673, 3
292724, 3
329178, 3
199017, 3
235583, 3
95288, 3
554389, 3
649855, 2
263903, 3
135800, 3
229195, 3
625140, 3
73794, 3
580937, 3
245201, 3
643783, 2
256001, 3
30148, 2
346335, 3
29023, 3
8488, 3
417080, 3
487512, 3
564612, 2
314392, 3
350316, 3
187302, 3
559952, 2
132642, 3
392115, 3
59036, 3
483522, 3
452252, 3
482109, 3
425717, 3
388502, 3
195998, 3
616924, 3
43547, 3
590479, 3
509775, 2
238868, 1
613776, 3
281141, 3
137212, 3
648615, 3
292476, 3
523762, 3
417152, 3
268546, 3
130599, 3
566166, 3
437731, 3
291211, 3
170643, 3
586962, 3
488868, 3
306329, 3
85776, 3
210171, 3
454496, 2
418282, 3
480820, 3
409117, 3
359374, 3
503389, 3
488675, 3
523860, 3
254882, 3
25703, 3
364227, 3
482144, 3
75201, 3
216558, 1
335861, 3
555718, 3
620398, 3
32779, 3
421519, 3
2163, 3
119056, 3
575446, 3
69304, 3
413263, 3
426018, 3
219489, 2
520650, 2
268453, 3
439490, 3
241402, 3
263652, 3
440524, 3
61187, 2
446274, 3
623189, 3
502509, 3
367063, 2
118658, 3
634762, 3
401980, 3
342224, 3
487297, 3
52791, 3
531713, 3
387309, 3
240257, 3
203828, 3
72326, 3
472673, 3
12693, 3
469278, 3
276913, 3
518008, 3
136074, 3
218834, 3
224948, 3
342827, 3
135114, 3
172621, 3
129412, 3
41542, 3
180807, 3
192867, 3
268592, 2
288495, 3
60763, 3
243334, 3
642600, 3
531218, 3
18741, 2
630855, 3
372193, 3
213326, 3
96522, 3
550626, 3
435326, 2
605033, 3
496513, 3
495200, 3
560022, 3
257205, 3
620241, 3
224648, 3
495242, 3
150460, 3
540953, 3
122719, 3
503152, 3
297534, 3
274085, 3
364259, 3
237305, 3
538026, 3
603606, 3
327435, 3
333822, 3
254576, 3
486689, 3
434890, 3
633456, 2
61694, 2
515388, 3
397072, 3
578145, 3
415444, 3
252939, 3
114424, 3
589568, 3
94204, 3
111014, 3
322221, 3
109469, 3
3971, 3
72821, 3
416987, 3
650733, 3
68051, 3
109305, 3
173392, 3
6768, 3
320346, 3
326143, 3
177373, 3
117329, 3
551106, 3
395970, 2
148164, 2
336757, 3
560279, 3
38945, 3
9696, 3
337706, 3
161330, 3
286130, 3
26816, 3
504564, 3
490094, 3
625013, 3
163322, 3
250594, 3
470723, 3
392219, 3
595700, 3
379312, 3
538627, 3
617696, 3
288826, 3
54212, 3
278702, 3
491601, 3
321344, 3
443773, 3
194984, 3
270689, 3
531814, 3
289844, 3
561817, 3
91984, 3
422569, 3
343049, 3
284888, 3
78853, 3
150712, 3
200447, 3
431110, 3
442714, 3
477932, 3
531415, 3
10268, 3
294305, 3
242659, 2
45518, 3
138017, 3
248888, 3
189994, 3
462165, 3
239777, 3
190443, 2
238251, 3
164350, 3
405303, 3
74375, 3
209161, 3
586594, 3
411125, 3
88699, 1
186353, 3
122705, 3
267256, 2
493475, 3
407477, 3
305902, 3
127981, 3
412746, 3
522814, 3
328592, 3
376034, 3
379614, 3
190019, 3
448829, 3
192632, 3
152103, 3
418606, 3
644122, 3
559664, 3
622861, 3
397370, 3
504779, 3
289610, 3
385294, 3
524033, 3
349704, 3
446372, 3
63565, 3
73919, 1
471362, 1
167615, 3
238659, 3
559745, 3
248332, 3
303240, 3
415175, 3
660306, 3
299121, 3
147394, 3
259735, 3
390572, 2
477445, 3
120896, 2
558954, 3
89198, 3
608847, 1
200338, 2
111095, 3
583346, 3
221215, 3
377964, 3
157626, 3
302198, 3
551055, 3
162479, 3
401319, 3
558650, 3
155119, 3
440683, 3
79112, 3
439480, 3
331430, 3
365718, 3
296750, 3
622773, 3
564038, 3
40435, 3
50218, 3
225182, 3
38527, 3
168993, 2
434911, 3
320420, 3
68642, 3
294180, 3
253746, 3
615566, 3
507685, 3
605088, 3
285917, 3
164362, 3
327591, 3
291056, 3
219121, 3
268993, 3
48631, 3
583851, 3
522585, 3
396478, 3
57197, 3
599956, 3
210496, 3
479686, 3
425043, 3
618648, 3
533863, 3
144898, 3
39472, 3
174601, 3
145653, 3
450594, 3
47199, 3
481246, 3
145326, 3
222120, 3
650937, 3
506312, 3
316914, 3
136760, 3
199219, 3
283515, 3
61571, 2
556911, 3
547795, 3
367237, 3
559708, 3
170986, 3
332022, 3
273476, 3
374668, 3
530977, 3
307119, 3
530939, 3
586900, 2
462281, 2
602698, 3
85576, 3
399054, 3
660024, 3
139665, 3
491062, 3
48369, 3
444611, 3
514182, 3
638987, 3
542495, 3
446664, 3
15687, 3
430361, 3
448856, 3
293279, 3
402916, 3
599508, 3
370387, 3
259871, 3
336323, 3
49680, 3
146200, 3
428300, 3
214531, 3
553494, 3
462392, 3
84097, 3
323666, 3
32085, 3
344856, 3
416230, 3
118932, 3
175927, 3
143617, 3
535913, 3
556935, 3
305616, 1
629629, 3
536293, 3
627502, 3
46072, 3
268241, 3
464212, 3
597775, 3
416807, 3
258903, 3
600194, 1
422678, 3
445343, 3
202308, 3
210823, 3
126297, 3
54547, 3
322727, 3
371291, 3
314673, 3
414499, 3
299687, 3
89698, 3
514612, 3
4834, 3
249953, 3
387371, 1
508358, 3
485148, 3
347861, 3
427685, 3
397927, 3
181970, 3
74252, 3
90187, 3
215957, 3
478880, 3
405233, 3
551268, 3
40911, 3
76026, 3
219258, 1
228130, 3
203321, 3
167898, 3
147106, 3
164210, 3
32341, 3
403851, 3
594694, 3
449164, 3
491235, 3
215556, 3
223431, 3
412460, 3
408750, 3
587609, 3
368572, 3
120750, 3
187876, 3
611157, 3
519481, 3
134757, 3
383179, 3
119720, 3
596359, 3
38381, 3
223709, 3
384299, 1
132110, 3
342995, 3
452290, 3
531860, 2
368854, 3
548250, 3
661619, 3
431540, 3
567786, 1
485557, 3
210567, 2
347138, 3
254873, 3
434151, 3
495497, 3
83871, 3
203716, 3
457915, 3
509207, 3
340025, 3
91319, 3
465459, 3
291179, 3
201895, 3
435708, 3
356380, 3
164594, 3
270337, 3
205077, 3
226344, 3
604877, 3
297217, 3
80709, 3
303265, 3
537827, 3
399176, 3
231195, 3
398991, 3
637064, 3
163985, 3
148734, 3
69439, 3
206493, 3
499443, 3
168080, 3
600085, 3
645169, 3
91936, 3
125279, 3
464881, 3
120181, 3
259565, 3
88620, 3
481869, 3
294359, 3
64609, 3
577010, 3
626825, 3
131159, 3
652430, 3
657655, 3
28425, 3
11851, 3
422046, 3
102425, 3
498620, 3
294193, 3
341674, 3
43778, 3
196802, 3
35054, 3
336665, 3
274172, 3
338578, 3
283043, 3
18208, 3
89096, 3
347210, 3
176548, 3
494535, 3
158162, 3
321383, 3
148001, 3
626334, 3
515558, 3
86235, 3
83947, 3
641744, 3
178374, 3
408200, 3
341066, 3
262936, 3
343682, 3
507004, 3
475619, 1
451443, 3
652194, 3
415374, 3
643738, 3
658331, 3
68638, 3
10412, 3
91168, 3
374600, 3
580505, 3
285883, 3
478127, 2
315114, 3
88951, 3
249597, 3
330094, 3
169231, 3
441039, 3
27694, 3
578293, 3
356352, 3
166148, 3
53852, 3
458070, 3
40197, 3
373558, 3
218897, 3
57899, 3
70607, 3
193108, 3
14502, 3
258886, 3
387336, 3
483325, 3
544257, 3
25155, 3
370860, 3
536272, 3
522074, 3
489470, 1
172375, 3
448566, 3
103255, 3
349747, 3
219499, 3
483426, 3
79087, 3
525602, 3
384763, 3
586614, 3
518449, 3
368290, 3
154078, 3
435951, 3
53218, 3
304263, 3
161340, 3
115332, 3
485246, 3
456158, 3
257292, 3
196433, 3
284563, 3
609314, 3
488350, 3
24001, 3
226284, 3
320905, 3
89171, 3
431881, 3
658781, 3
288470, 3
288795, 3
554542, 3
195518, 3
408535, 3
193639, 3
67455, 3
343577, 3
435661, 3
365530, 3
439143, 3
297037, 2
113452, 3
461861, 2
359160, 3
409144, 3
127008, 3
184271, 3
37281, 3
173956, 3
500325, 3
59040, 3
120332, 2
645661, 3
273066, 3
134620, 2
201502, 3
354195, 3
217724, 3
75442, 3
641841, 3
490279, 3
41640, 3
385020, 3
469555, 3
287904, 3
565573, 3
306495, 2
604577, 3
614885, 3
179558, 3
385087, 3
537913, 3
259851, 3
124331, 3
599365, 3
311455, 3
79775, 3
635558, 1
301097, 3
542553, 3
262082, 2
213251, 3
92301, 3
315773, 3
404698, 3
322300, 3
143112, 3
132285, 3
357238, 3
293165, 3
178357, 3
100467, 3
50394, 3
206580, 3
551354, 3
266527, 3
120176, 3
586246, 3
486282, 3
650578, 3
423832, 3
85917, 3
432125, 3
513404, 3
538810, 3
367755, 3
91251, 3
38040, 3
477362, 3
344073, 3
503211, 3
19094, 3
168231, 3
452215, 3
608815, 3
145714, 3
429877, 3
252366, 3
223745, 3
39869, 3
648328, 3
285770, 3
106651, 3
541142, 3
157997, 3
118235, 3
132857, 3
202879, 3
630371, 3
107201, 3
441453, 1
487361, 3
559076, 3
129505, 3
583021, 3
59625, 3
204049, 3
518237, 3
628666, 3
318977, 3
597764, 3
74628, 3
140088, 3
369164, 3
582637, 3
280013, 3
658280, 3
600714, 3
615520, 3
544376, 3
395806, 3
534607, 3
488259, 3
274, 3
633583, 3
558410, 3
233078, 3
68781, 2
20778, 3
142074, 3
535261, 3
555219, 3
35223, 3
426216, 3
403360, 3
308533, 3
185901, 3
132234, 3
143906, 3
39464, 3
49203, 3
662183, 2
172439, 3
79799, 3
483087, 3
292507, 3
301251, 3
556534, 3
369450, 3
370409, 3
320795, 3
20355, 3
433847, 1
242614, 3
56073, 3
219441, 3
545653, 3
15584, 3
389300, 3
554305, 3
225437, 3
441324, 2
97190, 3
258293, 3
374930, 3
254034, 3
597191, 3
360731, 3
238103, 3
92588, 3
56661, 3
657999, 3
172833, 3
523711, 3
72156, 3
367497, 3
420889, 3
356568, 2
202978, 3
379703, 3
216010, 3
390661, 3
235907, 3
625531, 3
608954, 3
61539, 3
213979, 3
363771, 3
212281, 3
557143, 3
171807, 3
54916, 3
603240, 3
470053, 3
29060, 3
418063, 3
343492, 3
411346, 3
544286, 3
407829, 3
652867, 3
196484, 3
117236, 3
551826, 3
387518, 3
652543, 3
404688, 3
322320, 3
481889, 3
42720, 3
373154, 3
440936, 2
557916, 3
113995, 3
461095, 3
596615, 3
73841, 3
238088, 3
550507, 3
538505, 3
655266, 3
435426, 2
348501, 3
622732, 3
485211, 3
502038, 3
328619, 3
609534, 3
292506, 3
382713, 3
315632, 3
652427, 3
363316, 3
508711, 3
194629, 3
572226, 3
323422, 3
264629, 3
303687, 1
363718, 3
313064, 3
16990, 3
447780, 3
518776, 3
480653, 3
509228, 3
369778, 3
156336, 3
241528, 3
247274, 3
463173, 3
37204, 3
23126, 3
7536, 2
629372, 3
372962, 3
538341, 3
3102, 3
107122, 3
525433, 3
452069, 3
55591, 3
454177, 3
302635, 3
536450, 3
446461, 3
656360, 3
413525, 3
71676, 3
137399, 3
22722, 3
225433, 3
255375, 3
362543, 3
502173, 3
49573, 3
314337, 3
58471, 3
449935, 3
240564, 3
644736, 3
497095, 3
503737, 3
182358, 3
544191, 3
606975, 3
557969, 3
203178, 3
152900, 1
657159, 3
113439, 3
72392, 3
581879, 3
162190, 3
319064, 3
597264, 3
74150, 1
297083, 3
276342, 3
484523, 3
593659, 3
631416, 3
256880, 3
112618, 3
67620, 3
450450, 3
215303, 3
494261, 3
117083, 3
148945, 3
535293, 3
225838, 3
529794, 3
269269, 3
29202, 3
457556, 3
221276, 3
595373, 3
363196, 3
62262, 3
257413, 3
567633, 3
384752, 3
214653, 3
137745, 3
214677, 3
467272, 3
624541, 3
19736, 3
15836, 3
24942, 3
545231, 3
465600, 3
49344, 1
202316, 3
55847, 2
552696, 3
525216, 3
281906, 3
70568, 3
523861, 2
374217, 3
319339, 3
514316, 3
350768, 3
150708, 3
11672, 3
327924, 3
566008, 3
651217, 3
203095, 3
186815, 1
198868, 3
135879, 3
482336, 3
102624, 3
17752, 3
336910, 3
607689, 3
110383, 3
64150, 3
244294, 3
551143, 3
622458, 3
114895, 2
588618, 3
209303, 2
407143, 3
297553, 3
589155, 3
193289, 3
624479, 3
147034, 3
386423, 3
534312, 3
568195, 3
351694, 3
176092, 3
638639, 3
51287, 3
516229, 3
143010, 3
96312, 3
456242, 3
636543, 3
427833, 3
194105, 3
318863, 3
91138, 3
303728, 3
514180, 3
96005, 3
440336, 3
100650, 3
357785, 3
244112, 3
319056, 3
607810, 3
375887, 3
450073, 3
517297, 3
285671, 3
562697, 3
635267, 3
65912, 3
80426, 3
466323, 3
637482, 3
462149, 3
124832, 3
7641, 3
517895, 3
271087, 3
244950, 3
29682, 3
423529, 3
555622, 3
574091, 2
224777, 3
93156, 3
173997, 3
74059, 3
554151, 3
501290, 3
41754, 3
392708, 2
196787, 3
111461, 3
154443, 3
75967, 3
20028, 3
301153, 3
69438, 3
665331, 2
280575, 3
526699, 3
605516, 3
213285, 3
434247, 3
413655, 3
10265, 3
107223, 3
488902, 3
475079, 3
360956, 3
463508, 3
409237, 3
387609, 3
220839, 3
391860, 3
211747, 3
466746, 3
212919, 3
423262, 3
653285, 3
519041, 3
79929, 3
587489, 3
366039, 3
518482, 3
174053, 3
191315, 3
346608, 3
128036, 3
474584, 3
201278, 3
88082, 3
643777, 3
286414, 3
430259, 3
398247, 3
26442, 3
421957, 3
584440, 3
518521, 3
313672, 3
593557, 3
564156, 2
476575, 3
645837, 3
280391, 3
288532, 3
593884, 3
79523, 3
454593, 3
265499, 3
278393, 3
109400, 3
51026, 2
413464, 3
561989, 3
202461, 3
541508, 3
370735, 3
399281, 3
324344, 3
655403, 3
315215, 3
39333, 3
370663, 3
436658, 3
553347, 3
320352, 3
133411, 3
193068, 1
518203, 3
89320, 3
72230, 3
59074, 3
389762, 3
114657, 3
249081, 3
77560, 3
658683, 3
472957, 3
535622, 3
125887, 3
431499, 3
556657, 3
150817, 3
494721, 2
265677, 3
318667, 3
41805, 3
570132, 3
140224, 3
569797, 2
442042, 3
408680, 3
136465, 3
626983, 3
512046, 3
596828, 2
654486, 3
111251, 3
367191, 3
432438, 3
141301, 2
307291, 3
434841, 3
584216, 3
276284, 3
359441, 3
433777, 3
349349, 3
343059, 3
174532, 3
359631, 3
571615, 3
410304, 3
382643, 3
636658, 3
539011, 3
550683, 3
210457, 3
614492, 3
620792, 3
409268, 3
86161, 3
57034, 3
123145, 3
315221, 3
98447, 3
391523, 3
508520, 3
582454, 3
246975, 3
231472, 3
600064, 3
12283, 3
11861, 3
569619, 3
152167, 3
30162, 3
25644, 3
563185, 3
198694, 3
66589, 3
391557, 2
16066, 3
366598, 3
560189, 3
502666, 3
445383, 3
570800, 3
477235, 3
280047, 3
541579, 3
426567, 3
321744, 3
445322, 3
645974, 3
5984, 3
311609, 3
236368, 3
245979, 3
479163, 3
239004, 3
373061, 3
67720, 3
267848, 3
618983, 3
542249, 3
157838, 3
44734, 3
506359, 3
394790, 3
252965, 3
120822, 3
581718, 3
580832, 3
542097, 3
411978, 3
437191, 3
185599, 3
204269, 3
581785, 3
262742, 3
296967, 3
568294, 3
96362, 3
379709, 3
429253, 3
276504, 3
221682, 3
356790, 1
152334, 3
159191, 3
197312, 3
12844, 3
13074, 3
23589, 3
452604, 3
40006, 3
102712, 3
331209, 3
307793, 3
485783, 3
284413, 3
587170, 3
205875, 3
280465, 3
181389, 3
492581, 2
40826, 3
48325, 3
554927, 3
440191, 3
49214, 2
574464, 3
90416, 3
85138, 2
330416, 3
70443, 3
355628, 3
137097, 3
154376, 3
420151, 3
111711, 3
262938, 3
253421, 2
287726, 3
258390, 3
471474, 3
147675, 3
59745, 1
18323, 3
596608, 3
361846, 3
452571, 2
31747, 3
602445, 3
340360, 3
243628, 3
403644, 3
218112, 3
183802, 3
609316, 3
551265, 3
465464, 3
374731, 3
263516, 3
574036, 3
152224, 3
581272, 3
403728, 3
457380, 3
535061, 3
503406, 3
618418, 3
90324, 3
347638, 1
606769, 1
170156, 3
565464, 3
370073, 3
123989, 3
195204, 3
426592, 3
135920, 3
13380, 3
409094, 3
556997, 3
221642, 3
453036, 2
134063, 3
390043, 3
351247, 3
522477, 3
166093, 3
554304, 3
152006, 3
427980, 3
127493, 3
278474, 3
300086, 3
396524, 3
164141, 3
638690, 3
246615, 3
529914, 1
612010, 3
127964, 3
515281, 3
127728, 3
35233, 3
482972, 3
166178, 3
598817, 3
164647, 3
464077, 3
574856, 3
491895, 1
610825, 3
268689, 2
326549, 3
41920, 3
72545, 3
58558, 3
423076, 3
319036, 3
271357, 3
518821, 3
79135, 3
567264, 3
436724, 3
171061, 3
464435, 3
500358, 3
346796, 3
596349, 3
557930, 3
238271, 3
221172, 3
273555, 3
513723, 3
82276, 3
207657, 3
26538, 3
342908, 3
40822, 3
332038, 1
433355, 3
26206, 3
536873, 3
589982, 3
507968, 3
612606, 3
418000, 3
197648, 3
647010, 3
21188, 3
554213, 3
390084, 3
110019, 3
129455, 3
573793, 3
174535, 3
435629, 3
606105, 3
389736, 3
574537, 3
559663, 3
640886, 3
182566, 3
451819, 1
206243, 3
582498, 3
615460, 2
16788, 3
9663, 3
129555, 3
95409, 3
230556, 3
160226, 3
182048, 3
87085, 3
434894, 3
67974, 3
161139, 3
137721, 3
356601, 3
621206, 3
328832, 3
296347, 2
126752, 3
79537, 3
354348, 3
630822, 3
191034, 3
399091, 3
97737, 3
419262, 3
93294, 3
592677, 3
500308, 3
209316, 3
214933, 3
205350, 3
127294, 3
386243, 3
620870, 3
253651, 3
59879, 3
443908, 3
12112, 3
253531, 3
96524, 3
211141, 3
532666, 3
379241, 3
639174, 3
617137, 2
438434, 3
213888, 3
217962, 3
433719, 3
65235, 3
27954, 3
188355, 3
329243, 3
129796, 3
547628, 3
111486, 3
532215, 3
554552, 3
267622, 3
107082, 3
535135, 3
210701, 3
597089, 3
648420, 3
542248, 3
152612, 3
403803, 3
614668, 3
542416, 3
118096, 3
295513, 3
208812, 3
641020, 3
467083, 3
629699, 3
168398, 3
450170, 3
519821, 3
98667, 1
367460, 3
126006, 3
516467, 3
459396, 3
132465, 3
276760, 3
398281, 3
233852, 3
310014, 3
130446, 3
26629, 3
401010, 3
567238, 3
307544, 3
179181, 3
155705, 3
500099, 3
274028, 3
162666, 3
561685, 3
15802, 3
609378, 3
189091, 3
426385, 3
287357, 3
184807, 3
506267, 3
180724, 3
611278, 3
648922, 3
460454, 3
324667, 3
324644, 3
528478, 1
234182, 3
95741, 3
331824, 3
4473, 3
285390, 3
264416, 3
76471, 3
393824, 3
475525, 3
597608, 3
176297, 3
164119, 3
172987, 3
512455, 3
452007, 3
558543, 3
235118, 3
301119, 3
199047, 3
536269, 3
479939, 3
151709, 3
638566, 3
422477, 3
323375, 3
80762, 3
176641, 3
76258, 3
585001, 3
108433, 3
113858, 3
568427, 3
399321, 3
82741, 3
120435, 3
244068, 3
367889, 3
330943, 3
367348, 3
157716, 3
250880, 3
268128, 3
70626, 3
382054, 3
180779, 3
410337, 1
648700, 3
27664, 3
471576, 3
166889, 3
183798, 3
237968, 3
348672, 3
550047, 3
66365, 3
186132, 3
162519, 3
31727, 3
227392, 3
210658, 3
388688, 3
238277, 3
203887, 3
528585, 3
419754, 3
153295, 3
171511, 3
312011, 3
160516, 3
525514, 3
536784, 3
194144, 3
168903, 3
598932, 3
251998, 3
146337, 3
521663, 3
353584, 3
354712, 3
497136, 3
533843, 3
509184, 3
118350, 3
139078, 3
351162, 3
635671, 3
552755, 3
209380, 3
424889, 3
372080, 3
11805, 3
242211, 3
270731, 3
589392, 3
526538, 3
94887, 3
175832, 3
167161, 3
12156, 3
60806, 3
32570, 2
266433, 3
543788, 3
552451, 3
561171, 3
210206, 3
6294, 3
367670, 3
248308, 3
558473, 3
167515, 3
314168, 3
463050, 3
426872, 3
237017, 2
472992, 3
655501, 3
638977, 3
243942, 3
279883, 3
107691, 3
639187, 3
416672, 3
572468, 3
320486, 3
325895, 3
176279, 3
356377, 2
318858, 3
558654, 3
132377, 3
80894, 3
614644, 2
426672, 3
498668, 3
1914, 3
478012, 3
288820, 3
21774, 3
600300, 3
270620, 3
262637, 3
636607, 3
434660, 3
364238, 3
203559, 3
587098, 3
195019, 3
638502, 3
197292, 3
287840, 3
644102, 3
340627, 3
453908, 3
358509, 3
640934, 3
375970, 3
514950, 3
453865, 3
74173, 1
149033, 3
60255, 3
227299, 3
400039, 3
6413, 3
428961, 3
289089, 3
421483, 3
382086, 3
229233, 3
415675, 3
407566, 3
87909, 3
310399, 3
9428, 3
595576, 3
314400, 3
22549, 3
591549, 3
348553, 3
581160, 3
265936, 3
609492, 3
466924, 3
64472, 3
550035, 3
166568, 3
148431, 3
643331, 2
473703, 3
378685, 3
27988, 3
366206, 3
464402, 3
189009, 3
521210, 3
582282, 2
599355, 3
167211, 3
187886, 3
347523, 3
35451, 3
339213, 3
647255, 3
209153, 3
627518, 3
355096, 3
295016, 3
211958, 3
132382, 3
365831, 3
268390, 3
622325, 3
567155, 3
499193, 3
578369, 3
156081, 3
539098, 3
241441, 3
497355, 3
487776, 3
380979, 3
630044, 2
74651, 3
439903, 1
207619, 3
404935, 3
407602, 3
128154, 3
441347, 3
411417, 3
119825, 3
623196, 3
470514, 3
378495, 2
9678, 3
490732, 3
256899, 2
488033, 3
26229, 3
412884, 3
258440, 3
312612, 3
41080, 3
372905, 3
310918, 3
153554, 3
243437, 3
22819, 3
41067, 3
48561, 3
273990, 3
558681, 3
355795, 3
334815, 3
554592, 3
603985, 1
108798, 3
104012, 3
646107, 3
232186, 3
182195, 3
510992, 3
543395, 3
200471, 3
550772, 3
127570, 3
651129, 2
300602, 3
565861, 3
662102, 3
265862, 2
33589, 3
450908, 2
527103, 3
200720, 3
360407, 3
475414, 3
119384, 3
520940, 3
305906, 3
174649, 3
403962, 3
103571, 3
248226, 3
204683, 3
255512, 3
623504, 3
95735, 3
462729, 3
25113, 3
324841, 3
73763, 3
615512, 3
108207, 3
49049, 3
58316, 3
643037, 3
591163, 3
21275, 3
290845, 3
304985, 3
534409, 3
287086, 3
362338, 3
609192, 3
520389, 3
425346, 3
303961, 3
274784, 3
253351, 2
457316, 3
129673, 3
58716, 3
338205, 3
373307, 3
2425, 3
431119, 3
156670, 3
477428, 3
557698, 3
661887, 3
197528, 3
616675, 3
429739, 2
320074, 3
664885, 3
516770, 3
360004, 3
258728, 3
34660, 3
138820, 3
97459, 3
184386, 3
494189, 3
638293, 3
143120, 3
11431, 3
300134, 3
627930, 3
96671, 3
508565, 3
588940, 3
633201, 3
561029, 3
86433, 3
137114, 3
525748, 3
437357, 2
609176, 3
5034, 3
225745, 3
323413, 3
20302, 3
39222, 3
262344, 3
37572, 3
222930, 3
652812, 3
644630, 3
259740, 1
365658, 3
540138, 3
64154, 3
27032, 3
458799, 3
191893, 3
629402, 3
32955, 3
278944, 3
55165, 3
605634, 3
575072, 2
600638, 2
169553, 3
272136, 3
335984, 3
658270, 3
577122, 3
593875, 3
264232, 3
477343, 3
601204, 3
527078, 1
497795, 3
108622, 3
129042, 3
570449, 3
531421, 3
463720, 3
434388, 3
217881, 3
463540, 3
413266, 3
121849, 3
10155, 3
643977, 3
11491, 3
433652, 3
567198, 3
342767, 3
558845, 3
181232, 3
47821, 3
443019, 3
156501, 3
622959, 3
20552, 3
159878, 3
448988, 3
386305, 3
464970, 3
108652, 3
235784, 3
38161, 3
480135, 3
420696, 3
469546, 3
191093, 3
418238, 3
259709, 3
44425, 1
117915, 3
325269, 3
264632, 3
101086, 3
137165, 3
73823, 2
624170, 3
53297, 3
508910, 3
72141, 3
544525, 3
78766, 3
460950, 3
307250, 3
143825, 3
209104, 1
471176, 3
609718, 3
16459, 3
240527, 3
101979, 3
633878, 3
259025, 3
465775, 3
647695, 3
161171, 3
272352, 3
302347, 3
192307, 3
581255, 3
146664, 3
417003, 3
258911, 3
398429, 3
494914, 3
430799, 3
43425, 2
642964, 3
630669, 3
387594, 2
257073, 3
448113, 3
105282, 3
55691, 3
152789, 3
486932, 3
427467, 3
360742, 3
379366, 3
69756, 3
273802, 3
293761, 3
601418, 3
419507, 3
431412, 3
36416, 3
255814, 3
185554, 3
211131, 3
366954, 3
80086, 3
270528, 3
78764, 3
459131, 3
643494, 2
637481, 3
133594, 3
161218, 3
215465, 3
149962, 3
169673, 3
587776, 3
663192, 3
267413, 3
337875, 3
604914, 3
66647, 3
471246, 3
576355, 3
366336, 3
162567, 3
238026, 3
15495, 3
108595, 3
541682, 3
244460, 3
13907, 3
571014, 3
328618, 3
243535, 3
562228, 3
140428, 3
493282, 3
432810, 3
297034, 3
420445, 2
341744, 3
199932, 3
211497, 1
192603, 3
140989, 3
522287, 3
652446, 2
41224, 3
473585, 3
251639, 3
502762, 3
512144, 3
252540, 3
13885, 3
321693, 3
277723, 3
113497, 3
136740, 3
384021, 3
659596, 3
21628, 3
354860, 3
128925, 3
323261, 3
444646, 2
184574, 3
497244, 3
154857, 3
584873, 3
475469, 3
505930, 3
386232, 3
965, 3
451312, 3
72313, 3
593285, 3
519446, 3
212437, 3
284976, 3
110794, 3
511325, 3
4941, 3
383318, 3
386843, 3
215709, 3
189544, 3
453051, 3
137306, 3
250408, 1
173274, 3
416591, 3
535777, 3
111842, 3
494998, 3
479527, 3
539589, 3
296385, 3
142514, 3
121068, 3
52689, 3
294447, 3
514232, 3
431479, 3
249074, 3
115229, 3
572429, 3
274434, 3
255581, 3
505599, 3
647559, 3
54736, 3
399710, 3
287174, 3
461452, 3
288488, 3
246201, 3
558136, 3
166, 3
587307, 3
183624, 3
7020, 3
611841, 2
632911, 3
247381, 2
109978, 3
351943, 3
140113, 3
182899, 3
318694, 3
633540, 3
642557, 3
231199, 3
301543, 3
383490, 3
647598, 3
482588, 3
356593, 3
361667, 3
622705, 3
384780, 3
91917, 3
394617, 3
586444, 2
392451, 3
614825, 3
544025, 3
270773, 3
525929, 3
162013, 3
40723, 3
185041, 3
111143, 3
321564, 3
163652, 3
73188, 2
478246, 3
369712, 3
489178, 3
298263, 3
330494, 3
244613, 3
14885, 3
408594, 3
522517, 3
395246, 3
56453, 3
147525, 3
302774, 3
135339, 3
109962, 3
389263, 1
650006, 3
38906, 3
315024, 3
155527, 3
554691, 3
664469, 3
38365, 3
158132, 3
454367, 3
23673, 3
95520, 3
40080, 3
543079, 3
224686, 3
523242, 3
153379, 3
88086, 3
439130, 3
99162, 3
664306, 3
313754, 3
341050, 1
91074, 3
325563, 3
596452, 3
199064, 3
55332, 3
258928, 3
624230, 3
462428, 3
190953, 3
510411, 3
3094, 3
211910, 3
116827, 3
221747, 3
596644, 3
162671, 3
618297, 3
562543, 3
197460, 3
524642, 3
502324, 3
640842, 3
153377, 3
454157, 3
248529, 3
22855, 3
20947, 3
134492, 3
293878, 3
113003, 3
133623, 3
592574, 3
168311, 3
483940, 3
258947, 3
10333, 3
345367, 3
355796, 3
163637, 3
251157, 3
447414, 3
226504, 3
158336, 3
325252, 3
213731, 3
440973, 1
578391, 3
148795, 3
529649, 3
91552, 3
93688, 3
58273, 3
59940, 3
245163, 3
159393, 3
28801, 3
610569, 3
459711, 3
307658, 3
52527, 2
358447, 3
49930, 3
596948, 3
63640, 3
555195, 3
410675, 3
161593, 3
601476, 3
394585, 1
161591, 3
243074, 3
46842, 3
12995, 3
531490, 3
409267, 3
42505, 3
518655, 3
227898, 3
282057, 3
538365, 3
619511, 3
656195, 3
455983, 3
221093, 3
111439, 3
564690, 3
100444, 3
405242, 3
226490, 3
379713, 2
154624, 3
470344, 3
158106, 3
495648, 3
598871, 1
261376, 3
443307, 1
282822, 3
145068, 3
63219, 3
106718, 3
615185, 3
499581, 3
19725, 3
168106, 3
245666, 3
204361, 3
201649, 3
663400, 3
542154, 3
507604, 3
376013, 3
388923, 3
73928, 3
464828, 3
72758, 3
415035, 3
374245, 3
155326, 3
380248, 2
168207, 3
135536, 3
620362, 3
49337, 3
94856, 3
271361, 3
161012, 3
544356, 3
346132, 3
191970, 3
288951, 3
639079, 3
236493, 3
129709, 3
550587, 3
88382, 3
168961, 3
61874, 3
18945, 3
414093, 3
543704, 3
650966, 3
446941, 3
359821, 3
224848, 3
626800, 3
400184, 3
556576, 3
171650, 3
512385, 3
134795, 3
250687, 3
217240, 3
101822, 3
8921, 3
119010, 3
192647, 3
64070, 3
424150, 3
58292, 3
567385, 3
471776, 3
297663, 3
299748, 3
250138, 3
179195, 3
173546, 3
464865, 3
211782, 3
564192, 3
515232, 3
658100, 3
658040, 3
221602, 3
60906, 3
237381, 3
486916, 3
82026, 3
441909, 3
118309, 3
552792, 3
571422, 3
539415, 3
401620, 3
606852, 3
250026, 3
308106, 3
111521, 3
183000, 3
133850, 3
73982, 3
83251, 3
295146, 3
571262, 3
559382, 3
420037, 3
600874, 3
113801, 3
426016, 3
324648, 2
75, 3
193974, 3
94227, 3
183518, 3
33251, 3
186623, 3
390888, 2
592319, 3
239142, 3
329750, 3
543356, 3
362, 3
612223, 3
280049, 3
160725, 3
450767, 3
50125, 1
565673, 3
28919, 3
411608, 3
562937, 3
377895, 3
163826, 3
513156, 3
35908, 2
41028, 3
388832, 3
361544, 3
47443, 3
131547, 3
452172, 3
407711, 3
560615, 3
216164, 3
228618, 3
209800, 3
157746, 3
529498, 3
473538, 3
459346, 3
39309, 3
65754, 3
184533, 3
393393, 3
600781, 3
198114, 2
357152, 3
568459, 3
632993, 3
387843, 2
411238, 3
415310, 3
190368, 3
434782, 2
41772, 3
136182, 3
235199, 3
590365, 3
210073, 3
389013, 3
36724, 3
496755, 3
49386, 3
579658, 3
315908, 3
244278, 3
458049, 2
665303, 1
306623, 3
549061, 3
523975, 3
546821, 3
538384, 3
105723, 3
660148, 3
563356, 2
310765, 3
149665, 2
411112, 3
183209, 3
128792, 3
217720, 3
9793, 3
152223, 3
638469, 3
281952, 3
116973, 3
516927, 3
2517, 3
602929, 3
153104, 3
373099, 3
551984, 3
193908, 3
409910, 3
339552, 3
191678, 3
19661, 3
565364, 2
10967, 3
661878, 3
238017, 3
111867, 3
17637, 3
100543, 3
639295, 3
108074, 3
575603, 3
447908, 3
660926, 3
442612, 3
319813, 3
429194, 3
598655, 3
293801, 3
372722, 3
323132, 1
640750, 3
399230, 3
94282, 3
470663, 3
279186, 3
635521, 3
71868, 3
504286, 3
258304, 3
227541, 3
48822, 3
35670, 3
514425, 3
423078, 3
445560, 3
112469, 3
547308, 3
313118, 3
284058, 3
659016, 3
487949, 3
306587, 3
334766, 3
20261, 3
4467, 3
594947, 3
236656, 3
249022, 3
195265, 1
435055, 3
377263, 3
519920, 3
26594, 3
527470, 3
519436, 2
512401, 3
244523, 2
446106, 3
50683, 3
258627, 3
25000, 3
204428, 3
131245, 2
46843, 3
283268, 3
540568, 3
433219, 3
182498, 3
422827, 3
380519, 3
63890, 3
99799, 3
437119, 3
197074, 3
438483, 1
395926, 3
596881, 3
88374, 3
67121, 2
45191, 3
371813, 3
538970, 3
644416, 3
522230, 3
301362, 3
519414, 3
94949, 3
620847, 3
94524, 1
621927, 3
295176, 3
644315, 3
303559, 3
526852, 3
500954, 3
95793, 3
244490, 3
124091, 3
180044, 2
579961, 3
68639, 3
35043, 3
133221, 3
498221, 3
626789, 2
137990, 3
594864, 1
58618, 3
56209, 3
11487, 3
498373, 3
284492, 3
440504, 3
610587, 3
330525, 3
467350, 3
442429, 3
20216, 3
402110, 3
651106, 3
417689, 3
302437, 3
558705, 3
7505, 3
663251, 3
434460, 3
542957, 3
609793, 3
435257, 3
560153, 3
122216, 3
43057, 3
372153, 3
80, 3
473608, 3
391377, 3
412830, 3
419885, 3
19375, 3
621628, 3
463236, 3
141444, 3
22257, 3
641571, 3
358429, 3
628895, 3
360177, 3
164952, 3
41396, 3
438250, 3
29076, 3
86259, 3
465586, 3
103463, 3
468725, 3
504579, 3
324477, 3
202418, 3
360055, 3
105485, 3
445998, 3
353539, 3
4059, 3
218907, 3
233330, 3
371596, 3
654226, 3
279571, 3
289338, 3
334034, 3
252596, 3
471240, 3
440257, 3
171691, 3
16739, 3
505996, 3
557357, 3
364855, 3
14285, 3
4020, 3
280699, 3
10147, 3
405284, 3
33347, 3
287404, 3
650647, 3
252667, 3
477703, 3
29579, 3
22315, 3
231412, 3
262529, 3
425525, 3
420299, 3
629124, 2
343839, 3
405287, 3
603850, 3
402241, 3
385420, 3
54207, 3
391893, 3
129902, 2
551251, 3
351401, 3
102855, 3
506735, 3
323878, 3
573005, 3
588986, 3
485310, 3
138332, 3
585337, 3
304334, 3
507955, 3
427170, 3
603143, 3
628028, 3
48206, 3
508483, 2
153119, 3
106505, 3
142642, 3
187667, 3
657979, 1
5947, 3
314756, 2
266530, 3
423764, 3
172877, 3
199902, 2
490736, 3
288777, 3
345099, 1
258102, 3
231880, 3
340520, 3
647731, 3
619740, 3
142969, 3
191385, 3
638333, 3
363258, 3
347475, 3
232921, 3
247404, 3
391867, 3
72308, 3
132017, 3
656656, 3
391201, 3
612126, 3
88278, 3
494305, 3
476807, 3
662705, 3
386018, 3
134371, 3
621325, 3
466219, 3
205954, 3
514389, 3
470758, 3
430213, 3
30676, 3
438468, 3
354669, 3
332906, 3
537592, 3
387550, 3
6084, 3
118892, 3
304344, 3
633112, 3
63520, 3
236809, 3
270436, 3
138945, 3
417556, 3
237018, 1
556231, 3
533506, 3
560318, 3
156647, 3
627803, 3
90391, 3
529451, 3
428186, 2
516565, 3
275979, 3
226673, 3
273807, 3
461991, 3
280857, 3
122968, 3
471244, 3
301863, 3
364859, 3
59600, 2
366059, 2
424945, 3
531881, 3
119702, 3
47815, 3
452039, 3
665140, 1
534931, 3
130497, 3
383620, 3
397940, 3
531614, 3
149528, 3
631500, 3
312219, 1
98479, 3
261179, 2
321101, 3
1403, 3
88016, 3
380156, 3
22872, 3
97593, 3
40146, 3
120474, 3
590810, 3
225427, 3
292456, 3
596853, 3
644923, 3
195859, 3
529756, 3
85536, 3
610980, 3
469519, 3
615879, 3
413188, 3
334437, 3
457282, 3
484568, 3
77986, 3
72205, 3
356329, 3
94952, 3
294023, 3
210525, 3
388022, 3
76387, 3
149913, 3
558075, 3
29845, 3
53899, 3
284511, 3
433981, 3
556032, 3
598124, 3
274527, 3
136144, 1
116791, 3
400585, 3
544682, 3
636801, 3
583630, 3
334805, 3
548448, 3
519964, 3
37621, 2
227610, 3
660941, 3
374537, 3
247842, 3
227632, 3
93378, 3
181569, 3
601526, 3
506226, 3
3525, 3
9893, 3
159936, 3
492818, 3
532793, 3
492513, 3
472664, 3
644547, 3
662937, 3
373768, 2
607217, 3
91695, 3
520937, 3
77116, 3
549196, 3
564696, 3
405477, 3
586233, 3
115282, 3
508142, 3
231249, 3
370806, 3
111642, 3
445000, 3
270023, 3
427492, 3
134246, 3
170854, 3
167232, 3
369748, 3
462696, 3
333696, 3
30987, 3
387831, 3
623903, 3
229326, 3
44222, 3
347532, 3
330120, 1
303178, 3
458392, 3
622473, 3
510359, 3
503524, 3
219335, 3
139917, 3
240133, 3
188120, 3
55559, 3
208211, 3
614409, 3
376541, 3
82629, 3
551492, 1
111252, 3
543009, 3
500860, 3
290513, 3
372863, 3
451701, 3
96800, 3
153431, 3
610788, 3
70079, 3
302679, 3
310374, 3
30815, 3
474183, 3
619535, 3
269021, 3
118346, 3
131598, 3
433602, 3
315531, 3
424884, 3
324260, 3
433859, 3
143119, 3
410054, 3
219147, 3
657720, 3
503947, 3
626057, 3
395040, 3
548936, 3
146230, 3
548296, 3
658373, 3
253645, 3
488473, 3
253462, 3
395302, 3
113379, 3
140457, 3
327709, 3
154300, 3
31796, 3
579821, 3
522426, 3
34168, 3
530531, 3
199559, 3
347478, 3
185531, 3
350480, 3
75652, 3
125752, 3
534477, 3
70555, 3
636719, 3
379007, 2
578352, 3
534742, 3
36043, 3
534088, 3
49896, 3
25640, 3
360874, 3
646502, 2
256575, 3
279144, 3
197034, 3
409024, 3
544560, 3
306368, 3
305436, 3
3833, 3
593753, 3
343460, 3
551644, 3
337977, 3
644387, 3
313836, 3
89645, 3
462940, 3
88167, 3
78301, 3
483152, 2
59846, 3
521958, 3
18918, 1
243604, 3
386927, 3
2229, 3
42794, 3
536797, 3
598245, 3
388122, 1
64441, 3
546586, 3
343504, 3
336899, 3
468857, 3
214728, 3
457882, 3
268766, 3
587895, 3
436481, 3
79111, 3
487056, 3
462178, 3
657992, 1
113086, 3
648726, 3
476459, 3
322274, 3
268535, 3
327411, 3
530604, 3
251593, 3
354897, 3
201310, 3
32018, 3
178224, 3
612834, 3
378483, 3
177853, 3
480810, 3
463830, 2
311727, 3
297324, 3
458493, 3
485997, 3
260197, 3
251805, 3
177729, 3
517134, 3
310542, 3
548193, 3
480944, 3
376884, 3
518752, 3
536886, 3
56189, 3
88160, 3
612600, 3
527101, 3
341060, 3
568540, 3
64513, 3
8677, 3
466330, 3
490798, 3
452708, 3
537229, 3
9555, 3
516291, 2
334043, 3
1356, 3
296832, 2
16649, 3
91348, 3
127091, 3
496266, 3
2444, 3
644900, 3
546943, 3
133679, 3
287072, 3
400501, 3
251234, 3
569676, 3
154938, 3
453605, 3
260517, 3
175641, 3
388701, 3
24298, 3
141394, 3
190600, 3
350337, 3
650324, 3
640540, 3
392460, 3
558440, 3
555395, 3
440886, 3
201396, 1
349339, 3
286120, 3
123368, 3
384718, 2
494819, 3
118896, 3
383050, 3
468773, 3
438564, 3
651219, 3
303211, 3
184641, 3
63120, 3
261704, 3
114856, 3
265887, 3
252042, 3
472349, 3
233934, 3
124925, 3
111830, 3
139091, 3
198969, 3
664652, 2
130720, 3
196626, 3
133457, 3
171409, 3
223100, 3
1533, 3
434011, 3
564878, 3
129106, 3
386306, 3
345982, 2
448754, 3
559947, 3
566677, 3
654770, 3
362049, 3
372151, 3
26177, 3
373406, 3
124528, 3
530507, 3
379077, 3
614583, 3
473652, 3
114382, 3
106779, 3
659335, 3
30160, 3
316542, 3
189471, 3
4782, 3
452520, 3
408732, 3
625763, 3
311986, 3
648684, 3
213484, 3
180483, 3
403647, 3
54535, 3
559634, 3
563246, 3
342507, 3
590039, 3
647314, 3
273192, 3
598488, 3
417310, 3
442154, 3
42518, 3
221634, 3
496961, 3
524318, 3
247116, 3
61701, 3
338795, 3
251422, 3
576005, 3
136512, 3
48804, 3
55305, 3
64844, 3
182187, 3
210780, 3
76733, 3
603322, 3
22262, 3
94585, 3
593870, 3
626503, 3
119498, 3
74756, 3
78323, 3
624353, 3
466143, 3
43708, 3
146955, 3
580271, 3
279353, 3
612627, 3
475815, 3
497222, 3
446059, 3
199117, 3
4705, 3
495006, 3
359375, 3
330256, 3
287937, 3
301954, 3
504742, 3
22194, 3
334276, 3
259919, 3
341546, 3
405472, 3
70064, 3
404725, 3
578176, 3
12694, 3
565418, 2
7286, 3
31622, 3
240541, 2
656928, 3
467157, 3
429603, 3
246791, 3
17625, 3
526654, 3
522060, 3
543038, 3
179482, 3
341827, 3
463829, 3
456631, 3
158860, 3
239048, 3
234373, 3
111436, 3
1794, 3
472018, 3
359467, 3
477759, 3
113676, 3
79594, 3
110252, 3
298622, 3
162656, 3
632496, 3
60981, 3
367543, 3
43412, 3
23388, 3
593455, 3
51951, 3
68248, 3
481909, 3
46356, 3
14021, 3
37252, 3
562593, 3
541164, 3
546481, 3
231436, 3
601102, 3
269394, 3
647751, 3
372986, 3
117556, 2
567583, 3
522013, 3
275779, 3
329356, 3
637933, 3
508748, 3
644354, 3
474567, 3
643951, 3
616961, 3
133132, 3
220850, 3
571391, 3
403207, 3
291756, 3
334560, 3
508694, 3
509833, 3
287255, 3
534044, 3
90244, 3
330473, 3
291214, 3
65709, 3
538910, 3
656926, 3
248542, 3
198780, 3
279744, 3
35537, 3
386727, 2
546616, 3
424939, 3
80701, 3
409185, 3
419988, 3
31929, 3
566286, 3
383473, 3
87472, 3
520246, 3
129834, 2
200779, 3
232269, 3
224496, 3
517529, 2
62314, 3
291118, 3
23160, 3
195168, 3
277442, 3
95739, 3
483932, 3
530249, 3
91725, 3
627276, 3
496992, 3
452077, 3
396911, 3
4418, 3
375626, 2
148654, 3
8666, 3
411788, 3
371737, 3
410483, 3
10992, 3
267852, 3
226349, 3
108698, 3
477806, 3
91442, 3
13713, 3
633742, 3
210374, 3
40494, 3
615673, 3
283523, 3
301675, 3
161018, 3
617514, 3
397969, 3
249698, 3
442171, 3
83098, 3
173031, 3
183184, 2
149743, 3
127541, 3
2679, 3
80503, 3
499639, 3
253456, 3
467052, 2
579280, 3
74262, 3
631009, 3
129907, 3
270059, 3
183709, 3
203866, 3
591838, 3
233679, 3
83492, 3
505474, 3
15680, 3
346104, 3
341626, 3
452475, 2
53556, 3
524651, 3
116228, 3
380563, 3
286277, 3
355685, 3
650315, 3
125979, 3
347936, 3
587898, 3
466723, 3
449946, 3
1636, 3
350620, 3
579767, 2
454637, 3
433456, 3
125746, 3
260679, 3
468027, 3
365457, 3
325173, 3
514495, 3
509000, 3
208918, 3
52223, 3
352455, 3
621731, 3
155377, 3
567048, 3
147150, 3
462076, 2
273584, 3
82731, 2
349133, 3
517850, 3
292712, 3
444262, 3
259922, 3
153682, 3
591213, 3
33383, 3
588847, 3
355678, 3
420111, 3
77419, 3
68988, 3
177223, 3
52982, 3
82564, 3
362120, 3
481851, 3
152434, 3
26058, 3
408546, 3
184592, 2
137059, 3
360739, 3
33102, 3
358981, 3
552625, 3
233784, 2
547226, 3
586750, 3
191038, 2
42189, 3
2920, 3
238183, 3
24005, 3
99631, 3
563766, 3
324335, 3
295704, 3
578456, 3
49426, 3
281725, 3
570545, 3
40750, 3
141433, 3
30930, 3
474348, 3
275649, 3
222056, 3
394535, 3
468142, 3
487581, 3
327491, 3
122459, 3
493626, 3
411540, 3
171429, 3
375261, 3
547791, 3
50630, 3
649794, 3
377331, 3
529352, 3
628719, 3
594697, 3
63506, 3
371443, 3
175002, 3
593456, 3
245440, 3
341001, 3
66318, 3
345597, 3
101399, 3
392906, 3
340581, 3
333322, 3
263537, 3
555042, 3
411251, 3
345352, 3
330345, 3
268240, 3
180511, 3
546576, 3
440485, 3
158902, 3
119153, 3
656913, 3
8736, 3
48019, 3
38799, 3
535028, 3
614584, 3
504716, 3
417095, 3
130080, 3
282120, 3
195071, 3
201214, 3
464458, 3
399753, 3
207390, 3
637664, 3
451294, 3
281294, 3
147322, 3
407571, 3
530434, 2
639308, 3
532960, 3
268231, 3
323051, 3
301011, 3
23406, 3
26526, 3
619871, 3
655016, 3
133279, 3
469763, 3
100803, 3
303129, 3
360047, 3
153553, 3
28327, 3
332866, 3
638676, 3
412281, 3
293863, 3
361409, 3
441051, 3
614790, 3
545305, 3
429618, 3
592411, 3
184357, 3
276980, 3
573289, 3
79041, 3
28636, 3
630000, 3
616306, 3
74888, 3
357671, 3
206404, 3
654881, 2
484249, 3
294661, 3
156439, 3
190537, 3
405101, 3
384348, 3
594980, 3
455617, 3
165167, 3
78003, 2
22480, 3
588424, 3
650551, 3
640599, 3
511785, 3
657610, 3
609870, 2
66992, 3
316935, 3
570013, 3
297251, 2
84702, 3
223881, 3
22320, 3
411873, 3
86731, 3
441108, 3
615921, 3
515090, 3
422186, 3
632534, 3
18601, 3
101569, 3
179850, 3
247329, 3
631091, 3
106694, 3
602073, 3
591824, 3
593437, 3
653339, 3
136884, 3
185358, 3
629875, 3
87139, 3
358294, 3
633726, 3
517365, 3
308800, 3
116845, 3
351421, 3
107704, 3
28545, 3
286331, 3
571892, 3
614010, 3
74519, 3
93910, 3
599471, 3
579295, 3
412432, 3
569267, 3
437520, 3
584537, 2
163661, 3
408172, 3
370332, 3
477029, 3
441318, 3
213102, 3
480269, 3
610013, 3
15592, 3
456648, 3
584628, 3
638678, 3
200910, 3
392509, 3
455085, 3
393132, 3
36734, 3
169214, 3
285286, 3
610361, 3
121380, 3
102393, 3
339551, 3
498236, 3
319232, 3
278302, 3
259545, 3
301626, 3
620622, 3
510506, 3
403580, 3
288442, 3
256782, 3
571836, 3
12466, 3
657700, 3
311021, 3
141957, 3
549718, 3
190076, 3
392155, 2
386015, 3
261700, 3
483081, 3
34402, 2
612329, 3
170319, 3
88568, 3
408681, 3
52333, 3
321620, 3
474472, 3
384874, 3
290327, 3
76330, 3
330720, 3
331011, 3
568006, 3
419965, 3
432547, 3
198902, 3
582891, 3
613059, 3
347803, 3
341825, 3
141545, 3
383381, 3
30865, 3
385359, 3
19844, 3
515527, 3
395472, 3
304367, 3
430326, 3
546400, 3
134131, 3
332549, 3
284181, 3
451142, 3
571296, 3
506274, 3
138496, 3
402131, 3
558442, 3
262179, 3
340332, 2
627953, 3
253951, 3
395883, 2
378793, 3
148978, 3
58525, 3
512159, 3
113185, 3
572728, 3
24498, 3
430401, 3
339973, 3
293781, 3
360590, 3
441401, 3
249663, 3
154031, 1
528444, 3
449185, 3
175046, 3
31118, 3
272640, 3
182942, 3
334133, 3
398701, 3
536178, 3
347232, 3
160147, 3
417067, 3
485795, 3
190359, 3
122001, 3
8264, 3
362880, 3
645411, 3
309319, 3
335334, 3
222488, 1
91270, 3
400161, 3
541594, 3
505899, 3
158822, 3
208407, 2
133228, 3
222812, 3
220340, 3
21228, 3
230906, 3
647369, 3
488674, 3
278129, 3
51878, 3
583151, 3
661292, 3
227723, 3
274483, 3
603674, 3
522813, 3
654635, 3
648662, 3
561657, 3
40517, 3
298352, 2
259627, 3
456863, 1
150136, 3
282624, 3
465821, 3
194363, 3
467315, 1
127088, 3
476426, 3
318101, 3
336361, 3
312355, 3
235517, 3
113899, 3
591845, 3
612862, 3
463427, 3
370995, 3
235596, 3
375187, 3
373132, 3
72157, 3
565323, 3
316339, 3
219243, 3
572179, 2
93067, 3
63065, 3
65205, 1
183206, 3
25319, 3
194719, 3
196498, 3
430983, 3
235106, 3
188538, 3
357734, 3
275062, 3
96269, 3
405607, 3
425350, 1
139348, 3
20153, 3
446473, 3
5948, 3
373128, 3
496719, 3
223606, 3
337582, 3
489862, 3
442033, 3
500754, 3
564466, 3
533481, 3
141736, 3
354700, 3
210249, 3
552296, 3
235988, 3
329191, 3
51239, 3
185643, 3
239267, 3
451768, 1
172801, 3
471665, 3
499195, 3
138282, 3
346600, 3
184437, 3
56430, 3
432405, 3
644719, 3
296498, 3
238775, 3
326756, 3
250962, 2
63039, 3
556777, 3
162345, 3
632110, 3
444480, 3
269733, 3
304086, 3
662571, 3
241406, 3
487606, 3
397540, 3
70392, 3
581564, 3
547436, 3
65241, 3
257817, 3
514142, 3
244210, 3
282569, 3
460789, 3
402714, 3
159172, 3
244390, 3
105275, 3
612814, 1
450436, 3
262621, 2
389804, 3
79705, 3
403095, 3
523857, 3
166145, 3
239154, 3
128561, 3
356482, 3
17747, 3
54077, 3
313683, 3
368277, 2
244485, 3
456898, 3
489070, 3
15228, 3
595068, 3
311568, 3
528968, 3
352420, 3
170752, 3
222039, 3
312701, 2
293596, 3
267466, 2
545595, 3
194871, 3
403873, 3
279377, 3
553259, 3
532598, 3
266752, 3
585756, 1
236032, 3
315964, 3
121792, 3
137420, 3
392394, 3
89375, 3
449057, 3
645146, 3
426272, 3
593378, 3
261966, 3
415579, 3
438867, 3
149971, 3
205882, 3
7046, 3
534345, 3
532239, 3
487464, 3
238022, 3
568756, 3
15364, 3
514855, 3
154471, 3
39065, 3
279578, 3
599389, 3
348380, 3
107937, 3
102857, 3
339290, 3
418415, 3
636997, 3
150820, 3
543021, 3
500053, 2
311396, 3
4593, 3
481950, 3
282797, 3
103258, 3
8861, 3
305676, 1
165561, 3
480326, 3
284274, 3
389235, 3
289084, 3
537328, 3
176934, 3
18010, 3
271419, 3
289595, 3
378547, 3
662739, 2
452605, 3
559488, 3
400964, 3
532450, 3
622089, 3
516072, 3
142657, 3
436530, 3
10932, 3
365177, 3
579832, 3
406609, 3
195056, 2
422005, 3
485106, 3
325831, 3
257531, 3
11236, 3
317166, 3
283040, 3
220582, 3
462275, 3
252341, 3
124608, 2
236550, 3
368643, 3
572470, 3
492424, 3
422045, 3
207209, 3
154797, 3
155963, 3
341771, 3
568192, 1
642566, 3
534316, 3
625359, 3
205800, 3
140518, 3
339667, 3
351125, 3
88181, 3
313605, 3
449961, 3
560240, 3
458337, 3
343400, 3
660987, 3
57365, 3
223919, 3
218922, 3
597570, 1
50954, 3
409574, 3
484685, 3
449495, 3
519534, 3
410189, 3
294671, 3
450449, 3
57796, 3
247807, 3
155840, 3
590420, 3
349281, 3
79892, 3
327253, 3
527110, 3
555518, 3
332646, 3
154026, 3
553896, 3
426231, 2
345417, 3
383509, 3
621496, 3
169500, 3
434366, 3
316771, 3
587296, 3
103177, 3
362146, 3
137167, 3
275386, 3
403672, 3
9278, 3
151204, 3
629409, 3
486395, 3
61117, 3
256994, 3
337677, 3
425047, 3
416702, 3
586364, 3
484865, 3
635219, 3
407402, 3
397180, 3
641103, 3
446479, 3
83183, 3
13403, 3
370975, 3
279926, 3
494088, 3
193656, 3
257848, 3
560021, 3
433008, 3
357956, 3
328124, 2
315689, 3
142253, 3
16369, 3
255929, 3
364345, 3
335385, 1
92505, 3
659130, 3
532178, 3
261841, 3
178592, 3
154467, 3
628835, 3
401281, 3
12246, 3
511847, 3
240436, 3
374483, 3
120490, 3
146061, 3
83453, 3
68526, 3
511405, 3
162984, 3
154668, 3
332828, 3
113519, 3
638059, 3
331363, 3
522734, 3
293587, 3
258555, 3
520451, 3
293376, 3
244552, 3
146904, 3
572459, 3
72148, 3
239341, 3
236181, 3
192829, 3
216192, 3
298698, 3
612124, 3
103511, 3
216455, 3
206377, 3
245788, 3
262139, 3
636507, 3
210175, 3
328738, 3
329692, 3
373361, 3
415607, 3
433943, 3
643395, 3
366531, 3
188943, 3
557729, 3
382928, 3
562066, 3
613955, 3
484362, 2
102375, 3
474963, 3
632920, 3
314526, 3
439452, 3
13845, 3
446955, 3
115412, 3
380438, 3
111437, 3
452584, 2
70010, 3
495179, 3
21120, 3
338800, 3
403480, 3
321629, 3
281340, 3
104229, 3
204883, 3
381676, 3
49625, 1
651401, 1
600011, 3
78276, 3
420478, 3
628948, 3
585874, 2
103422, 3
220417, 3
611944, 2
373163, 3
70930, 3
276658, 3
285618, 3
47580, 3
403697, 3
179827, 3
69171, 3
382272, 3
47331, 2
416072, 3
346725, 3
348835, 3
408609, 3
639937, 3
491246, 3
328390, 3
275371, 3
396851, 3
15519, 3
433389, 3
72225, 3
265068, 3
561339, 3
288469, 3
635192, 3
548336, 3
102648, 3
392769, 3
661173, 3
144361, 3
163548, 3
325150, 3
293134, 3
504222, 3
452079, 3
256511, 3
14897, 3
289382, 3
73359, 3
252662, 3
316933, 3
646166, 3
191055, 3
552279, 3
653176, 3
51980, 3
173166, 3
243107, 3
285481, 3
604486, 3
345488, 3
507457, 3
400128, 3
123292, 3
340749, 3
6503, 3
22606, 3
113033, 3
260208, 3
509618, 3
648021, 2
387854, 3
274797, 3
476865, 3
369216, 3
154328, 3
427648, 3
455629, 3
433594, 3
385517, 3
177359, 3
323642, 3
176487, 3
320854, 2
61947, 3
130227, 3
265354, 3
302455, 3
477839, 3
230176, 3
114306, 3
182912, 3
227448, 2
145180, 3
144453, 3
369634, 3
281518, 3
532398, 3
439897, 3
290754, 3
85787, 3
477398, 3
258869, 2
532394, 3
351958, 3
356402, 3
319009, 3
43602, 3
275531, 3
438118, 3
50291, 3
655349, 3
617631, 3
274201, 3
270443, 3
66341, 3
559599, 3
13042, 3
151125, 3
170461, 3
39721, 3
196620, 3
513974, 3
82884, 3
42883, 3
493081, 3
116167, 3
323579, 3
302945, 1
408735, 3
406973, 3
280940, 3
373719, 3
575816, 3
422130, 3
420548, 3
95787, 3
450392, 2
321846, 3
455193, 3
241314, 3
596760, 3
519062, 3
170716, 3
518442, 1
515778, 3
195419, 3
498608, 3
591090, 3
662411, 3
106203, 3
255861, 3
382897, 3
241793, 3
367260, 3
242782, 3
436754, 3
396740, 3
160591, 3
245096, 2
46357, 3
453763, 3
192342, 3
352438, 3
246314, 3
387535, 2
38429, 3
619590, 3
202169, 3
266589, 3
359946, 3
104892, 3
89063, 3
305417, 3
375996, 3
550666, 3
562248, 3
119613, 3
462958, 3
2599, 3
427765, 3
130724, 3
307690, 3
620078, 3
593833, 3
476185, 3
57098, 3
619903, 3
440855, 3
421092, 3
20330, 3
451232, 3
196967, 3
131931, 3
422894, 3
68003, 3
140771, 3
401680, 3
62435, 3
355373, 3
418657, 3
425732, 3
150198, 3
418155, 3
550960, 3
26052, 3
555407, 3
486129, 3
446474, 3
663100, 3
625891, 3
174519, 3
632035, 3
327314, 3
245481, 3
525339, 3
276732, 3
588336, 3
313657, 3
143882, 3
274641, 3
199420, 3
236740, 3
563299, 3
374859, 3
633171, 3
420880, 3
135348, 3
349746, 3
373756, 3
173477, 3
216054, 3
262638, 3
479294, 3
471439, 3
493063, 3
302307, 2
243454, 3
239806, 3
522144, 3
259117, 3
268046, 3
9881, 3
664739, 3
382172, 3
81520, 3
267376, 3
17719, 3
635100, 3
96777, 3
388794, 3
594426, 3
182653, 3
151729, 3
60358, 3
654942, 3
448073, 3
259274, 3
24618, 3
563911, 3
567489, 3
378777, 3
569025, 3
626578, 3
307476, 3
537828, 3
283769, 3
140887, 3
408906, 3
609841, 3
55817, 3
370571, 3
422080, 3
358446, 2
315654, 3
183959, 3
601609, 3
55917, 3
407195, 3
413973, 3
38261, 3
420825, 3
69461, 3
5328, 3
520580, 3
215309, 3
1279, 3
202465, 3
654974, 3
350213, 3
473543, 3
324277, 3
551721, 3
480186, 3
458922, 3
548260, 3
403087, 3
406698, 3
399110, 3
386485, 2
92261, 3
329563, 3
409122, 3
7844, 3
257415, 3
44073, 3
532366, 2
55621, 3
577813, 3
532459, 3
287053, 3
629982, 3
29459, 3
616919, 3
342582, 3
188745, 3
327618, 3
635496, 3
563646, 3
135707, 3
596173, 3
562223, 3
370360, 3
328222, 3
609326, 3
551571, 3
504626, 3
605965, 3
538636, 3
435077, 3
606858, 3
181344, 3
371085, 3
283116, 3
253959, 3
115237, 2
487657, 3
511154, 2
580655, 3
574998, 1
559037, 3
78980, 3
33582, 3
70009, 3
439917, 3
518099, 3
524308, 3
411826, 3
121623, 2
388961, 3
608690, 3
258519, 2
485765, 3
341732, 3
461393, 3
209116, 3
625059, 3
305966, 3
484214, 3
146782, 3
479974, 3
294118, 3
622161, 3
435229, 3
620082, 3
641502, 3
628594, 3
425201, 3
327126, 3
525033, 3
654838, 3
227357, 3
137817, 3
32119, 3
616199, 3
592667, 3
581820, 3
598759, 3
585359, 2
587562, 3
349817, 3
96842, 3
337003, 3
183656, 3
485296, 1
443483, 3
20935, 2
270529, 3
151588, 3
214701, 3
108986, 3
495945, 3
584921, 3
110299, 3
569795, 3
156387, 3
239576, 3
148396, 3
243693, 3
160525, 3
228536, 3
210129, 3
293320, 3
223650, 3
405240, 3
430171, 3
283567, 3
601960, 3
262259, 3
357692, 1
13310, 3
28366, 3
271228, 3
244807, 3
291984, 3
5660, 3
571998, 3
187934, 3
267753, 2
68171, 3
56234, 3
222971, 3
397714, 3
460294, 3
225213, 3
65109, 3
63033, 3
461057, 3
582251, 3
664736, 3
181323, 3
639002, 3
564458, 3
602158, 3
276310, 3
7427, 3
322145, 3
385460, 3
357728, 3
220792, 3
82089, 3
104668, 3
148652, 3
458247, 3
48047, 3
512135, 3
568658, 3
323186, 3
465068, 3
135934, 3
589021, 3
320450, 3
576544, 3
23228, 3
622156, 3
247076, 3
99020, 3
436150, 2
26522, 3
541704, 3
385144, 3
248605, 3
179197, 3
255396, 3
286091, 3
497553, 3
574829, 3
463537, 3
415797, 3
259549, 3
279506, 3
336097, 2
148136, 3
112911, 3
133622, 3
557841, 3
48337, 3
230623, 3
562713, 3
237655, 3
36649, 3
351981, 3
294012, 3
508487, 3
81136, 3
257941, 3
3732, 3
649464, 3
279951, 3
266362, 3
224194, 3
282186, 3
97059, 3
152034, 3
413946, 3
612588, 3
398365, 3
625595, 3
85789, 3
117592, 3
601534, 3
195990, 3
493299, 3
33865, 3
95832, 3
192705, 3
496984, 3
160819, 3
399855, 3
63841, 3
225816, 3
177095, 3
134053, 3
294340, 3
535845, 3
82643, 3
107493, 3
98709, 3
350133, 3
197572, 3
632755, 3
246065, 3
93689, 3
139281, 3
539790, 3
99848, 3
462553, 3
293281, 3
173641, 3
8103, 3
636527, 3
64151, 3
629168, 3
20433, 3
377631, 3
412965, 3
223295, 3
368010, 3
396860, 3
56672, 3
583014, 3
356970, 3
111246, 3
237366, 3
341476, 3
529259, 3
441419, 3
470023, 3
601297, 3
172597, 3
258604, 3
90492, 3
150676, 2
63148, 3
364511, 3
482433, 3
482442, 3
217461, 3
128463, 3
96662, 3
459528, 3
448836, 3
282335, 3
41007, 3
619086, 3
657889, 3
389760, 3
412572, 3
249579, 3
192083, 3
258863, 3
294888, 3
40913, 3
317671, 3
123931, 3
328706, 3
62869, 3
95410, 3
73865, 3
609036, 3
588322, 3
663808, 2
418434, 3
8510, 3
46816, 3
634928, 3
556878, 3
196324, 3
152279, 3
44120, 3
645669, 3
571119, 3
596166, 3
613451, 3
413120, 3
315609, 2
418467, 3
496645, 3
295734, 3
388808, 3
578224, 3
7603, 3
319559, 3
74676, 3
11121, 3
371294, 3
114647, 3
80311, 3
403732, 3
367435, 3
319951, 3
516787, 3
651457, 3
63710, 3
248519, 3
74826, 3
288660, 3
32046, 3
293833, 3
377086, 2
651527, 3
582130, 3
351899, 3
311487, 3
652447, 3
513242, 3
236045, 3
63570, 3
260511, 2
353399, 3
443912, 3
374657, 3
458872, 3
552465, 3
413284, 3
191261, 3
40935, 2
226110, 3
144802, 3
227848, 3
356596, 3
552825, 3
356860, 3
207930, 3
446909, 3
87287, 3
47714, 3
219354, 3
23786, 3
157949, 3
614479, 3
439260, 3
389186, 3
231981, 3
186503, 3
554259, 3
260537, 3
332624, 3
131891, 3
104551, 3
462145, 3
418619, 3
536594, 3
264884, 3
530545, 3
462408, 3
231162, 3
28403, 3
378624, 3
357156, 3
383055, 3
247590, 3
53780, 3
51681, 3
514139, 3
643158, 3
611093, 3
34666, 3
363964, 3
83348, 3
288712, 3
134435, 3
4794, 3
512365, 2
366403, 3
460568, 3
650201, 3
540754, 3
554306, 3
399664, 3
368609, 3
633047, 2
297528, 3
311176, 3
581418, 3
432516, 3
369901, 3
413314, 3
298458, 3
176284, 3
526747, 3
81826, 3
486528, 3
594825, 2
71183, 3
637998, 3
587768, 3
384675, 3
126741, 3
12044, 3
228268, 3
332742, 3
282352, 3
194047, 3
163098, 3
216997, 3
600208, 3
410471, 3
96567, 3
206046, 3
276088, 3
6416, 3
500931, 3
455718, 3
66080, 3
394915, 3
590332, 3
11356, 3
176970, 3
566020, 3
331540, 3
204209, 3
50590, 3
388642, 3
303727, 3
48985, 3
32100, 3
158416, 3
412848, 3
576174, 3
186582, 3
283969, 3
270030, 3
287416, 3
403947, 3
397263, 3
511686, 3
494395, 3
145428, 2
310586, 3
287302, 3
8834, 3
634448, 3
74626, 3
185913, 3
309794, 3
413299, 3
224753, 3
452381, 3
87025, 3
123237, 3
114854, 3
247266, 3
102998, 2
551381, 3
640658, 3
305751, 2
198648, 3
612614, 3
176948, 3
306240, 3
238364, 3
252374, 3
203314, 3
287350, 3
424890, 3
563269, 3
613686, 3
138196, 3
193511, 3
441068, 2
304090, 3
350591, 3
149948, 3
264426, 3
138932, 3
145952, 3
475565, 3
627417, 3
187769, 2
579949, 3
451878, 3
2237, 3
440735, 3
358947, 3
62855, 3
124667, 3
651437, 3
501849, 3
328139, 3
126227, 3
187242, 3
235889, 3
72256, 3
312936, 2
149540, 3
134081, 3
656428, 3
496161, 3
417292, 3
537219, 3
607041, 3
212496, 3
647780, 3
186743, 3
21969, 3
641791, 3
111560, 1
628830, 3
530517, 3
400939, 3
65042, 3
253917, 3
67321, 3
22808, 3
164795, 3
578946, 3
66494, 3
297927, 3
47768, 3
531338, 3
214749, 3
93410, 3
393392, 3
208238, 3
604667, 3
18515, 3
267651, 3
7801, 3
648226, 3
268113, 3
17232, 3
98596, 3
60819, 3
534739, 3
579226, 3
488913, 3
212420, 3
543555, 3
293621, 3
52197, 3
59107, 3
485138, 3
655708, 3
517687, 3
517258, 3
326049, 3
156358, 3
563403, 2
597856, 3
358894, 3
554714, 1
513652, 2
70678, 3
267690, 3
334146, 3
353096, 3
562580, 3
593874, 3
198107, 3
365287, 3
27952, 3
415948, 3
203601, 3
259664, 3
310791, 3
128520, 3
158685, 3
250173, 3
340594, 3
533999, 3
56858, 3
414282, 3
44680, 3
501853, 3
77094, 3
125118, 3
593042, 3
471, 3
613510, 3
148100, 3
102737, 3
562334, 3
315338, 3
201105, 3
625875, 3
527690, 3
561247, 3
183312, 3
177145, 3
104495, 3
310090, 3
177150, 3
114864, 3
134392, 3
161342, 3
188780, 3
112, 2
214116, 3
134248, 3
167822, 3
180458, 3
659878, 3
469561, 3
312040, 3
90576, 3
586620, 3
651914, 3
485491, 3
115045, 3
635753, 3
309624, 3
123750, 3
660720, 3
375133, 3
79043, 3
649020, 3
579233, 3
569913, 3
453867, 3
400936, 3
503990, 1
458268, 3
320820, 3
228551, 3
115139, 3
56986, 2
110238, 3
407399, 3
30755, 3
138960, 3
254239, 3
303725, 3
587292, 3
358439, 3
160428, 3
274529, 3
172010, 3
147964, 3
409143, 3
78746, 3
109098, 3
126179, 3
314007, 3
463399, 3
144232, 3
347990, 3
525181, 3
83313, 3
512008, 3
273865, 3
357071, 3
208257, 3
483569, 3
524074, 3
230200, 3
91754, 3
398872, 3
365161, 2
342782, 3
304635, 3
107272, 3
115758, 3
190816, 3
74061, 3
216515, 3
216036, 3
128129, 3
200771, 3
185946, 3
454663, 2
210276, 3
263974, 3
96420, 3
150782, 3
423808, 3
555496, 3
332175, 3
611494, 3
512590, 3
654898, 3
634669, 3
59759, 2
364998, 3
347, 3
276409, 3
649066, 3
63822, 3
474708, 3
224414, 3
482447, 3
30737, 3
410911, 3
636871, 3
4287, 3
164057, 3
369589, 3
432646, 3
502268, 2
126075, 3
285715, 3
56857, 3
628869, 3
232529, 3
87533, 3
407210, 3
14792, 3
90800, 3
124178, 3
38781, 3
92168, 3
145553, 3
558383, 3
48653, 3
3481, 3
572992, 3
620517, 3
334013, 3
88317, 3
359305, 3
261086, 3
41420, 3
184665, 3
313964, 3
186180, 3
414007, 3
604658, 3
358396, 3
71472, 3
291875, 3
616997, 3
303712, 3
292269, 3
265610, 3
176111, 3
531507, 3
223161, 3
587281, 3
348056, 3
621240, 3
23870, 3
37991, 3
484074, 3
537382, 3
93363, 3
240632, 3
664926, 3
600510, 3
446588, 3
304295, 3
589358, 3
424621, 3
115693, 3
612011, 2
654756, 2
618314, 3
531896, 3
214695, 3
484334, 3
357643, 3
593393, 3
609509, 3
218725, 3
201293, 3
228998, 3
526019, 3
231341, 3
297194, 3
479820, 3
97606, 3
421214, 3
524942, 3
424419, 3
278878, 3
650510, 1
11295, 3
456019, 3
148681, 3
610102, 3
131060, 3
346551, 3
7289, 3
416723, 3
3603, 3
636670, 3
426730, 2
40726, 3
105164, 3
118887, 3
123858, 3
237915, 3
279177, 3
543428, 3
552530, 3
601046, 3
596839, 3
24804, 3
566602, 3
29352, 3
582656, 3
662191, 3
142796, 3
505784, 3
351313, 3
364612, 2
647771, 3
109597, 3
48819, 3
567348, 3
53608, 3
487323, 3
455504, 3
582573, 3
593742, 3
434887, 3
183110, 3
174756, 3
132816, 3
326297, 3
205489, 3
539001, 3
520067, 3
526212, 3
414826, 3
476105, 3
65209, 3
391204, 3
271272, 3
419124, 3
379133, 3
496865, 3
338819, 3
66204, 3
546523, 3
172151, 3
367205, 3
338381, 3
250004, 3
9593, 3
145138, 3
585767, 3
210902, 3
92735, 3
127484, 3
389439, 1
124312, 3
425788, 3
249522, 2
277174, 3
71107, 3
228503, 3
549101, 3
150565, 3
456471, 3
663164, 3
218569, 3
637846, 3
629259, 3
88354, 3
75084, 3
605052, 3
338450, 3
77431, 3
30478, 3
404251, 3
458187, 3
642651, 3
539912, 3
651318, 3
644841, 3
176612, 3
416400, 3
587686, 3
183963, 3
237072, 3
508755, 3
509753, 3
575498, 1
378653, 3
304772, 3
574169, 3
106928, 3
42308, 2
416282, 3
541015, 3
420542, 3
106708, 3
431302, 3
224620, 3
457656, 3
375003, 3
438730, 3
15420, 3
250415, 3
429157, 3
284390, 3
77723, 3
22470, 3
274616, 3
158546, 3
615535, 3
419105, 3
584881, 3
109172, 3
528752, 3
322584, 3
652062, 3
144917, 3
323401, 3
224526, 3
56897, 3
573304, 3
92076, 3
205450, 3
195150, 3
129388, 3
525666, 3
135689, 3
642718, 3
231646, 3
36006, 3
498568, 3
357369, 3
516553, 3
179650, 2
281992, 3
420490, 3
153428, 3
527079, 3
483395, 3
525784, 3
147222, 3
194538, 2
329863, 3
360053, 3
183234, 3
642230, 3
257021, 3
173897, 3
42025, 3
552611, 3
442619, 3
587438, 3
582151, 3
44924, 3
120654, 3
269705, 3
35940, 2
415838, 3
277107, 3
280396, 3
516063, 3
24740, 3
437602, 3
442368, 3
533610, 3
31409, 3
239080, 3
412519, 3
57412, 3
624667, 3
302927, 3
495522, 3
534773, 3
47618, 3
452213, 3
572291, 3
2601, 3
62509, 3
331894, 3
115402, 3
595289, 3
610470, 3
31988, 3
11824, 3
263541, 3
595541, 3
574813, 3
99310, 2
322406, 3
169032, 3
534208, 3
606800, 3
441254, 3
323252, 2
490567, 3
243737, 3
524099, 3
150832, 3
241644, 3
425041, 3
50965, 3
486641, 3
459427, 2
142816, 3
643159, 3
495818, 3
268195, 3
625973, 3
345411, 3
363753, 3
312125, 3
514572, 3
408323, 3
600385, 3
636073, 3
289736, 3
483191, 3
456370, 3
258571, 3
142043, 3
34188, 3
181388, 3
289983, 3
141184, 3
111099, 3
324069, 3
257746, 3
635896, 3
644082, 3
77801, 3
545170, 3
397909, 3
375741, 3
645514, 3
390131, 3
21930, 3
545088, 3
442700, 3
18711, 3
39301, 3
510782, 3
158414, 3
526604, 3
608623, 3
458312, 3
306499, 3
576855, 3
635466, 3
28839, 3
640492, 3
661258, 3
164632, 3
241451, 3
4766, 3
647266, 3
186767, 3
270358, 3
535129, 3
30523, 3
69574, 3
187993, 3
432016, 3
422548, 3
307393, 3
36864, 2
111878, 3
153054, 2
184708, 3
352703, 3
497035, 3
199206, 3
86585, 3
134287, 3
481096, 3
202390, 2
13259, 3
535347, 3
426714, 3
476231, 3
637457, 3
332962, 3
560501, 3
267828, 3
255891, 3
548816, 3
483160, 2
195994, 3
39976, 3
214228, 3
501228, 3
532963, 3
471850, 3
586683, 3
466561, 3
365085, 3
429347, 3
160463, 3
118874, 3
238190, 3
447157, 3
135573, 3
256683, 3
445207, 3
532516, 3
335352, 3
617820, 3
566810, 3
498946, 3
536946, 3
240415, 3
19618, 3
566175, 3
638417, 3
453733, 3
98961, 3
555373, 3
444359, 3
109697, 3
331454, 3
624005, 3
515995, 3
258712, 3
455499, 3
623627, 3
84963, 3
201390, 2
352736, 3
55528, 3
571067, 3
618497, 3
525144, 3
557066, 3
477059, 3
362769, 3
492501, 3
51515, 3
163418, 3
53956, 3
591828, 3
132104, 3
181292, 3
294100, 3
317405, 3
330062, 3
158675, 3
441602, 3
272235, 3
518687, 3
17951, 3
344235, 3
610338, 3
373948, 3
323984, 3
405866, 3
258632, 2
86952, 3
500924, 3
158509, 3
594303, 3
555965, 3
296279, 3
117634, 3
479707, 3
169116, 3
290193, 3
569001, 1
316251, 3
141395, 3
609419, 3
459183, 3
9377, 3
61579, 2
625642, 3
22252, 3
243004, 3
166622, 3
13262, 3
548627, 3
196359, 3
393197, 3
366908, 3
462879, 3
611546, 3
258328, 3
358647, 3
103400, 3
407513, 3
583584, 3
296326, 3
532508, 3
86012, 3
593025, 3
474720, 3
45333, 1
285791, 3
401318, 3
646824, 3
229152, 3
573043, 3
411794, 3
216181, 3
394483, 3
563022, 3
221461, 3
13305, 3
569445, 3
285131, 3
293542, 3
34759, 3
647885, 3
300470, 3
544167, 3
355323, 3
494750, 3
597086, 3
596555, 3
181135, 2
574356, 3
567253, 3
502216, 3
308482, 3
362702, 3
218262, 3
212762, 3
452928, 3
313893, 3
569817, 3
225720, 3
229687, 3
260794, 3
496669, 3
354993, 3
320927, 3
415727, 3
11930, 3
92402, 1
612764, 3
455659, 3
608360, 3
45662, 3
293829, 3
264759, 3
292828, 3
483369, 3
585195, 2
240526, 3
187141, 3
280496, 3
200114, 3
413992, 3
481813, 3
128229, 3
137565, 3
53212, 3
373149, 3
378494, 3
587025, 3
235269, 3
646520, 2
8643, 3
416508, 3
214681, 3
340052, 3
32038, 3
124822, 3
180460, 3
455184, 3
194192, 3
547181, 3
466593, 3
99027, 3
4488, 3
322499, 2
456637, 3
514909, 3
530246, 3
258163, 3
449669, 3
545070, 3
507098, 3
659999, 3
417511, 3
454943, 3
16171, 3
406685, 3
390288, 3
553117, 3
449232, 3
416265, 3
158936, 3
527571, 3
3769, 3
518670, 3
367135, 3
521826, 3
504311, 3
455226, 3
187883, 3
495462, 3
322282, 3
461248, 3
177950, 3
380201, 3
582771, 3
372265, 2
82097, 3
320943, 2
143912, 3
197123, 3
180150, 2
70591, 3
105813, 3
268347, 3
210990, 3
244149, 3
474881, 3
526313, 3
241174, 3
564397, 3
118195, 3
421414, 3
331173, 3
245632, 3
303648, 3
489593, 3
384863, 3
209806, 3
197527, 1
19901, 3
507421, 2
615465, 3
561181, 3
513946, 3
360925, 3
599933, 3
289921, 3
93057, 3
199363, 2
521501, 3
358108, 2
263862, 3
185206, 3
232000, 3
48944, 3
191899, 2
359972, 3
308200, 3
587778, 3
571527, 3
375527, 3
336864, 3
409961, 3
265733, 3
347529, 3
253334, 3
274945, 3
550381, 3
168475, 3
299783, 1
186019, 3
559425, 3
408036, 3
92271, 3
211232, 3
216830, 3
223449, 3
475553, 3
177096, 3
404686, 3
75594, 3
179449, 3
608994, 3
584769, 3
494414, 3
169210, 3
141756, 3
68523, 3
254842, 3
46618, 3
539776, 3
359139, 3
310480, 3
288293, 3
551213, 3
490090, 3
312815, 3
52059, 3
289092, 3
143772, 3
380352, 2
355842, 3
637786, 3
463422, 3
303812, 3
523519, 3
158928, 3
563255, 3
171526, 3
508938, 3
54179, 1
517106, 3
54899, 3
89206, 3
159734, 3
571329, 3
362181, 3
348245, 3
73757, 3
426718, 3
39683, 3
571494, 3
492776, 3
223346, 3
460406, 3
440505, 3
283314, 3
270753, 3
257198, 3
258881, 3
571971, 3
496160, 3
180820, 3
91951, 3
396058, 3
88282, 3
177668, 3
469553, 3
214731, 3
329040, 3
589335, 3
643186, 3
306967, 3
575584, 1
586970, 3
262963, 3
475378, 3
190171, 3
429517, 3
267717, 2
387617, 3
639404, 3
210791, 3
368036, 3
175632, 3
491477, 3
112733, 3
412244, 3
278500, 3
427838, 3
595651, 3
512533, 3
196097, 3
355819, 3
204367, 3
464898, 3
449089, 3
101082, 3
229593, 3
89346, 3
405160, 3
324486, 3
22778, 3
20693, 3
606865, 3
488497, 3
416844, 3
334780, 3
134847, 3
208395, 3
609495, 3
542013, 3
569355, 3
235182, 3
519500, 3
519009, 3
574854, 3
250353, 3
9591, 3
544480, 3
328907, 3
50216, 3
372772, 3
140242, 3
564071, 3
476101, 3
451611, 1
526555, 3
564398, 1
520485, 3
640346, 3
26331, 3
517315, 3
399823, 2
14268, 3
449302, 3
242538, 3
288063, 3
562069, 3
587576, 3
586591, 3
633794, 3
286998, 3
114983, 3
98339, 3
267424, 3
264972, 2
451594, 2
7248, 3
302374, 3
524653, 3
251573, 3
580645, 3
408597, 3
633946, 3
415691, 3
599517, 3
219680, 3
234739, 3
575620, 3
576412, 3
490636, 3
553399, 3
135208, 3
584720, 2
653233, 3
632128, 3
478864, 3
269180, 3
351038, 3
65522, 3
289366, 3
54919, 3
376404, 3
332588, 3
346489, 3
198407, 3
439965, 3
122808, 3
577570, 3
29630, 3
37582, 3
369186, 3
564691, 3
233896, 3
455492, 3
162464, 3
25201, 3
521269, 3
469827, 3
104664, 3
425913, 3
158356, 3
526090, 3
561538, 3
392503, 3
432436, 3
504104, 3
238099, 3
70234, 3
274065, 3
596019, 3
367264, 3
179875, 3
546403, 3
334513, 3
373660, 3
546640, 3
585183, 3
85115, 3
494112, 3
538401, 3
434578, 3
39097, 3
6006, 3
124010, 2
401868, 3
416010, 3
584964, 3
385415, 3
143067, 3
273153, 3
425831, 3
233638, 2
241395, 3
630629, 3
284649, 3
5200, 3
97353, 3
639415, 3
232976, 3
392248, 3
210747, 3
662112, 3
556950, 3
173973, 3
324769, 3
365320, 3
87949, 3
97802, 3
499368, 2
450342, 3
436020, 3
232217, 3
199133, 3
17169, 3
56377, 3
271065, 3
417150, 3
113112, 3
264974, 3
520404, 3
50236, 2
388828, 3
293017, 3
80082, 3
399810, 3
506841, 3
415535, 3
49804, 3
538591, 3
253670, 3
493860, 3
293756, 3
375784, 3
284050, 3
456294, 3
17589, 3
364321, 3
397074, 3
512043, 3
362848, 3
411879, 3
125517, 3
254009, 3
135373, 3
650563, 3
346977, 3
173245, 3
566777, 3
36653, 3
531601, 3
148200, 3
454499, 3
186074, 3
614994, 3
447728, 3
310277, 3
45488, 3
448323, 3
74365, 3
237825, 3
150148, 3
156809, 3
122554, 3
583848, 3
227724, 3
330939, 3
49668, 3
391060, 3
504416, 3
172102, 3
297655, 3
188192, 1
205440, 3
164607, 3
467472, 3
47771, 3
132740, 3
325178, 3
237166, 3
637193, 3
386581, 1
429409, 3
407465, 3
3786, 3
374429, 3
389029, 3
245147, 3
107637, 3
390578, 3
569822, 3
43626, 3
380831, 3
265942, 3
174744, 3
418438, 3
238714, 3
618182, 3
459601, 3
289363, 3
518745, 3
69456, 3
53267, 3
533227, 3
651728, 3
354531, 3
419085, 3
189568, 3
8600, 3
101208, 3
111528, 3
520732, 3
96251, 3
4565, 3
301531, 3
129013, 3
299495, 3
101939, 3
162323, 3
312498, 3
120205, 3
183773, 3
274546, 3
221175, 3
525529, 3
648185, 3
652206, 3
140503, 3
425958, 2
419212, 3
367105, 3
311980, 3
317607, 3
36359, 3
405137, 3
507776, 3
111260, 3
438062, 3
551802, 3
400597, 3
242620, 3
550440, 3
149090, 3
367496, 3
473333, 3
283557, 3
16912, 3
217668, 1
368762, 3
154268, 3
337867, 3
125937, 3
633204, 3
202426, 3
137595, 3
436914, 3
345230, 3
461701, 3
160850, 3
48472, 3
281814, 3
498136, 3
92960, 3
204138, 3
414861, 3
472771, 3
34447, 3
342780, 3
54807, 3
59249, 3
349566, 3
246976, 3
382032, 3
371901, 3
320520, 3
303238, 3
174232, 3
361522, 3
107386, 3
567015, 3
407562, 3
505081, 3
22148, 3
90871, 3
537672, 3
364606, 3
422643, 3
613138, 3
111760, 3
135963, 3
33711, 3
472852, 3
389861, 3
623597, 3
594595, 3
443578, 2
358186, 3
476726, 3
66917, 3
644257, 3
332871, 2
525348, 1
55010, 3
364302, 3
320070, 3
262595, 3
601319, 3
589668, 3
601208, 3
567261, 3
558542, 3
478271, 2
658608, 3
231818, 3
223974, 3
495639, 3
333695, 3
331620, 3
188919, 3
553702, 3
319045, 3
86207, 2
309092, 3
119736, 3
515827, 3
487806, 3
227730, 3
548652, 3
552428, 3
475524, 3
89925, 3
163727, 3
74066, 3
558129, 2
302267, 3
160252, 3
464545, 3
9477, 3
24983, 3
608783, 2
593780, 3
287508, 3
38085, 3
471751, 3
394154, 3
36780, 3
421317, 3
434252, 3
270729, 3
139274, 3
579472, 3
569069, 3
25418, 3
73530, 3
70345, 3
175780, 3
52551, 3
643824, 3
529128, 3
479179, 3
415214, 3
615778, 3
43215, 3
110067, 3
247732, 3
662546, 3
10023, 3
93367, 3
524625, 3
594309, 3
219872, 3
659013, 3
112060, 3
122037, 3
148113, 3
299119, 3
351836, 3
515064, 3
611055, 3
124495, 3
614419, 3
326429, 3
643108, 3
64145, 3
646794, 3
393133, 3
531215, 3
432700, 3
137396, 3
104600, 3
360509, 3
1061, 3
468999, 3
203350, 3
426761, 3
568597, 3
247354, 3
30539, 3
492841, 3
375954, 3
4744, 3
262060, 3
175945, 3
259535, 3
251886, 3
75223, 3
404068, 3
178877, 3
391996, 2
168860, 3
78406, 3
431233, 3
292934, 3
516383, 3
478332, 3
167253, 3
207845, 3
319847, 3
174515, 3
527806, 3
284303, 3
464596, 3
206005, 3
320155, 3
585577, 3
649673, 3
364798, 3
554894, 3
80059, 3
415895, 3
310422, 3
9385, 3
512800, 2
652968, 3
182589, 3
235944, 3
57269, 2
177391, 3
385710, 3
226776, 3
607239, 3
80976, 3
341072, 3
360662, 3
337204, 3
578314, 3
85077, 3
292826, 3
65298, 3
160615, 3
6080, 3
406149, 3
456675, 3
29078, 3
294194, 3
546419, 3
302071, 3
54798, 3
553743, 3
9528, 3
74862, 3
507120, 2
244783, 3
228138, 3
333752, 3
66580, 3
535559, 3
485406, 3
397120, 3
136444, 3
578712, 2
474374, 3
539240, 3
659481, 3
60789, 3
44700, 2
432126, 3
530522, 3
287318, 3
453431, 3
233327, 3
229953, 3
268124, 3
465265, 3
509634, 3
242571, 1
526174, 3
150353, 3
407519, 3
313113, 3
212497, 3
406425, 3
126010, 1
134457, 3
555955, 3
372426, 3
18441, 3
8402, 3
586667, 3
203397, 3
424800, 3
142404, 3
271750, 3
664708, 3
572557, 3
223310, 3
468225, 3
621891, 3
427939, 3
83092, 3
316619, 3
172478, 3
307878, 3
558096, 3
452279, 3
201702, 3
420905, 3
521284, 3
96262, 3
607660, 3
152592, 3
256451, 3
34416, 3
230367, 3
64895, 3
480804, 3
8699, 3
507255, 3
43691, 3
290420, 3
569393, 3
638020, 3
293785, 3
597495, 3
474960, 3
436350, 3
84725, 3
453288, 3
424277, 3
568835, 3
528108, 3
20267, 3
596918, 3
367733, 3
154142, 3
523088, 1
589732, 3
443554, 3
133184, 3
241446, 3
262551, 3
560312, 3
131867, 3
94032, 3
630367, 3
335130, 3
547370, 3
65410, 3
394826, 2
635952, 3
272555, 3
208014, 2
82403, 3
464448, 3
397472, 3
10918, 3
383407, 3
613518, 3
239061, 3
608473, 3
467821, 3
456025, 3
139472, 3
546895, 3
334363, 3
582770, 3
645612, 2
224604, 3
306058, 3
230500, 2
295412, 3
537671, 3
536884, 3
202502, 3
402457, 3
39419, 3
149480, 3
169939, 3
448260, 3
549550, 3
59830, 3
17234, 3
426482, 3
125748, 3
150503, 3
283286, 3
576093, 3
116512, 3
317266, 3
591615, 3
629014, 3
9943, 3
452932, 2
464902, 3
189920, 3
216052, 3
170660, 3
399004, 3
227502, 3
65563, 3
431192, 3
125581, 3
535016, 3
117532, 3
616232, 3
396706, 3
566715, 3
296270, 3
565327, 3
395456, 3
566653, 3
255915, 3
158067, 3
317222, 3
264030, 3
15425, 3
481318, 3
84765, 3
264513, 1
168278, 3
257692, 3
427817, 3
348986, 3
312054, 3
520437, 3
30713, 3
631885, 3
141133, 3
231143, 3
529744, 2
406196, 3
382109, 3
359154, 3
651325, 3
25203, 3
558767, 1
444825, 3
435807, 3
585243, 2
550102, 3
621635, 3
482361, 3
460593, 3
502959, 3
487317, 3
560222, 3
226001, 3
154173, 3
477008, 2
164140, 3
533389, 3
262327, 3
377312, 2
466884, 3
312465, 3
588443, 3
596324, 3
99622, 3
273097, 3
326874, 3
246805, 3
102184, 2
588231, 3
141201, 3
531946, 3
328886, 3
187423, 3
372935, 3
161727, 3
155085, 3
598297, 3
62366, 3
593921, 3
420198, 3
298212, 3
422088, 3
376483, 3
12705, 3
294312, 3
224664, 3
426232, 3
551371, 3
625309, 3
575625, 3
400127, 3
47992, 3
159071, 3
206648, 3
472806, 3
327715, 3
329667, 3
417719, 3
166068, 3
109245, 3
465243, 3
63963, 3
638008, 3
531140, 3
580108, 3
479091, 3
600032, 3
369814, 3
623491, 3
4215, 3
77910, 3
407575, 3
147961, 3
266620, 3
61274, 3
340202, 3
598519, 3
633958, 3
457411, 3
95985, 3
118853, 3
559403, 3
232170, 3
425586, 3
495109, 3
152078, 3
277038, 3
276652, 3
520205, 3
549671, 3
226777, 3
573345, 3
377871, 3
101529, 3
373688, 3
317365, 3
182443, 2
92135, 3
417854, 3
385487, 3
621806, 3
348422, 3
140308, 3
324192, 3
527096, 3
102852, 3
159460, 3
52434, 3
109203, 3
597095, 3
623221, 3
39677, 3
492527, 3
99254, 3
405600, 3
591086, 3
193296, 3
320630, 3
625564, 3
99402, 3
594347, 3
478840, 3
40175, 3
166450, 3
173920, 3
33111, 3
343205, 3
296772, 3
340706, 3
142993, 3
556289, 3
494572, 3
208775, 2
255194, 3
243893, 1
286110, 3
528572, 3
32445, 3
628363, 3
608072, 3
466205, 3
604376, 3
503855, 3
220368, 1
336437, 3
612212, 3
150139, 3
520065, 2
610872, 3
228756, 3
28291, 3
115567, 3
156765, 3
421508, 3
416741, 3
518636, 3
174635, 3
215334, 3
640980, 3
451738, 3
437902, 3
101789, 3
449672, 3
152941, 3
58264, 3
249187, 3
448301, 3
382356, 3
594096, 3
171834, 3
227039, 3
116344, 3
649439, 3
464789, 3
91143, 1
35618, 3
380870, 3
34801, 3
608466, 3
370811, 3
217278, 3
578763, 3
281894, 3
450965, 3
232239, 3
58035, 3
139297, 3
95785, 3
178928, 3
498077, 3
84182, 3
202019, 3
551695, 3
304044, 2
510797, 3
590330, 3
345244, 3
580177, 3
30804, 3
587443, 3
221781, 3
76428, 3
192408, 3
487578, 3
593080, 3
389457, 3
11466, 3
25404, 3
369728, 3
96094, 3
339926, 3
642233, 3
500875, 3
113347, 3
177509, 3
647358, 3
246187, 3
471404, 3
648794, 3
606971, 3
425432, 3
311512, 3
51263, 3
382970, 3
317052, 3
466763, 3
192396, 3
462167, 3
307077, 3
268961, 3
54414, 3
35238, 3
8574, 3
74049, 3
572192, 3
575004, 3
569530, 3
76271, 3
87359, 3
286368, 3
269155, 3
499441, 3
389641, 3
331191, 3
26087, 3
1491, 3
569523, 2
554327, 3
219821, 3
373583, 3
211441, 3
212536, 3
182291, 3
591455, 3
641632, 3
580941, 2
559174, 3
115234, 3
497214, 2
288838, 3
568414, 1
141089, 3
388921, 3
146855, 3
162097, 3
254732, 3
624417, 3
227628, 3
486882, 3
548994, 3
607444, 3
550508, 3
51800, 3
536988, 3
464422, 3
325491, 3
360302, 3
543947, 3
306428, 3
277688, 3
646899, 3
489901, 3
418565, 3
488408, 3
287134, 3
390945, 3
74166, 3
350960, 3
588563, 3
253401, 3
625509, 3
414486, 3
380427, 3
196654, 3
295812, 3
326638, 3
183821, 3
371203, 3
447870, 3
250237, 3
131738, 2
618336, 3
565470, 2
481151, 3
411958, 3
445237, 3
296402, 3
24347, 3
423763, 3
570650, 3
84912, 3
470458, 3
89544, 3
275519, 3
286602, 3
440697, 1
287646, 3
404131, 3
484224, 3
504170, 3
412532, 3
570282, 3
645039, 3
423695, 3
253814, 3
218361, 3
205762, 3
68115, 3
233569, 3
220048, 3
251875, 3
242319, 3
237843, 3
417959, 3
605955, 3
461924, 3
211088, 3
398460, 3
119175, 3
437667, 3
493974, 3
253560, 3
306147, 3
293470, 3
217069, 2
500936, 3
51610, 3
431736, 1
482437, 3
528105, 1
650511, 3
415114, 3
541336, 3
217778, 3
565412, 2
567537, 3
499148, 3
150536, 3
44597, 3
367354, 3
339598, 3
137938, 3
254315, 3
654358, 3
146294, 3
241565, 3
593872, 3
86737, 3
349426, 3
586974, 2
356714, 3
313717, 3
240211, 2
44927, 3
662370, 3
148123, 1
34131, 1
473693, 3
391804, 3
302819, 3
291577, 3
434356, 3
131088, 3
309232, 3
431785, 3
274401, 3
88364, 3
522802, 3
657724, 3
51461, 3
527607, 3
599360, 3
35435, 3
469441, 3
223574, 3
233574, 3
594417, 3
622633, 3
457553, 3
631550, 3
143884, 3
60958, 3
616517, 3
478328, 3
566265, 3
604005, 3
34336, 3
328379, 3
222604, 3
196465, 3
170430, 3
312487, 3
163832, 3
545766, 3
205754, 3
173078, 3
553988, 3
177772, 3
480594, 3
604795, 3
329776, 3
196871, 2
199508, 3
372869, 3
643434, 3
444557, 3
343405, 3
560176, 3
191604, 3
112452, 3
541785, 3
77780, 3
115562, 3
519905, 3
294571, 3
420423, 3
585152, 3
33342, 3
466744, 3
2085, 3
316843, 3
553726, 3
182169, 3
248713, 3
542853, 3
450284, 3
256413, 3
173228, 3
646885, 3
495503, 3
94935, 3
513864, 3
275838, 3
210541, 3
369985, 3
52096, 3
435030, 3
22814, 3
491388, 3
125389, 3
353188, 3
376851, 3
501030, 3
526976, 2
303221, 3
230191, 3
50135, 3
614044, 3
220985, 3
193877, 3
302, 3
203724, 2
657589, 3
493218, 3
540208, 3
149618, 3
205024, 3
208724, 3
134342, 3
476596, 3
427068, 3
54453, 3
64947, 3
9886, 3
620304, 2
452761, 3
485386, 3
334382, 3
9847, 3
397769, 3
318593, 2
442918, 3
35059, 3
402792, 3
351370, 3
635453, 3
131408, 3
533555, 3
171555, 3
572157, 3
617347, 3
400537, 3
581233, 3
20099, 3
225021, 3
649612, 3
95063, 3
260709, 3
608552, 2
524793, 3
46478, 1
634418, 3
529444, 3
131660, 3
382346, 3
596696, 3
566377, 3
181635, 3
259243, 3
415219, 3
238405, 3
66738, 3
364656, 2
248635, 3
312911, 3
483389, 3
135984, 3
585782, 3
626320, 3
467020, 3
302662, 3
579180, 3
5950, 3
198313, 3
362844, 3
637375, 3
18922, 3
583167, 3
536874, 3
113648, 3
600841, 3
189635, 3
498497, 3
244338, 3
182906, 3
172272, 3
158862, 3
383442, 3
531903, 3
261256, 3
143919, 3
107769, 3
387962, 3
610323, 3
303778, 3
502071, 3
348253, 2
270928, 3
661492, 3
501758, 3
607671, 3
537619, 3
175250, 3
316026, 3
578459, 3
574201, 3
99689, 3
453391, 3
235320, 3
475073, 3
550849, 3
240205, 3
134685, 3
517821, 3
354665, 3
11052, 3
203071, 3
411117, 3
180266, 3
10378, 3
247379, 3
37167, 3
528463, 3
621227, 3
290529, 3
468018, 3
60667, 3
446519, 3
445020, 3
453907, 3
479118, 3
579413, 3
166430, 3
237925, 3
52864, 3
357996, 3
294007, 3
601922, 3
51149, 3
271366, 3
274142, 3
130979, 1
170601, 3
611643, 3
481061, 3
342447, 3
212098, 3
624031, 3
290134, 3
58926, 3
340105, 3
72354, 3
516856, 3
553773, 3
28600, 3
344684, 3
198510, 3
556080, 3
602887, 3
167, 3
241219, 3
21607, 3
109200, 3
461604, 3
54017, 3
445165, 3
558885, 3
449458, 3
57371, 3
594780, 3
310042, 3
187642, 3
622694, 3
2415, 3
314201, 3
358388, 3
100537, 3
3704, 3
97445, 3
573857, 3
333580, 3
453191, 1
632804, 3
193459, 3
340924, 3
115958, 3
276900, 3
435836, 3
345666, 3
322942, 3
247557, 3
291421, 3
37451, 3
524837, 3
82367, 3
511782, 3
451935, 3
310933, 3
374269, 2
115485, 3
308046, 3
63453, 3
635951, 3
450888, 3
188649, 3
500822, 3
407646, 3
294465, 3
513477, 3
317908, 3
266517, 3
325980, 3
559720, 3
23772, 3
130790, 3
281006, 3
84397, 3
230715, 3
230917, 3
58067, 3
164261, 3
450225, 3
441298, 2
478844, 3
659821, 3
656012, 3
90091, 3
563676, 3
528375, 3
203485, 3
163131, 3
391590, 3
11785, 3
630921, 3
411480, 3
417177, 3
38406, 3
419825, 3
86023, 3
348890, 3
39372, 3
335317, 3
22170, 3
398462, 3
655561, 3
444116, 3
29933, 3
598146, 1
73845, 3
410023, 3
564998, 2
139777, 3
321908, 3
517377, 3
654583, 2
256299, 3
64348, 3
605396, 3
613500, 3
209377, 3
277285, 3
309413, 3
343066, 2
243489, 3
26710, 3
29445, 3
120865, 3
231238, 3
475962, 3
60780, 3
16038, 3
655802, 3
409043, 2
302234, 3
598877, 3
282854, 3
585835, 3
443010, 3
354202, 3
350272, 1
19154, 3
548486, 2
573557, 3
113213, 3
481462, 3
32315, 3
265047, 3
593151, 3
70204, 3
1754, 3
410598, 3
272085, 3
250934, 3
86391, 3
283926, 3
476162, 3
484153, 3
594558, 3
249706, 3
288947, 3
30805, 3
176992, 3
211436, 3
640547, 3
51827, 3
224593, 3
490447, 3
472761, 3
306948, 3
483819, 3
591969, 3
650611, 3
483017, 3
162606, 3
506915, 3
188427, 3
517882, 3
204789, 3
306543, 3
181213, 1
265074, 2
489398, 3
189554, 3
548466, 3
324561, 3
414476, 3
559787, 3
466514, 3
88254, 3
358933, 3
281490, 3
207813, 3
213301, 3
229855, 1
604854, 3
210234, 3
256127, 3
621087, 3
153641, 3
86595, 3
433599, 3
416628, 3
30459, 3
434318, 3
419224, 3
658156, 3
279736, 3
116407, 3
5366, 3
333694, 3
532410, 3
286915, 3
81881, 3
62989, 3
211658, 3
618219, 3
350268, 3
254422, 3
168098, 3
1106, 3
593709, 3
451767, 3
182431, 3
370566, 3
170050, 3
58865, 3
536680, 3
339595, 3
6266, 3
292470, 3
43439, 3
490114, 3
645071, 3
565435, 3
166072, 3
605203, 3
9644, 3
48436, 3
430196, 3
539691, 3
89350, 3
253187, 3
592257, 3
396515, 3
135413, 3
185788, 3
191008, 3
432333, 3
601357, 3
400940, 3
623325, 1
128867, 3
11663, 3
183017, 3
205607, 3
220627, 3
246529, 3
161636, 3
568640, 3
592481, 3
373138, 3
164508, 3
557, 3
209709, 3
164938, 3
478063, 3
175643, 3
263395, 3
521977, 3
356220, 3
55582, 3
87985, 3
62131, 3
313278, 3
534285, 3
434549, 3
581020, 3
401464, 3
558265, 3
429020, 3
664918, 3
71565, 3
162338, 3
118321, 3
572050, 3
203538, 3
332593, 3
170732, 3
506431, 3
104659, 3
239632, 3
644020, 3
284106, 3
26427, 3
18383, 3
556702, 3
601957, 3
532802, 3
506041, 3
64915, 3
381540, 3
579050, 3
68311, 3
536926, 3
528861, 3
267244, 3
429807, 3
295822, 3
552949, 3
231949, 2
5372, 3
638247, 3
441551, 3
424872, 3
13628, 3
150704, 3
2089, 3
418670, 3
83433, 3
4234, 3
665161, 3
368480, 3
311817, 3
409303, 3
613039, 3
39942, 3
87180, 3
357143, 3
590805, 3
374416, 3
227537, 3
293511, 3
657124, 3
531359, 3
336731, 3
540276, 3
271763, 3
377067, 3
142636, 3
146771, 3
50841, 2
221535, 3
377135, 3
209865, 3
620538, 3
17896, 3
467241, 3
212432, 3
558269, 3
658800, 3
330000, 3
215021, 3
192553, 3
202975, 3
501142, 3
269299, 3
654875, 3
352654, 3
137913, 3
492747, 3
367914, 3
275253, 3
73468, 3
588697, 3
596656, 3
319792, 2
551395, 3
438806, 3
433454, 3
547800, 3
541652, 3
265128, 3
313167, 3
469620, 3
651305, 3
71614, 2
644866, 3
516205, 3
642681, 3
84084, 3
450635, 2
136521, 3
2111, 3
31490, 3
276921, 3
632037, 3
265873, 3
75279, 3
521197, 3
49075, 3
617400, 3
405747, 3
132875, 3
141945, 3
137338, 3
442420, 3
181647, 3
484961, 3
568273, 3
336427, 3
524548, 3
625335, 3
297795, 3
504847, 3
558617, 3
399889, 3
216080, 2
325353, 3
352482, 3
522370, 2
519808, 3
664748, 3
594404, 3
557968, 3
327022, 3
325303, 3
591482, 3
329088, 3
181119, 2
218459, 3
375421, 3
535678, 3
415643, 3
199762, 2
494286, 3
88674, 3
148764, 3
165168, 3
23218, 3
52923, 3
195697, 3
27826, 3
624256, 3
649130, 3
321963, 3
49566, 3
394810, 3
204160, 3
596235, 3
555053, 3
279142, 3
575430, 1
628295, 2
345458, 3
626715, 3
513661, 3
286932, 3
285939, 3
134698, 3
289964, 3
273208, 3
468485, 3
374964, 3
435996, 3
507245, 2
271995, 3
166535, 3
424258, 3
142670, 2
19445, 3
519798, 3
629177, 3
393057, 3
130777, 3
261012, 3
502831, 3
286527, 3
630824, 3
537051, 3
328001, 3
501944, 3
70651, 2
10750, 3
472471, 3
195746, 3
453854, 3
233944, 3
583467, 3
189795, 3
466808, 3
164213, 3
43769, 3
183989, 3
41078, 3
153474, 3
203061, 3
541011, 3
262773, 3
479247, 3
358195, 3
142637, 3
159205, 3
22729, 3
92463, 3
487424, 3
76522, 3
346980, 3
9123, 3
373088, 3
321489, 3
520053, 3
477999, 3
186046, 3
531936, 3
146586, 3
282493, 3
78254, 3
298351, 3
534427, 3
527295, 3
343083, 3
560018, 2
191218, 3
346996, 3
230685, 3
201898, 3
457285, 3
423507, 3
455157, 3
181419, 2
77237, 3
374721, 3
123704, 3
415514, 3
654642, 1
495672, 3
644987, 3
296311, 3
506557, 3
399270, 3
228213, 3
353238, 3
187436, 3
193043, 3
637757, 3
519837, 3
594623, 3
509104, 3
480489, 3
256517, 3
511709, 3
257121, 3
36888, 3
265396, 3
193749, 3
565568, 3
271014, 3
324716, 3
10607, 3
215647, 3
643068, 3
664422, 3
232453, 3
105591, 3
13629, 3
477974, 3
369163, 3
389988, 3
462563, 3
353360, 3
504243, 3
433849, 3
126839, 3
633858, 2
658842, 3
211392, 3
177927, 3
533024, 3
483123, 3
542203, 3
29977, 3
506642, 3
504357, 1
662076, 3
539669, 3
540734, 3
503416, 3
438352, 3
166280, 3
575142, 3
128281, 3
577166, 3
213416, 3
545474, 3
301934, 2
245769, 3
307863, 3
186007, 3
640719, 3
110403, 3
457664, 3
567041, 3
352882, 3
279490, 3
611228, 3
492253, 3
566270, 3
28541, 3
371937, 3
455984, 3
328576, 3
581282, 3
58027, 3
362647, 3
445740, 3
510261, 3
164961, 3
443061, 3
533991, 3
347314, 3
558422, 3
268882, 3
50667, 3
502784, 3
218491, 3
293884, 3
327499, 3
292933, 3
636522, 3
14819, 3
179146, 3
341418, 3
648434, 3
413771, 3
171294, 3
139782, 3
532929, 3
639794, 3
142141, 3
364951, 3
660828, 3
550352, 3
152689, 3
564837, 3
349547, 3
169781, 3
354574, 3
29768, 3
414375, 3
590747, 3
219729, 3
325427, 3
465159, 3
313545, 3
130910, 3
58940, 3
664535, 1
209895, 3
460380, 3
234726, 3
664112, 3
426815, 3
134990, 3
545780, 3
601226, 3
128590, 3
611337, 3
154672, 3
620933, 3
9146, 3
603970, 3
19119, 3
385355, 3
663563, 3
145852, 1
450909, 3
274190, 3
236703, 2
408027, 2
367300, 3
550429, 3
227771, 3
277477, 3
217111, 3
67515, 3
461654, 3
48467, 3
440923, 3
624967, 3
554744, 3
162214, 3
320516, 3
136872, 3
524384, 3
180174, 3
262716, 3
185434, 3
568015, 3
647739, 3
352443, 3
519003, 3
155974, 3
220862, 3
150626, 3
254179, 3
624092, 3
560255, 3
601332, 3
26351, 3
179708, 2
128991, 3
414578, 3
79585, 3
253496, 3
98807, 3
299457, 3
605757, 3
108882, 3
645130, 3
364220, 3
447507, 3
509232, 3
653403, 3
130033, 3
441517, 3
141729, 3
33905, 3
133596, 3
333111, 3
173461, 3
296357, 3
222735, 3
426887, 3
397353, 3
434823, 3
220028, 3
201226, 3
105045, 3
393694, 2
284813, 3
250020, 3
601887, 3
485930, 3
350025, 3
529779, 3
379475, 3
553562, 3
606219, 3
20559, 3
128230, 3
109832, 3
591700, 3
212405, 3
64674, 3
87057, 3
400863, 3
516112, 3
364395, 3
517216, 3
48773, 3
398497, 3
166214, 3
277409, 3
393848, 3
604876, 3
218477, 3
84982, 3
180078, 3
150456, 3
320301, 3
278548, 3
27913, 3
126211, 3
335891, 3
402217, 3
206008, 3
445264, 3
217835, 3
562420, 3
34016, 3
491213, 3
100432, 3
197429, 3
428568, 3
129592, 3
240428, 3
645077, 3
394199, 1
631498, 3
152415, 3
205792, 3
96252, 3
110635, 3
226977, 3
219800, 3
610633, 3
516388, 3
82518, 3
101355, 3
466302, 3
163020, 3
455698, 3
502556, 3
185808, 3
172815, 3
73697, 2
127601, 3
250360, 3
155917, 3
131577, 3
548602, 3
477769, 3
545482, 3
325091, 3
392017, 3
447978, 3
272715, 3
149034, 3
462458, 3
189917, 3
492107, 3
348076, 3
522182, 3
231667, 3
482404, 3
418441, 3
619325, 3
258425, 3
251359, 3
157118, 3
324844, 3
140826, 2
397596, 3
233257, 3
376100, 2
426940, 3
426083, 3
176003, 3
144601, 3
55370, 3
394552, 3
555550, 3
470789, 3
380767, 3
481549, 3
209379, 3
640089, 1
536094, 3
606468, 3
172828, 3
287823, 3
537343, 3
170, 3
14717, 3
75181, 3
424381, 3
640693, 3
67762, 3
211672, 3
241997, 3
636295, 1
319035, 3
650244, 3
643837, 3
316562, 3
199864, 3
450261, 3
123787, 2
284177, 3
529307, 3
201997, 3
561328, 3
233436, 3
607014, 3
323052, 2
631343, 3
83961, 3
263197, 3
201113, 3
649398, 3
163791, 3
379128, 3
411127, 3
51215, 3
639296, 3
58002, 3
489551, 3
100962, 3
29922, 3
473586, 3
585911, 2
293578, 3
610735, 3
31745, 3
641714, 3
263093, 3
510560, 3
341332, 3
55843, 3
651226, 3
28812, 3
79130, 3
606687, 3
49433, 2
114862, 3
634654, 3
219874, 3
198680, 3
326914, 3
102543, 3
347957, 2
197049, 2
484725, 3
665124, 3
468898, 3
59205, 3
226167, 3
140015, 3
67003, 3
1056, 3
323242, 3
244583, 3
467022, 3
611898, 3
622497, 3
154303, 3
207518, 3
330887, 3
140340, 3
3243, 3
182727, 3
408093, 3
174699, 3
563222, 3
211222, 3
252455, 3
25553, 3
590224, 3
657779, 3
379065, 3
237930, 3
56676, 2
521701, 3
284338, 3
60547, 3
522439, 3
557500, 3
323034, 3
191010, 3
442413, 3
193629, 3
599893, 3
616561, 3
369852, 3
343386, 3
270110, 3
142844, 3
64756, 3
20215, 3
210729, 3
112610, 3
83223, 3
171815, 3
629396, 3
151825, 3
99540, 3
83445, 3
432345, 3
428850, 3
582492, 3
62505, 3
90652, 3
462995, 3
464633, 3
512260, 3
10486, 3
225703, 3
452383, 3
645401, 3
386681, 3
310463, 3
329406, 3
96517, 3
308348, 2
452838, 1
110482, 3
211484, 3
554476, 3
357053, 3
580434, 3
131617, 3
325684, 3
468019, 3
257488, 3
440311, 3
661629, 3
484471, 3
318909, 3
147123, 3
638664, 3
551620, 3
481618, 3
300367, 3
2411, 3
241874, 3
421966, 3
290770, 3
87363, 3
549811, 3
599089, 3
111618, 3
590294, 3
208148, 3
107790, 3
356017, 3
553753, 3
339537, 3
270714, 3
451980, 3
465020, 3
263636, 2
118743, 3
416174, 3
339172, 3
466527, 3
383501, 3
650433, 3
458113, 3
187864, 3
180541, 2
341829, 3
376231, 3
407390, 3
172092, 3
460415, 3
104572, 3
284973, 3
491579, 3
400044, 3
361365, 3
414848, 3
537787, 3
103772, 3
447123, 3
424261, 3
161519, 3
81226, 3
365419, 3
466381, 3
195924, 3
551160, 3
284947, 3
282811, 3
407934, 3
540557, 3
631247, 3
614909, 2
155957, 3
411720, 3
356533, 3
74333, 3
631417, 3
116866, 3
163779, 3
650604, 3
618881, 3
181986, 3
211952, 3
164650, 3
250624, 3
12165, 3
643969, 3
548862, 3
189706, 3
105831, 3
67569, 3
238442, 3
346118, 3
641555, 3
236249, 3
470503, 3
174755, 3
565344, 3
477593, 3
196541, 3
113556, 3
9732, 2
460039, 3
172706, 3
12223, 3
535132, 3
164064, 3
2026, 3
525935, 3
17120, 3
60164, 2
44499, 3
192889, 3
306195, 3
438618, 3
30406, 3
122965, 3
214591, 3
225494, 3
268436, 3
363479, 2
25285, 3
94792, 3
353962, 3
248191, 3
111603, 3
235987, 2
354615, 3
142398, 3
539973, 3
156342, 3
443418, 3
485520, 3
78115, 3
367849, 3
534986, 3
556805, 3
411073, 3
634189, 3
527957, 3
569431, 3
551558, 3
168795, 3
417383, 3
481362, 3
659493, 3
124545, 3
567995, 3
130531, 3
454882, 3
456716, 3
142889, 3
576508, 3
83415, 3
482613, 3
141208, 3
327196, 3
426916, 2
653127, 3
52568, 3
594923, 3
9905, 3
30912, 3
120895, 2
187786, 1
605753, 3
508985, 3
649645, 3
133013, 3
334531, 3
300625, 3
467194, 3
207881, 3
8594, 3
91397, 3
54531, 3
259827, 3
86546, 3
163362, 3
363038, 3
183354, 3
637947, 3
145507, 3
216913, 3
330703, 3
173338, 3
63904, 3
618808, 3
512101, 3
501653, 3
345042, 3
70225, 3
146481, 3
639332, 3
115751, 3
125457, 3
140982, 3
203390, 3
382603, 3
224321, 3
543223, 3
299696, 3
94649, 3
77826, 3
594361, 3
592469, 3
407125, 3
154087, 3
608231, 3
545323, 3
344690, 3
557086, 3
587334, 3
614718, 3
308201, 3
636323, 3
421118, 3
181148, 3
146642, 3
332228, 3
518294, 3
657846, 3
290506, 3
2947, 3
89227, 3
10411, 3
506761, 3
535581, 1
628748, 3
530630, 3
90117, 3
593244, 3
660542, 2
33199, 3
369799, 3
512949, 3
157535, 3
79510, 3
493950, 3
99577, 3
448850, 3
359639, 3
233549, 3
444787, 3
143900, 3
636831, 3
397512, 3
634174, 2
464531, 3
620724, 3
371510, 3
284637, 3
56946, 3
211974, 3
564283, 2
35073, 3
169780, 3
406123, 3
34050, 3
538962, 3
548351, 3
482017, 3
307141, 3
82479, 3
240443, 3
550304, 3
444233, 2
241651, 3
439152, 3
399534, 3
660076, 3
246165, 3
19530, 3
71084, 3
19345, 3
222350, 3
176144, 3
506758, 3
271347, 3
606192, 3
380744, 3
221346, 3
588038, 3
517128, 3
413484, 3
332987, 3
53739, 3
264893, 3
131439, 3
412515, 3
165118, 3
63123, 3
456905, 3
56501, 3
174616, 3
191561, 3
635863, 3
51809, 3
496828, 3
350893, 3
227890, 3
150789, 3
162757, 3
192050, 3
549827, 3
268635, 3
520497, 3
197221, 3
35417, 3
486521, 3
17732, 3
190903, 3
368974, 3
90928, 3
338479, 3
74994, 2
103663, 3
103745, 3
462512, 3
605340, 3
384002, 3
274925, 3
641752, 3
20225, 3
352062, 3
26794, 3
105880, 3
624347, 3
407480, 3
434568, 3
28330, 3
272524, 3
571120, 3
182921, 3
87026, 3
352674, 3
459425, 3
611514, 3
416499, 3
446281, 3
186400, 3
316332, 3
632745, 3
451031, 3
164278, 3
50976, 3
491777, 3
416647, 3
135862, 3
659415, 1
313261, 3
284125, 3
645437, 1
119589, 3
242221, 3
165143, 3
190532, 3
142605, 3
392552, 3
345232, 3
626399, 3
359399, 3
262360, 3
77690, 3
604862, 3
75905, 3
216163, 3
608734, 3
503698, 3
242492, 3
647083, 3
361752, 3
254750, 3
191430, 3
327009, 3
442697, 3
400346, 3
359902, 3
26380, 3
46967, 3
539112, 3
515828, 3
556009, 3
128870, 2
373004, 3
374992, 3
639719, 3
272001, 3
518586, 3
370956, 3
77211, 3
606978, 3
372748, 3
135377, 3
375707, 3
417054, 3
163119, 3
295534, 3
496295, 3
520857, 3
211440, 3
420770, 3
238591, 3
642981, 3
530927, 3
491444, 3
119412, 3
12503, 3
322073, 2
437111, 3
18374, 3
44539, 3
472105, 3
136666, 3
537144, 3
254201, 3
253912, 3
346873, 3
312245, 3
470012, 3
546918, 3
553533, 3
550456, 3
384092, 3
622088, 3
249463, 3
337950, 3
75065, 3
483661, 3
281362, 3
553154, 3
123197, 3
588840, 3
219092, 3
991, 3
272446, 3
34027, 3
379357, 3
142741, 2
659115, 3
368033, 3
468378, 3
344590, 3
429916, 3
7114, 3
33542, 3
178469, 3
395061, 3
324001, 3
376506, 3
603748, 3
536956, 3
239717, 3
597658, 3
434434, 3
71873, 3
331645, 3
140421, 3
454020, 3
660440, 2
68330, 3
166832, 3
31399, 3
282626, 3
164233, 3
199837, 3
254213, 3
209038, 3
42697, 3
392883, 3
527256, 3
292498, 3
436110, 3
285184, 3
102392, 3
347170, 3
542397, 3
10894, 3
565338, 3
146824, 3
538397, 3
360354, 3
278752, 3
409415, 3
112459, 3
76347, 3
414850, 3
263849, 2
571628, 3
365726, 3
8213, 3
43453, 3
310199, 3
71708, 3
200644, 2
315124, 3
326749, 3
416238, 3
606184, 3
61015, 3
511744, 2
514411, 3
486278, 3
261264, 3
614038, 3
528184, 3
26096, 3
218203, 2
384544, 3
503630, 3
166764, 3
295456, 3
103360, 3
347868, 3
149484, 1
342268, 3
657097, 3
369902, 3
522798, 3
408631, 3
567309, 3
550073, 3
377422, 3
416290, 3
472663, 3
111262, 3
496284, 3
461576, 3
442356, 3
661963, 3
393544, 3
481234, 3
60320, 3
592850, 3
525731, 3
382647, 3
647135, 3
537584, 3
427188, 2
358951, 3
386545, 3
344284, 3
610393, 3
321406, 3
426075, 3
37131, 3
420684, 3
251279, 3
633379, 3
660041, 3
143348, 3
325483, 3
106649, 3
344551, 3
413970, 3
600238, 3
569985, 3
364374, 3
593139, 3
63524, 3
284960, 3
564870, 3
663409, 3
190684, 3
664132, 3
637545, 3
527838, 3
635942, 3
288397, 3
353573, 3
106777, 3
165378, 3
614819, 3
229996, 3
622807, 3
218485, 3
563983, 3
172590, 3
400796, 3
167624, 3
395747, 3
280782, 3
252336, 3
494669, 3
171972, 3
288514, 3
187529, 3
628074, 3
402756, 3
588553, 3
21374, 3
60751, 3
79217, 2
89977, 3
602146, 3
583138, 3
661040, 3
475412, 3
267055, 3
115941, 3
99405, 3
639473, 3
94722, 3
625793, 3
155095, 3
221820, 3
18686, 3
599071, 3
171853, 3
198331, 3
240765, 3
524674, 3
531133, 2
134678, 3
20129, 3
437484, 3
268945, 3
649894, 3
553830, 3
422647, 3
577244, 3
409717, 3
280742, 3
34377, 3
197336, 3
167417, 3
634035, 3
75219, 3
546028, 3
517009, 3
191984, 3
550424, 3
564432, 3
654660, 3
394348, 1
159461, 3
435966, 3
193040, 3
207762, 3
399559, 3
342310, 3
466171, 3
245250, 2
129882, 3
594219, 3
646705, 3
612292, 3
186253, 3
274765, 3
162764, 3
435448, 3
362651, 3
108743, 3
578916, 3
4649, 3
384861, 3
442927, 3
61315, 3
507174, 3
21289, 3
413126, 3
219647, 3
329861, 3
132108, 3
377898, 2
305790, 3
531171, 3
297186, 3
133128, 3
330435, 3
384873, 3
488647, 3
97187, 3
287645, 3
286381, 3
454840, 3
55265, 3
117910, 3
93314, 3
634135, 3
297001, 3
603900, 3
525767, 3
522662, 2
171352, 3
303441, 3
152256, 3
39638, 3
304282, 3
508675, 3
310179, 3
71259, 3
425133, 3
289899, 3
149903, 3
277253, 3
478549, 2
39378, 3
314885, 3
13157, 3
333576, 3
189214, 3
43527, 2
121240, 3
537915, 3
377752, 3
189623, 3
215583, 3
538256, 3
218101, 3
165403, 3
383531, 3
555400, 3
344930, 3
413250, 3
238419, 3
474499, 3
56704, 3
124309, 3
241063, 3
53488, 3
191596, 3
488101, 3
623071, 3
210269, 3
450934, 3
605232, 2
476582, 2
370493, 3
97049, 3
219136, 3
61724, 2
304339, 3
503423, 3
74708, 3
479744, 3
396388, 3
62420, 3
125576, 3
160489, 3
323382, 3
39717, 3
544436, 3
504076, 3
286294, 3
543865, 3
605548, 3
540040, 3
113023, 3
265048, 2
203950, 3
561586, 3
634653, 3
226585, 3
84905, 3
299561, 3
35176, 3
559066, 3
15098, 3
88118, 3
23688, 3
550628, 3
354892, 3
407753, 3
216144, 3
22586, 3
153020, 3
110726, 3
573651, 3
495592, 3
439231, 3
282791, 3
242402, 3
253966, 3
114254, 3
412445, 3
547739, 3
5954, 3
475633, 3
648854, 3
490813, 3
52903, 3
82716, 3
396563, 3
630394, 3
44611, 3
73531, 3
114698, 3
366717, 3
623775, 3
370807, 3
463792, 3
616771, 3
392629, 3
368043, 3
578146, 3
532084, 3
376409, 3
664121, 3
341504, 3
495453, 3
83919, 3
45654, 3
230328, 3
76751, 3
81410, 3
651628, 3
174569, 3
363459, 3
605171, 3
20887, 3
252635, 3
341814, 3
335348, 3
191828, 3
66907, 3
301684, 3
169300, 3
209569, 3
545781, 3
429600, 2
247517, 3
337902, 3
93917, 3
551536, 3
519804, 3
225604, 3
114532, 3
585211, 3
283819, 3
419732, 3
506500, 3
609197, 3
190970, 3
4172, 3
12245, 3
268026, 3
657016, 3
362432, 3
252101, 3
534737, 3
242637, 3
631286, 3
200445, 3
94016, 3
398178, 3
313090, 3
241937, 3
52076, 3
531979, 1
91134, 3
158105, 3
229574, 3
114585, 3
588817, 3
435877, 3
142476, 3
45366, 3
391681, 3
527681, 3
651030, 3
238763, 3
378836, 3
72673, 2
578637, 3
211003, 3
378698, 3
268408, 3
281402, 3
52662, 3
306591, 2
114999, 3
479400, 3
109787, 3
42345, 3
409993, 3
358886, 3
409489, 3
252991, 3
126504, 3
247930, 3
139901, 3
395014, 2
341019, 3
633668, 3
73725, 3
274199, 3
480523, 3
121119, 3
372621, 3
455059, 3
323523, 3
465419, 3
112895, 3
484227, 3
37447, 3
468996, 3
343773, 3
36341, 3
457011, 3
614696, 3
263189, 3
150882, 3
375758, 3
486630, 3
18838, 3
594184, 3
518347, 3
74583, 3
554132, 3
531304, 3
28789, 3
241844, 3
517343, 3
178946, 3
540049, 3
298962, 3
507978, 3
9310, 3
305309, 3
354264, 3
329805, 3
291081, 3
23739, 3
559591, 3
292746, 3
455345, 3
339446, 3
238525, 3
658609, 1
375918, 3
207843, 3
259101, 3
19203, 3
451961, 3
390440, 3
357300, 3
29911, 3
334494, 3
88724, 3
243671, 3
588014, 3
89838, 3
62434, 3
215736, 3
106271, 3
340075, 3
491663, 3
330217, 3
382626, 3
479211, 3
18390, 3
497276, 3
121641, 3
175476, 3
250593, 3
35877, 2
101612, 3
607112, 3
367409, 3
409586, 3
233300, 3
68428, 3
36092, 3
495169, 3
404375, 3
556700, 3
639505, 3
434999, 3
612948, 3
400159, 3
622573, 3
390755, 3
330380, 3
389657, 3
310420, 3
69594, 3
552322, 3
267481, 1
42892, 3
657355, 3
563412, 3
12492, 3
486388, 3
364462, 3
269746, 3
46688, 3
276288, 3
136468, 3
293592, 3
383648, 3
323841, 3
140942, 3
438147, 3
349814, 3
463446, 3
184691, 3
552257, 3
324279, 3
342274, 2
147364, 3
159984, 3
429037, 3
62852, 3
619342, 3
533579, 3
204144, 3
349703, 3
496597, 3
414602, 3
454837, 3
538331, 3
59544, 3
196367, 3
27228, 3
567043, 3
550529, 3
541578, 3
655737, 3
369550, 3
177246, 3
523739, 3
94384, 3
114409, 3
519653, 3
612132, 3
327294, 2
258194, 3
8358, 3
277121, 3
165422, 3
205652, 3
574309, 3
127988, 3
181430, 3
89959, 3
155822, 3
556881, 3
125731, 3
204067, 3
403781, 3
116290, 3
505600, 3
574474, 3
304627, 3
32377, 3
368622, 3
322624, 3
561830, 2
514027, 3
166500, 3
22165, 3
90941, 3
638659, 3
23983, 3
393094, 3
260090, 3
481911, 3
326927, 3
636985, 3
181653, 3
517345, 3
215605, 3
431728, 1
58980, 3
566638, 1
656432, 3
318156, 3
654904, 3
389908, 3
420553, 3
142172, 3
182651, 2
336121, 3
520685, 3
658847, 3
370829, 3
137490, 3
18334, 3
422799, 3
592105, 3
307665, 2
353924, 3
157748, 3
502471, 3
126331, 3
591008, 3
566554, 3
657686, 3
589894, 3
521967, 3
608024, 1
338258, 3
83074, 3
593187, 3
299821, 3
115847, 3
439759, 3
410425, 3
317741, 3
11359, 3
343043, 3
143746, 3
574627, 3
206625, 3
22344, 3
1811, 3
408345, 3
373070, 3
191103, 3
128268, 3
378332, 2
36841, 2
660689, 3
261434, 2
376575, 3
507721, 3
376000, 3
660135, 3
372276, 3
395117, 3
547898, 3
607485, 3
440241, 3
602694, 3
261246, 3
447753, 3
525555, 3
432713, 3
443815, 3
628005, 3
96523, 3
422492, 3
552566, 3
286201, 3
8045, 3
310379, 2
53104, 3
57759, 3
609287, 3
32423, 3
468415, 3
313432, 3
299030, 2
625010, 3
246249, 3
427870, 3
652505, 3
453388, 3
260478, 3
565679, 3
300717, 2
349295, 3
11206, 3
483565, 3
482406, 3
529881, 3
341986, 3
152820, 3
250052, 3
171465, 3
276075, 3
246084, 3
306133, 3
296344, 3
187456, 3
284632, 3
419802, 3
323268, 3
581130, 3
360074, 3
260472, 3
221476, 3
438578, 3
40730, 3
304351, 3
47306, 3
113925, 3
340893, 3
653266, 3
252538, 3
110991, 3
28967, 3
138146, 3
1696, 3
231559, 3
209383, 3
178341, 3
416009, 3
27187, 1
69363, 3
648540, 3
195371, 3
404883, 3
523903, 3
535854, 3
57908, 3
613784, 3
646001, 3
270723, 3
286373, 3
148737, 3
425869, 3
657375, 3
390891, 3
606561, 2
513334, 3
632290, 3
563197, 3
433512, 3
674, 3
404464, 3
99584, 3
499147, 3
214674, 3
411882, 3
138007, 3
71945, 3
494629, 3
46466, 3
268255, 3
230561, 3
285599, 3
457523, 2
522170, 3
588075, 3
307762, 3
402855, 3
651881, 2
587212, 2
4948, 3
209456, 3
407370, 3
78837, 3
579185, 3
505018, 3
10596, 3
88819, 3
26273, 3
634859, 3
260275, 3
507440, 3
477037, 3
496248, 3
325918, 3
232704, 3
213600, 3
2793, 3
42400, 3
246341, 3
369312, 3
134959, 3
254610, 3
462066, 3
513302, 3
357298, 3
164287, 3
140570, 3
27112, 3
31959, 3
444497, 3
493731, 3
478323, 3
479356, 3
427065, 3
252359, 3
272830, 3
434009, 3
83358, 3
473469, 2
267749, 3
174315, 3
240926, 3
27123, 3
155076, 3
349724, 3
2196, 3
96978, 3
487156, 3
638634, 3
581134, 3
239380, 3
588799, 3
103370, 3
635515, 3
630646, 3
384580, 1
447559, 3
156168, 3
600678, 3
366190, 3
405428, 3
457558, 3
643702, 3
260695, 3
398402, 3
363592, 3
507510, 3
47356, 3
656348, 3
654996, 3
145586, 1
15221, 3
473700, 3
280865, 3
656397, 3
477812, 3
211253, 3
559566, 1
352708, 3
65981, 3
408138, 3
598450, 3
420636, 3
607397, 3
204927, 3
320941, 3
413462, 3
628809, 3
526059, 3
142407, 3
224844, 3
299971, 2
661489, 3
201566, 3
266021, 3
536037, 3
443244, 3
453930, 3
511873, 3
389115, 3
516864, 3
58927, 3
363938, 1
252647, 3
399738, 3
494030, 3
24, 3
573229, 3
273913, 3
13546, 3
437854, 3
624719, 3
119710, 3
191543, 3
491395, 3
658862, 3
145490, 3
295220, 3
548987, 3
448526, 3
44334, 3
267289, 3
348205, 3
552380, 3
404633, 3
234298, 3
636122, 3
258516, 3
566548, 3
325024, 3
662160, 3
599249, 3
218369, 3
130716, 3
88079, 3
488423, 3
617721, 3
341232, 2
268577, 3
383562, 3
367835, 3
440363, 3
209645, 3
130862, 3
603556, 3
629679, 3
364073, 3
650990, 3
415869, 3
514055, 3
261785, 2
209356, 3
420113, 3
542527, 3
85140, 3
575167, 3
320544, 3
190687, 3
88672, 3
440048, 3
574311, 3
662446, 3
520792, 3
425274, 3
307381, 3
231537, 3
80192, 3
573284, 3
131974, 3
229435, 2
317807, 3
598670, 3
305920, 3
115137, 3
141360, 2
598438, 3
325404, 3
543017, 3
170551, 3
328781, 3
269866, 3
474515, 3
327991, 3
476172, 3
528747, 2
452013, 3
26102, 3
402795, 3
396098, 3
270462, 3
639718, 3
422587, 3
73314, 3
464376, 3
437162, 3
596763, 1
68981, 3
373469, 3
400656, 3
341721, 3
605021, 3
493587, 3
121872, 3
247449, 3
111890, 3
439892, 3
628879, 3
303739, 3
243904, 3
337318, 3
393230, 3
559040, 3
300554, 3
388677, 3
247246, 3
591110, 3
79487, 3
409865, 3
404496, 3
420797, 3
106524, 3
366505, 3
399778, 3
338210, 3
136779, 3
539774, 3
52876, 3
403681, 3
441870, 3
485812, 3
539039, 3
594637, 3
114236, 3
272877, 3
252379, 3
186617, 3
624684, 3
174241, 3
628421, 3
115584, 3
288767, 3
161492, 3
88870, 3
418524, 3
627119, 3
326468, 3
564316, 3
513073, 3
496695, 3
134785, 3
276214, 3
84129, 3
125952, 3
404708, 3
60526, 3
353060, 3
652916, 3
155948, 3
314588, 3
28824, 3
105129, 2
519120, 3
375830, 3
124653, 3
112160, 3
629162, 3
385579, 3
566325, 3
50946, 3
281807, 3
489824, 3
476166, 3
507512, 3
188987, 3
607854, 3
95387, 3
418292, 3
333855, 3
219382, 3
441488, 3
95689, 3
150416, 3
617656, 3
594645, 3
486540, 3
10423, 3
580331, 3
140747, 3
506215, 3
294297, 3
29233, 3
648554, 3
608213, 3
75400, 3
568811, 3
611584, 3
560527, 3
572566, 3
522751, 1
284361, 3
393111, 3
534293, 3
340464, 3
21899, 3
603429, 3
112318, 3
369034, 1
460408, 3
107630, 3
610919, 3
236479, 3
566480, 3
106454, 3
171137, 3
419463, 3
263758, 3
615635, 3
219816, 3
570685, 3
483258, 3
27812, 3
128784, 2
69273, 3
318944, 3
225198, 3
612328, 3
58042, 3
298770, 2
479046, 3
588349, 3
206456, 3
616542, 3
66213, 3
215012, 3
634259, 3
95815, 3
42157, 3
153570, 3
102535, 3
484751, 3
40974, 3
74057, 3
226041, 3
471494, 3
198301, 3
156609, 3
405495, 3
408334, 3
614067, 3
461637, 3
259840, 3
170777, 3
136209, 3
556636, 3
177157, 3
653318, 3
568487, 3
100457, 3
90228, 3
188682, 3
304856, 3
567866, 3
313834, 3
613908, 3
94259, 3
148297, 3
494099, 3
66934, 3
373286, 2
617764, 3
203188, 3
489757, 3
8874, 3
88133, 3
544008, 3
124952, 3
653692, 3
447345, 3
66033, 3
95211, 3
198696, 3
423912, 3
542727, 3
532139, 3
522354, 3
41816, 3
648715, 3
501419, 3
603331, 3
114752, 3
496777, 3
315448, 3
241996, 3
593266, 3
392765, 3
436709, 3
249226, 3
266211, 3
204618, 3
378538, 3
475884, 3
625307, 3
393559, 3
610615, 3
383029, 3
426368, 3
175578, 3
412676, 3
575661, 3
311002, 3
379636, 3
492573, 3
248188, 3
266904, 1
232436, 3
270416, 3
528049, 3
329764, 3
601629, 3
351807, 3
192112, 2
101329, 3
201565, 3
389989, 3
204947, 3
638173, 3
91949, 3
174760, 3
316607, 3
458095, 3
355673, 3
109062, 3
390652, 3
639409, 3
244498, 3
236582, 3
187126, 3
419033, 3
428377, 3
496704, 3
84855, 3
499517, 3
539119, 3
506494, 3
267271, 3
524120, 3
312504, 1
517797, 3
367549, 3
566884, 3
556108, 3
572719, 3
271113, 3
85126, 1
524846, 3
507754, 3
183456, 1
531722, 3
474409, 3
438769, 3
28963, 1
139837, 2
417083, 3
550582, 3
617216, 3
614452, 3
606667, 3
33771, 3
658189, 3
443045, 3
454376, 3
456184, 3
365624, 3
84008, 3
199178, 3
224960, 3
434449, 3
30524, 3
663071, 3
555145, 3
271089, 3
223604, 3
432382, 3
106189, 3
238553, 3
419662, 3
348002, 3
141952, 3
248481, 3
647576, 3
543015, 3
520711, 1
156004, 3
492193, 3
95883, 3
44015, 3
78916, 3
380068, 3
317984, 3
382915, 3
163458, 3
26658, 3
151227, 3
233626, 3
127017, 2
157281, 3
145434, 3
68871, 3
429423, 3
642160, 3
502150, 3
214779, 3
658, 3
245785, 3
438805, 3
131007, 3
88837, 3
447173, 3
624285, 3
596628, 3
113957, 3
536128, 3
241468, 3
541935, 3
193624, 3
205131, 3
202866, 3
221614, 3
2762, 3
386672, 3
249162, 3
106071, 3
266247, 3
316603, 3
458238, 3
284302, 3
253804, 3
87539, 3
399315, 3
79229, 3
492263, 3
457047, 3
567871, 3
355875, 3
393244, 3
17706, 3
653008, 3
622963, 3
173812, 3
364678, 3
271742, 3
68789, 3
637685, 3
53033, 3
206874, 3
140740, 2
581435, 3
344544, 3
551925, 3
542712, 3
331181, 3
195711, 3
141169, 3
421924, 3
649378, 3
56905, 3
528012, 3
6072, 3
331753, 3
603848, 3
274927, 3
590040, 3
207806, 3
621032, 3
433496, 3
521721, 3
22801, 3
649906, 3
406155, 3
227459, 3
590239, 3
173445, 3
537810, 3
601600, 3
481320, 3
165435, 3
608285, 3
462986, 3
32956, 3
379476, 3
191301, 3
69428, 3
272929, 3
121504, 3
269737, 3
28218, 3
12542, 3
591725, 3
555715, 3
83647, 3
457907, 3
427639, 3
514956, 3
445513, 3
339748, 3
554465, 3
661393, 3
167324, 3
657465, 3
641439, 3
339376, 3
176222, 3
143848, 3
16210, 3
538664, 3
623411, 3
651400, 3
96919, 3
79318, 3
377483, 3
636693, 3
341070, 3
562660, 3
395448, 3
623110, 3
360112, 3
616539, 3
7433, 3
654601, 3
83108, 1
568996, 3
464476, 1
631144, 3
271231, 3
213667, 3
374006, 3
124170, 3
233659, 3
457499, 3
170196, 3
105637, 3
576047, 3
534475, 3
510496, 3
78152, 3
648193, 3
429358, 3
72124, 3
657543, 3
299091, 3
283604, 3
621907, 3
368078, 3
6924, 3
502151, 3
38915, 3
606973, 3
65471, 3
25508, 3
545608, 3
168664, 3
194000, 3
348724, 3
414854, 3
272627, 3
64138, 3
639177, 3
308873, 3
486425, 3
233341, 3
174048, 3
364988, 3
128420, 3
538134, 3
200997, 3
25831, 3
454760, 3
314940, 3
203015, 3
173355, 3
291661, 3
455695, 3
412711, 3
334546, 3
574623, 3
434223, 3
330123, 3
177779, 3
487745, 2
87352, 3
601650, 3
159842, 3
195954, 3
231969, 3
131815, 3
404419, 3
154954, 3
319736, 3
400282, 3
432724, 3
359415, 3
438608, 1
256621, 1
406641, 3
18079, 3
387670, 2
472048, 3
653779, 3
521201, 3
264900, 3
321525, 3
102257, 3
441361, 3
310185, 3
187808, 3
448126, 3
196490, 3
376414, 3
657685, 3
533746, 3
19799, 3
617313, 3
81177, 3
243954, 3
309619, 3
237595, 3
486554, 3
20646, 3
119207, 3
481779, 3
270917, 3
136780, 3
546448, 3
214111, 3
221207, 3
396785, 3
320142, 3
466367, 3
268907, 3
39076, 3
574068, 3
34908, 3
269414, 3
70030, 3
72687, 3
189025, 3
551762, 3
23231, 3
277427, 3
190194, 3
363864, 3
554976, 3
163239, 3
3395, 3
645161, 3
35830, 3
357513, 3
94991, 3
422319, 3
135809, 3
59387, 3
197765, 1
265601, 3
137806, 3
220757, 3
134632, 3
550911, 3
253268, 3
526814, 3
386087, 3
408598, 3
539801, 3
623649, 3
338243, 3
588161, 3
381316, 3
35909, 3
103875, 3
347709, 3
646304, 3
259218, 3
541170, 3
620646, 3
649708, 3
123559, 3
264845, 3
64586, 3
302959, 3
429488, 3
230257, 3
218032, 2
254405, 3
166883, 3
87467, 3
389934, 3
34473, 3
42380, 3
64382, 3
31194, 3
617598, 3
34970, 3
588419, 3
355854, 3
370395, 3
123753, 3
229490, 3
344573, 3
499849, 3
210405, 3
447068, 3
303789, 3
616215, 3
440007, 3
26940, 3
443675, 3
633267, 3
85829, 3
339280, 3
125323, 3
42317, 3
173834, 3
238130, 3
531227, 3
619630, 3
237552, 3
329981, 3
32762, 2
242352, 3
659366, 3
94809, 3
120114, 3
26939, 3
78906, 3
565793, 3
280411, 3
555308, 3
400837, 3
609449, 3
611026, 3
73926, 3
97587, 3
507843, 1
61783, 3
39233, 3
193517, 3
579222, 3
486575, 1
519839, 3
147167, 3
56173, 3
651517, 2
296338, 3
314909, 3
459355, 3
192220, 3
28232, 3
612990, 3
93798, 3
204183, 3
310072, 3
332244, 3
112983, 3
560129, 3
337569, 3
77092, 3
492439, 3
432939, 3
65692, 3
7451, 3
265671, 3
173977, 3
648348, 3
448785, 3
510947, 3
536585, 3
216542, 3
128546, 3
354681, 3
630821, 3
343233, 1
379328, 2
185962, 3
527610, 3
422633, 3
305461, 3
201663, 1
45851, 3
268866, 3
403664, 3
76575, 3
128208, 3
625230, 3
29810, 3
338140, 3
186542, 3
495204, 3
651768, 3
224559, 3
110116, 3
482340, 3
82585, 2
384555, 3
46394, 3
319891, 3
493416, 3
563429, 3
186538, 3
475346, 3
615538, 3
4609, 3
299147, 3
322307, 1
219488, 3
257475, 2
634886, 3
605117, 3
50607, 3
617951, 3
85461, 3
453086, 1
57105, 1
520320, 3
387652, 3
91094, 3
453631, 3
132903, 3
370359, 3
234879, 3
11340, 3
475263, 3
171360, 3
622876, 3
628036, 3
84940, 3
229551, 3
363553, 3
225513, 3
185432, 3
405823, 3
391443, 3
199839, 3
329680, 3
161902, 3
543988, 3
215859, 1
341526, 3
385702, 3
626158, 3
402070, 3
608697, 3
158030, 1
488270, 3
637341, 3
315180, 3
481225, 3
41334, 1
478982, 3
609757, 3
588254, 2
300283, 3
398651, 3
373250, 3
645217, 3
377719, 3
95563, 3
330293, 3
337484, 3
266002, 3
40999, 3
375985, 3
643178, 3
146469, 3
514089, 3
544058, 3
485174, 3
400473, 3
292586, 3
145817, 2
595445, 3
435197, 3
148152, 3
409011, 3
114176, 3
49023, 3
522810, 3
491393, 3
8534, 3
636350, 3
639689, 3
198995, 1
380008, 3
604461, 3
61993, 2
664897, 1
310703, 3
459843, 3
273702, 3
92673, 3
412407, 3
660713, 3
434564, 3
249359, 3
45971, 3
505921, 3
454372, 3
420673, 3
295372, 3
22770, 3
320275, 3
277016, 3
103955, 3
404622, 3
660836, 3
109645, 3
374733, 3
656209, 3
442202, 3
27142, 3
542578, 3
144816, 3
414336, 3
16262, 3
581534, 3
484253, 3
285571, 3
552230, 3
137914, 2
24893, 3
438001, 3
258494, 3
399706, 3
293683, 3
478966, 3
229313, 3
333041, 3
454009, 3
632786, 3
300112, 3
12880, 3
426089, 3
45363, 3
398239, 3
294055, 3
419809, 3
484879, 3
470189, 3
497249, 3
661157, 3
25037, 3
84933, 3
189540, 3
458130, 3
618653, 3
212443, 3
231209, 3
568730, 3
551715, 3
610250, 3
521415, 2
560992, 3
385735, 3
266364, 3
165881, 3
523191, 3
15137, 3
100331, 3
292153, 3
24477, 3
400600, 3
110419, 3
535919, 3
116192, 3
441581, 3
542459, 3
492473, 3
601780, 3
14478, 3
120785, 3
167444, 3
79461, 3
84904, 3
148966, 3
394261, 3
623841, 3
168644, 3
10889, 3
240680, 3
98506, 3
74978, 3
571068, 3
609787, 3
504533, 3
659298, 3
157545, 3
206104, 3
470152, 3
52313, 3
470903, 3
91345, 3
182579, 3
542885, 3
588544, 3
47677, 3
254565, 2
121703, 2
592630, 3
217985, 3
416639, 3
215098, 3
112815, 3
485839, 3
154330, 3
203038, 1
375026, 3
242890, 3
151799, 3
52807, 3
121833, 3
67111, 3
117334, 3
441311, 3
650918, 3
254292, 3
94010, 3
442189, 3
90824, 3
631107, 3
535502, 3
598168, 3
284063, 3
475969, 3
190856, 3
251143, 3
154830, 3
489314, 3
343906, 3
454421, 3
297250, 3
167698, 3
150982, 1
369171, 3
405324, 3
499168, 3
25396, 3
244207, 3
172376, 3
76391, 3
202088, 3
33044, 3
287305, 3
491667, 3
430173, 3
383000, 3
13889, 3
31518, 3
282007, 3
613852, 3
90466, 3
587317, 1
230115, 3
281015, 3
545711, 3
529417, 1
658194, 3
638391, 3
256276, 3
586629, 3
586017, 3
611727, 3
287961, 3
401527, 3
556503, 3
16300, 3
614812, 3
354104, 3
292720, 3
377323, 3
366844, 3
156245, 3
205612, 3
234103, 3
420610, 3
105342, 3
134579, 3
588793, 3
654217, 3
157812, 3
81166, 3
378474, 3
522268, 3
560314, 3
446017, 3
72566, 3
266916, 3
517641, 3
570479, 3
7232, 3
22246, 3
313186, 3
433490, 3
495042, 3
251048, 2
323782, 3
656949, 3
188164, 2
14139, 3
598880, 3
142027, 3
628436, 3
544646, 3
484630, 3
167730, 3
8118, 3
560666, 3
207710, 3
546175, 3
531883, 3
624327, 3
379285, 3
238054, 2
566612, 3
280827, 3
507078, 3
162410, 3
275118, 3
39325, 3
411030, 3
328782, 3
539081, 3
651953, 3
193228, 3
194882, 3
348689, 3
481856, 3
446294, 3
259162, 3
407092, 3
521965, 3
32707, 3
445578, 3
266492, 3
589853, 3
71706, 3
282419, 3
457941, 3
658099, 3
24623, 3
131465, 3
16501, 3
625687, 3
603056, 3
332640, 3
279178, 3
76199, 3
559562, 3
293837, 3
460858, 3
432800, 3
428219, 3
335479, 3
88642, 3
461067, 3
573885, 3
526676, 3
621399, 3
534005, 3
322049, 3
531, 3
173202, 3
262835, 3
654246, 3
217286, 3
529143, 3
55839, 3
393750, 3
464750, 3
305118, 3
158169, 3
199106, 3
302710, 3
627229, 3
106186, 3
132103, 3
130360, 3
557895, 3
16000, 3
515063, 3
407408, 3
414916, 3
293855, 3
54768, 3
452966, 3
327714, 3
127926, 3
180419, 3
363385, 3
632653, 3
474558, 3
404167, 3
62807, 3
164416, 3
343279, 3
542424, 3
486993, 3
326458, 3
221071, 3
607925, 3
652699, 3
482461, 3
440096, 3
169850, 3
536770, 3
514261, 3
89951, 3
565922, 3
438554, 3
66254, 3
617377, 3
24092, 3
407144, 3
346309, 3
615452, 3
98979, 3
379073, 3
526741, 3
21809, 3
297648, 3
592505, 3
87642, 3
211446, 3
608848, 1
70730, 3
361074, 3
604996, 3
14578, 3
579526, 3
636072, 3
156908, 3
95626, 3
461905, 3
437742, 3
171953, 3
153154, 2
292505, 3
466500, 3
569546, 3
23788, 3
496859, 3
398880, 3
394666, 3
510341, 3
254032, 3
16839, 3
216051, 3
371700, 3
295992, 2
132255, 3
659062, 3
77911, 3
170106, 3
496611, 3
365748, 3
222049, 3
579044, 3
153908, 3
660274, 3
552904, 3
68390, 3
36875, 3
243044, 3
323827, 3
23620, 3
469057, 3
310951, 3
266079, 2
606725, 2
501149, 3
416642, 3
380604, 3
413292, 3
278071, 3
469958, 1
43897, 3
251599, 3
162951, 3
604859, 3
405328, 3
287230, 3
83666, 3
637456, 3
95344, 3
199118, 3
145645, 3
664175, 3
400345, 3
334942, 2
342425, 3
97107, 3
349283, 3
200439, 3
389549, 3
296833, 2
196810, 3
82082, 3
84794, 3
645838, 3
209555, 3
385174, 3
354014, 3
174690, 3
169590, 3
604165, 2
293504, 3
567007, 3
456895, 3
525411, 3
640433, 3
525607, 3
20397, 3
387912, 3
528371, 3
508920, 3
313944, 3
516783, 3
106602, 3
204958, 2
22296, 3
553996, 3
210031, 3
342491, 3
204363, 3
646827, 3
532399, 3
292559, 3
258504, 3
18427, 3
323327, 3
527911, 3
172911, 3
14671, 3
396326, 3
111854, 3
85721, 3
577935, 3
35365, 3
603720, 3
345016, 3
556599, 3
136288, 3
314975, 3
647856, 3
513901, 3
380866, 3
489217, 3
493930, 3
269687, 3
201162, 3
183441, 3
190874, 3
468794, 3
36157, 3
154417, 3
278961, 3
4210, 3
130298, 3
163108, 3
36142, 3
488387, 3
69700, 3
211564, 3
437885, 3
199624, 2
250787, 1
527629, 3
300299, 3
379726, 3
378740, 3
483550, 3
178798, 3
371384, 3
305, 3
575005, 3
497323, 1
278277, 3
347880, 3
623229, 3
403477, 3
318703, 3
419378, 3
349338, 3
134515, 3
350803, 3
245663, 3
561405, 3
497665, 3
268789, 3
299845, 3
285433, 3
167741, 3
182601, 2
338494, 3
604643, 1
60360, 3
393119, 2
313119, 3
131654, 3
238040, 3
216479, 3
149581, 3
486142, 3
60656, 2
225529, 3
326740, 3
214599, 3
19677, 3
123967, 3
591241, 3
323586, 3
310383, 3
131860, 3
568983, 3
159134, 3
199110, 3
3578, 3
174365, 3
306563, 3
107118, 3
355822, 3
160779, 3
356776, 3
224152, 3
268485, 3
77810, 2
92737, 3
306775, 3
477410, 3
555106, 3
616165, 3
334260, 3
392890, 3
253372, 3
105916, 3
231561, 3
654613, 3
287589, 3
389295, 3
406729, 3
121781, 3
525588, 2
37052, 3
453549, 3
229725, 3
528137, 3
426696, 3
330270, 3
11544, 3
646884, 3
40148, 3
186915, 3
466468, 3
225936, 3
309407, 3
663392, 3
299997, 3
5567, 3
116876, 3
309533, 3
316693, 3
527310, 3
126642, 3
594394, 3
407478, 3
40848, 2
281382, 3
496488, 3
586239, 3
155693, 3
236910, 3
432764, 3
281811, 3
175071, 3
480874, 3
203886, 3
323704, 3
25771, 3
241599, 3
67630, 3
536775, 3
606533, 3
376096, 3
245960, 3
643029, 3
517171, 1
247242, 3
197412, 1
498624, 3
205105, 3
306106, 3
385347, 3
20416, 3
577814, 3
144043, 3
355629, 3
585215, 2
497036, 3
466327, 3
483634, 3
379296, 3
86764, 3
309452, 3
384849, 3
538544, 3
92581, 3
220324, 3
59587, 3
231893, 3
538619, 3
495747, 3
112969, 3
445655, 3
332029, 3
513898, 3
459006, 3
353251, 3
577737, 3
501750, 3
247444, 3
505550, 3
403198, 3
223660, 3
647299, 3
114802, 3
490959, 3
284586, 3
547466, 3
234552, 3
257734, 3
628562, 3
83387, 3
419059, 3
261412, 3
251564, 3
127936, 3
147966, 3
534358, 3
119373, 3
86950, 3
516421, 3
409714, 3
374221, 3
492020, 3
578827, 3
648695, 3
267123, 3
58903, 3
227869, 3
517806, 3
661898, 3
81533, 3
271521, 3
422188, 3
485402, 3
70813, 3
527609, 3
26543, 3
546186, 3
140310, 3
527394, 3
38330, 3
559868, 3
246272, 3
423065, 3
167545, 3
556661, 2
90972, 3
541671, 3
533504, 3
440158, 3
555408, 3
298804, 3
290252, 3
384179, 3
301997, 3
506851, 3
250070, 3
364558, 3
106584, 3
342964, 3
471861, 3
337017, 3
209452, 3
661438, 2
251218, 3
326808, 3
283544, 3
628272, 3
567021, 3
213257, 3
209371, 3
477856, 3
378221, 2
326215, 3
279459, 3
653143, 3
169929, 3
379730, 3
503309, 3
216842, 3
300161, 3
534110, 3
451630, 1
608390, 3
214093, 3
336474, 3
621139, 3
235859, 3
519051, 2
427710, 3
50312, 3
609742, 3
542470, 3
627974, 3
578079, 3
405285, 3
140244, 3
412242, 3
631771, 3
416375, 3
402312, 2
540490, 3
462169, 3
430498, 3
172784, 3
155206, 3
51593, 3
653389, 3
420606, 3
222280, 3
624095, 3
239217, 3
125160, 3
424845, 3
286092, 3
320077, 3
429829, 2
157902, 3
322823, 2
290097, 3
234345, 3
660603, 3
31947, 3
246994, 3
57242, 3
25864, 3
331019, 3
371337, 3
107690, 3
461407, 3
544269, 3
237643, 3
312183, 3
279998, 3
595561, 3
83953, 3
502262, 2
504301, 3
192725, 3
501012, 3
425689, 3
239245, 3
2, 3
355018, 3
150824, 3
580339, 3
412293, 3
281908, 3
210238, 2
351149, 3
215603, 3
646655, 3
452159, 3
520825, 3
204327, 3
566712, 3
1937, 3
327177, 3
5518, 3
322662, 3
509861, 3
623460, 3
82056, 3
573984, 3
132356, 3
495158, 3
250571, 2
145087, 3
271373, 3
12059, 3
400088, 3
481736, 1
392820, 3
314970, 3
539210, 3
345195, 3
147408, 3
65994, 3
613972, 3
270720, 3
272532, 3
594265, 3
310363, 3
643730, 3
333868, 3
646679, 3
299353, 3
650967, 3
378645, 3
585987, 3
111561, 3
320970, 3
455554, 3
26060, 3
309072, 3
3511, 3
443322, 3
579298, 3
227560, 3
393787, 3
187054, 3
497994, 3
454874, 3
103228, 3
334768, 3
464614, 3
355674, 3
44751, 3
413560, 3
277395, 3
457974, 1
148411, 3
81665, 3
153092, 3
256933, 3
510251, 3
655108, 2
362711, 3
259554, 3
279241, 3
636689, 3
449117, 3
403237, 3
270401, 3
573998, 3
204723, 3
664529, 2
636804, 3
395360, 3
350305, 3
300541, 3
42620, 3
566825, 3
51381, 3
253808, 3
282834, 3
208446, 3
50940, 3
299429, 3
567290, 3
569954, 3
126887, 3
103557, 3
486155, 3
517055, 3
419596, 3
59273, 3
538320, 3
159276, 3
186714, 3
439303, 3
134167, 3
14323, 3
41553, 3
363278, 3
141357, 3
302182, 3
135828, 3
465053, 3
424400, 3
624021, 3
479628, 3
208572, 3
12886, 3
87784, 3
230636, 3
643625, 3
549761, 3
373127, 3
309946, 3
145345, 3
28345, 3
508698, 3
232517, 3
377779, 3
299990, 3
348729, 3
41145, 3
597515, 3
2973, 3
658526, 3
64749, 3
178840, 3
59115, 3
451681, 3
444559, 3
598106, 3
61294, 3
124806, 3
654821, 3
86990, 3
69724, 3
621020, 3
185189, 3
637755, 3
426021, 3
131556, 3
82712, 3
226857, 2
581218, 3
636708, 3
49936, 3
46469, 3
546173, 3
521685, 3
303813, 3
443996, 3
212446, 3
400146, 3
237990, 3
146899, 1
272260, 3
468732, 3
587717, 3
320677, 3
617505, 3
391558, 3
193474, 3
289249, 3
566313, 3
216253, 3
363440, 3
128444, 3
167075, 3
564443, 3
559652, 3
115999, 3
118661, 3
40166, 3
422170, 3
449548, 3
265384, 3
416527, 3
287175, 3
140535, 3
42079, 3
515190, 3
537011, 3
261324, 3
334272, 3
49986, 3
135437, 3
597550, 3
527745, 3
132095, 3
585959, 3
386095, 3
190254, 2
390427, 3
46275, 3
438789, 3
158288, 3
594553, 3
656270, 3
154133, 3
477966, 3
78264, 3
335791, 3
488768, 3
630389, 3
485374, 3
606155, 3
369675, 3
339578, 3
613110, 3
354679, 3
289979, 3
254541, 3
432650, 3
225795, 3
648091, 3
234536, 3
129629, 3
344339, 3
319308, 3
205568, 3
157675, 3
630786, 3
221512, 3
129594, 3
443727, 3
279076, 3
432204, 3
114583, 3
372515, 3
340251, 3
239180, 3
248118, 3
624941, 3
657390, 2
482738, 3
454130, 3
119173, 3
146736, 3
419466, 3
427410, 3
420493, 3
233393, 3
391876, 3
183360, 3
434991, 3
594906, 3
480776, 3
490471, 3
563859, 3
661992, 3
98885, 3
377637, 3
272208, 3
239353, 3
327600, 3
40760, 3
639125, 3
476421, 3
120317, 3
69170, 3
502349, 3
339791, 3
279865, 3
471930, 3
404926, 3
144358, 3
412507, 3
305012, 3
436205, 3
556195, 3
25021, 3
64058, 3
192066, 1
598703, 3
47413, 3
455215, 3
182536, 3
93830, 3
63513, 3
598949, 3
179626, 3
592284, 3
220755, 3
135035, 3
444039, 3
231940, 3
513430, 3
297465, 3
485433, 3
124594, 3
616837, 3
75308, 3
523001, 3
432115, 3
329441, 3
507398, 3
543040, 3
465314, 3
91012, 2
469833, 3
4123, 3
277014, 3
481859, 3
640084, 3
591341, 3
291055, 3
400634, 3
395186, 3
659210, 3
232607, 3
393892, 3
558973, 3
341834, 3
506, 3
392477, 3
518039, 3
317652, 2
314239, 3
488159, 3
482313, 3
633663, 3
157880, 3
427925, 3
204084, 3
274618, 3
375747, 1
329858, 3
109914, 3
546418, 3
459199, 3
215180, 3
126120, 3
65026, 3
284040, 3
432314, 3
26172, 3
281303, 3
229202, 3
25136, 3
143769, 3
419178, 3
197778, 3
38683, 3
462677, 3
250813, 3
336482, 3
94477, 3
573264, 3
141750, 3
33212, 3
532016, 3
341588, 3
347978, 3
372874, 3
638428, 3
516337, 3
617972, 3
551101, 3
592745, 3
89408, 3
475111, 3
611914, 2
34105, 3
622063, 3
214956, 3
652376, 3
11404, 3
234816, 3
34822, 3
605257, 3
406457, 3
208593, 3
447768, 3
208280, 3
422857, 3
329166, 3
445739, 3
432022, 3
52069, 3
11844, 3
178489, 3
615625, 3
652535, 3
641223, 3
76571, 1
132441, 3
36818, 3
98692, 3
130886, 3
222937, 3
403333, 3
282476, 3
204742, 3
343001, 3
26297, 3
42365, 3
46020, 3
2703, 3
344754, 3
395101, 3
640427, 3
654029, 3
138536, 3
49034, 3
37370, 3
582704, 2
157759, 3
139600, 3
521018, 3
59994, 3
35200, 3
146936, 3
106955, 3
222642, 3
551382, 3
69575, 3
582180, 3
305261, 3
506843, 3
423290, 3
570747, 3
186361, 3
171697, 3
231441, 3
330338, 3
499576, 3
660341, 3
514236, 3
420073, 3
198855, 3
410180, 3
85691, 3
192178, 3
650251, 3
318665, 3
341286, 3
563737, 3
215201, 3
515284, 3
147807, 3
342163, 3
467948, 3
372547, 3
192890, 3
340656, 3
369816, 3
76753, 3
52622, 3
426292, 3
520688, 3
91540, 3
433590, 3
128377, 3
411833, 3
353229, 3
301899, 3
579286, 3
382359, 3
250416, 3
450807, 3
253459, 3
629200, 3
617019, 3
312243, 3
228894, 3
414213, 3
170000, 3
304338, 3
85523, 3
641361, 3
137975, 3
533470, 3
237793, 3
594531, 3
283893, 3
398424, 3
24709, 3
453675, 2
491309, 3
487697, 3
619804, 3
647161, 3
222854, 3
321331, 3
312, 3
70617, 3
282475, 3
127665, 3
89415, 3
407329, 3
440295, 3
488032, 3
470232, 3
26174, 3
634487, 3
220136, 3
12491, 3
16955, 3
138130, 3
352550, 3
201980, 3
595871, 3
144617, 3
91380, 3
303825, 3
440586, 3
99829, 3
459899, 3
157015, 3
497707, 3
357491, 3
109089, 3
35770, 3
252871, 3
586018, 3
641477, 3
137937, 3
625327, 3
332847, 3
178045, 3
96893, 3
117647, 3
440519, 3
408720, 3
293779, 3
78539, 3
488922, 3
55962, 3
126592, 3
155, 3
147252, 3
663740, 3
211750, 1
191553, 3
387000, 3
161206, 3
299557, 3
137788, 3
366481, 3
157591, 3
192539, 2
480541, 3
558163, 3
583519, 3
401448, 3
553933, 3
588867, 3
604638, 3
610301, 3
342834, 3
456870, 3
48535, 3
519074, 3
326725, 3
501612, 3
68320, 3
147210, 3
310203, 3
172499, 3
335276, 3
183969, 3
324687, 3
243664, 3
549092, 3
177136, 3
558242, 3
643926, 3
637314, 3
15058, 3
430467, 3
215692, 3
214885, 3
451458, 3
332412, 3
461059, 3
26665, 3
628477, 3
261986, 3
477103, 3
248528, 3
272312, 3
283361, 3
327543, 3
633395, 3
252784, 3
128883, 3
140889, 2
266992, 2
526583, 3
22679, 3
240086, 3
201332, 3
609162, 3
16485, 3
609532, 3
346025, 3
392198, 3
125825, 3
205267, 3
247570, 3
107531, 3
146013, 3
484414, 3
252252, 3
505493, 3
346969, 3
185376, 3
646673, 3
114732, 3
631057, 3
575976, 3
253745, 3
4357, 3
351171, 3
396045, 3
350729, 3
348374, 3
441097, 3
70898, 3
70986, 3
403607, 3
343224, 3
40787, 3
289848, 3
343375, 3
140580, 3
451295, 3
242612, 3
79402, 3
363975, 3
415666, 3
59952, 2
442981, 3
274661, 3
389394, 3
322509, 3
419702, 3
109928, 3
580574, 3
554069, 3
40357, 3
427981, 3
530769, 3
24377, 3
114693, 3
611496, 3
564680, 3
604604, 3
328158, 3
589587, 3
485582, 3
8405, 3
399289, 3
570079, 3
581476, 3
311043, 3
366716, 3
110425, 3
277563, 3
86408, 3
41427, 3
493110, 3
256214, 3
448654, 3
373321, 3
113418, 3
503828, 3
130013, 3
522503, 3
156417, 3
315162, 3
171458, 3
279041, 3
612379, 3
540738, 3
434859, 3
84140, 3
546975, 3
191754, 3
616496, 3
397258, 3
431449, 3
207982, 3
260728, 3
537540, 3
657182, 3
196276, 1
467109, 3
395023, 3
430429, 3
463472, 3
98424, 3
129018, 3
228969, 3
595685, 3
576041, 3
63078, 3
93, 3
381611, 3
195391, 3
232282, 3
532547, 3
29454, 3
484832, 3
340517, 3
147082, 3
128732, 3
275410, 3
165061, 3
531994, 3
95850, 3
242585, 3
474005, 3
326321, 3
240362, 3
122574, 3
169405, 3
45695, 3
401261, 3
299620, 3
5388, 3
183405, 3
212006, 3
52236, 3
249760, 3
5820, 3
438958, 3
532684, 3
90084, 3
590185, 3
117170, 3
233743, 3
56354, 3
186630, 3
100878, 3
357022, 3
146442, 3
77746, 3
566524, 3
5726, 3
382807, 3
210943, 3
360349, 3
653961, 3
547467, 3
203363, 3
160690, 3
598747, 3
182274, 3
265493, 3
534070, 3
312600, 3
457087, 3
206013, 3
511952, 3
163191, 3
321845, 3
465892, 3
348687, 3
173583, 3
130103, 3
641202, 3
116105, 3
311129, 3
650909, 3
513874, 3
41642, 3
5066, 3
469943, 3
143569, 3
249019, 3
310119, 3
370483, 3
367982, 3
521366, 3
654452, 3
205303, 3
616237, 3
232794, 3
550771, 3
587629, 3
355546, 3
464107, 3
95467, 3
471218, 3
122191, 3
134116, 3
659222, 3
55194, 3
260804, 3
104135, 3
5710, 3
74563, 1
476102, 3
620730, 3
168076, 3
135724, 3
553063, 3
150992, 3
181461, 3
164423, 3
657363, 3
468167, 3
543696, 3
47672, 3
82371, 1
596140, 3
435050, 3
72431, 3
490151, 3
660174, 3
379203, 3
460034, 3
195579, 3
503132, 3
429337, 3
71973, 3
483765, 3
45500, 3
280074, 3
85289, 3
480899, 3
533771, 3
77857, 3
295162, 3
110095, 3
348037, 3
236888, 3
560200, 3
321765, 3
82768, 3
537635, 3
43272, 3
507747, 3
21404, 3
511104, 3
570058, 3
603110, 3
176264, 3
77415, 3
210192, 3
442847, 3
451469, 3
286021, 3
290190, 3
496077, 3
464711, 3
553444, 3
508532, 3
377620, 3
120428, 1
656142, 3
360132, 3
25930, 3
327864, 3
192385, 3
568924, 2
41861, 3
13675, 3
267696, 3
607352, 3
165697, 3
96852, 3
14124, 3
542609, 3
645380, 3
567883, 3
159832, 3
303831, 3
378026, 3
90128, 3
528563, 3
446345, 3
420261, 3
432756, 3
386730, 3
219063, 3
394616, 3
71647, 3
662883, 3
309572, 3
323756, 3
406603, 3
465505, 3
396264, 3
17005, 3
532995, 3
237020, 3
223140, 3
527810, 3
259289, 3
156108, 3
102595, 3
540529, 3
510792, 3
292444, 3
493050, 3
190526, 3
244957, 3
517564, 3
316040, 3
433838, 3
158627, 3
40311, 3
270942, 3
509387, 2
521377, 2
149829, 3
539616, 3
224745, 3
316435, 3
249417, 3
114904, 3
70498, 3
500028, 3
629814, 3
640535, 3
122984, 3
101426, 3
475994, 3
476681, 3
103686, 3
625865, 3
382207, 3
605748, 3
514392, 3
495321, 3
121658, 3
532623, 3
70196, 3
236840, 3
193356, 3
535997, 3
624438, 3
414812, 3
233844, 3
153328, 3
417398, 3
25578, 3
332918, 3
118139, 3
515502, 3
347871, 3
508067, 2
288231, 3
17209, 3
352776, 3
68127, 3
498839, 3
339757, 3
660116, 3
533381, 3
589496, 3
378667, 3
100629, 1
121402, 2
572348, 3
270884, 3
17386, 3
561950, 3
562743, 3
358037, 3
101341, 3
105868, 3
154039, 3
107259, 1
659667, 3
634711, 3
1194, 3
312325, 3
369434, 3
557367, 3
217241, 3
293092, 3
538283, 3
639203, 3
207736, 3
297784, 3
449109, 3
29214, 3
370171, 3
566190, 3
26308, 3
652732, 3
79810, 3
392180, 3
601624, 3
514790, 3
385634, 3
266039, 3
396858, 3
630300, 3
163519, 3
543582, 3
302033, 3
14359, 2
51184, 3
311536, 3
190650, 3
215288, 3
48968, 3
590957, 3
497631, 3
356177, 3
438013, 3
370256, 3
201906, 3
36264, 3
219998, 3
345474, 3
365224, 3
612481, 3
369209, 3
317813, 2
9211, 3
5093, 3
401739, 3
55608, 3
173290, 3
424873, 3
77636, 3
15044, 3
51987, 3
374294, 3
5751, 3
449608, 3
350867, 3
514642, 3
512320, 3
414877, 3
64004, 3
40110, 3
193065, 3
351265, 3
158031, 3
210327, 3
170751, 3
86222, 3
48900, 3
166248, 3
416688, 3
129058, 3
428921, 3
291677, 3
27794, 1
572620, 3
462518, 3
581225, 3
171482, 3
175549, 3
569049, 3
289107, 3
462151, 1
619387, 3
317523, 3
476531, 3
165291, 3
308043, 3
519942, 3
240027, 3
177068, 3
294053, 3
65033, 3
262420, 3
564127, 3
415590, 3
358259, 3
205140, 3
120078, 3
640618, 3
614382, 3
211452, 3
94083, 3
607978, 3
178232, 3
223978, 3
273953, 3
527002, 3
241650, 3
338591, 3
605177, 3
470577, 3
3068, 3
135708, 3
264664, 3
198955, 2
215537, 3
493803, 3
297685, 3
259914, 3
161401, 3
372264, 3
148027, 3
575282, 3
368459, 3
285091, 3
120011, 3
162685, 3
554434, 3
501123, 3
160268, 3
301593, 2
62661, 3
13024, 3
243346, 3
397231, 3
225485, 3
213700, 3
617873, 3
133216, 3
161808, 3
628777, 3
632567, 3
50987, 3
514122, 3
533189, 3
182260, 3
568337, 3
145049, 3
355135, 3
97613, 3
507760, 3
160277, 3
424796, 3
111533, 3
194237, 3
150682, 3
247138, 3
336058, 3
26211, 3
435207, 3
92729, 3
408818, 3
264725, 3
9204, 3
507087, 3
180301, 3
38282, 3
443951, 3
539854, 3
441606, 3
607791, 3
410523, 3
550300, 3
22963, 3
375499, 3
143364, 3
327971, 3
499820, 3
153068, 3
641767, 3
262385, 3
658928, 3
607482, 2
379694, 3
638396, 3
551940, 3
88751, 3
72618, 3
414318, 3
469147, 3
196434, 3
657463, 3
102018, 3
201136, 1
310549, 3
164943, 3
521147, 3
406653, 3
280723, 3
115277, 3
499955, 3
234020, 3
422031, 3
491509, 3
362414, 2
266029, 3
31080, 3
332319, 1
360609, 3
470146, 3
72073, 3
76331, 3
168552, 3
275370, 3
232574, 3
490036, 3
155741, 3
156744, 3
532344, 3
494642, 3
362003, 3
504098, 3
425022, 3
135118, 3
439740, 3
280420, 3
146379, 3
584256, 1
543416, 3
556156, 3
220043, 3
503289, 3
132098, 3
397683, 3
63791, 3
402161, 3
625215, 3
441514, 3
44057, 3
650322, 3
137096, 3
243289, 3
581630, 3
365104, 3
265500, 3
581025, 3
244814, 3
336146, 3
279624, 3
651113, 3
615542, 3
40731, 3
281749, 3
162507, 3
45549, 2
103778, 3
406613, 3
17815, 3
201848, 3
218381, 3
519213, 2
593661, 3
280487, 3
176385, 3
433386, 3
134680, 3
640598, 3
284370, 3
20748, 3
241303, 3
592739, 3
453871, 1
543718, 3
139680, 3
511818, 3
80957, 3
290646, 3
134908, 3
255026, 3
590254, 1
200061, 3
235377, 3
292739, 3
532761, 3
417269, 3
550416, 3
277366, 3
327551, 3
298935, 3
136950, 3
418525, 3
597230, 3
459061, 3
644528, 3
445314, 3
542181, 3
518894, 3
564736, 3
590958, 3
260064, 3
85881, 3
315811, 2
611552, 3
123098, 3
29226, 3
488520, 3
116194, 3
408549, 3
79324, 3
517556, 3
403114, 3
187973, 3
295364, 3
270289, 3
541808, 3
464423, 3
56220, 3
636490, 3
650449, 3
90553, 3
118790, 3
263884, 3
205330, 3
560722, 3
126370, 3
102923, 3
393586, 3
378170, 3
639704, 3
496288, 3
645413, 3
256539, 3
247845, 3
324098, 3
586942, 2
102207, 3
132062, 3
663765, 3
309605, 3
320222, 2
464248, 3
495441, 3
98141, 3
525323, 3
473910, 3
588342, 3
236099, 3
645670, 3
137509, 3
152040, 3
291263, 3
596537, 3
489077, 3
232337, 3
484396, 3
598126, 2
312857, 3
580528, 3
451039, 3
541214, 3
202509, 3
154046, 3
247971, 3
257987, 3
154867, 3
591747, 2
316768, 3
251706, 3
642459, 3
539893, 3
584789, 3
123794, 3
83250, 3
299003, 3
529692, 3
376774, 3
333871, 3
481057, 3
490355, 3
70872, 3
386450, 3
581551, 3
181488, 3
484815, 3
225381, 3
520637, 3
276083, 3
193864, 3
17858, 3
649941, 3
615212, 3
544249, 3
560080, 3
117500, 3
79834, 3
195331, 3
56519, 2
525182, 3
329646, 2
107310, 3
537251, 3
118059, 3
294669, 3
249147, 3
134695, 3
633002, 3
289355, 3
259421, 2
62129, 3
580316, 3
553873, 3
631849, 3
479037, 3
556596, 3
341664, 3
351580, 3
659535, 3
379247, 3
85217, 3
528179, 1
615609, 3
541994, 3
610831, 3
625120, 3
281512, 3
242935, 3
329322, 3
188968, 3
139601, 3
116311, 3
92273, 3
413374, 3
96336, 3
243552, 3
605287, 3
531809, 3
369280, 3
346232, 3
551438, 3
69002, 3
422712, 3
6648, 3
265328, 3
353441, 3
137928, 1
319067, 3
59106, 3
257723, 3
298984, 3
534120, 3
473232, 3
315341, 3
114444, 3
131188, 3
180341, 1
355579, 3
154896, 2
481760, 3
645221, 3
238010, 3
643251, 3
577003, 3
509455, 3
611255, 3
356869, 3
546309, 3
220714, 3
646172, 2
125293, 3
353669, 3
127243, 3
260838, 2
486101, 3
578349, 3
225116, 3
208166, 2
57522, 3
582653, 3
139164, 3
102876, 3
83983, 3
119089, 3
148445, 3
133913, 3
440979, 3
412684, 3
578502, 3
407479, 3
54612, 3
180633, 3
276035, 3
440178, 1
155607, 3
35549, 3
279651, 3
505933, 3
346408, 3
98922, 3
271035, 3
618663, 3
142602, 3
400887, 3
439426, 3
412238, 3
523864, 3
538740, 3
494609, 3
601753, 3
112350, 3
33188, 3
528860, 3
301728, 3
321363, 3
388363, 3
350006, 3
410311, 3
473188, 3
417105, 3
52814, 3
263318, 3
40523, 3
549474, 3
360547, 3
505209, 3
301907, 3
517611, 1
27051, 2
480665, 3
511437, 3
563252, 3
248669, 3
508824, 3
552035, 2
327347, 3
24291, 3
585727, 3
344987, 3
404997, 3
292180, 3
588809, 3
119032, 3
393012, 2
573748, 3
118949, 3
570946, 3
504831, 3
19909, 3
218688, 3
154561, 3
547789, 1
616242, 3
521562, 3
62529, 3
436993, 3
82400, 3
430042, 2
479803, 3
102241, 3
238249, 3
365717, 3
292918, 3
49195, 3
159279, 3
458504, 3
288653, 3
86255, 3
539332, 3
62215, 3
210763, 3
454259, 2
17919, 3
134720, 3
357607, 3
130905, 3
93465, 3
378904, 3
373697, 3
290196, 3
655815, 3
573332, 3
515118, 3
104389, 3
56599, 3
131215, 3
221114, 1
164004, 3
544400, 3
647490, 3
451068, 3
652225, 3
141374, 3
503831, 3
77396, 3
384769, 3
37115, 1
96444, 3
562521, 3
272959, 3
367234, 3
90678, 3
212876, 3
111066, 3
111874, 3
332575, 3
188705, 3
556356, 3
30601, 3
29776, 3
163870, 3
238135, 3
551281, 3
269904, 3
285104, 3
568614, 3
417954, 3
204693, 3
252928, 3
118316, 3
282086, 3
454077, 3
599299, 3
205988, 3
211030, 3
339333, 3
337914, 3
417814, 3
164637, 3
97511, 3
370429, 3
271311, 3
484571, 3
214715, 3
566231, 3
164674, 3
369417, 3
388208, 3
254016, 3
634292, 3
574604, 3
185136, 3
404033, 3
543401, 3
511090, 3
96084, 3
44030, 3
326107, 3
169514, 3
435730, 3
88800, 3
134664, 3
443573, 3
280627, 3
583253, 3
486610, 3
402424, 3
207829, 3
57272, 3
112937, 3
483911, 3
27767, 3
560884, 3
659871, 3
42799, 3
333071, 3
274741, 3
273200, 1
490558, 3
587707, 3
431648, 3
469639, 1
339048, 3
258659, 2
476593, 3
579158, 3
352261, 3
58501, 3
323495, 3
449848, 3
189529, 3
416326, 3
209042, 3
190848, 3
542492, 3
428010, 3
540722, 3
419940, 1
117482, 3
344420, 3
103503, 3
466127, 3
190482, 3
544675, 3
627448, 3
544518, 3
179515, 3
160597, 3
381984, 3
447183, 3
497551, 3
663751, 1
306466, 3
184986, 3
529595, 3
273744, 3
439190, 3
345116, 3
228318, 3
242494, 3
432588, 3
213531, 3
7697, 3
102263, 3
499601, 3
293346, 3
634672, 3
505584, 3
653646, 3
51975, 3
98144, 3
214418, 3
306793, 3
438799, 3
656399, 3
103625, 3
340156, 3
146647, 3
230098, 3
56249, 3
359634, 3
71938, 3
207266, 3
475775, 3
23271, 3
585747, 3
471895, 3
224451, 3
186951, 3
147887, 3
642304, 3
426410, 3
84065, 3
275030, 3
454738, 3
293039, 3
153040, 3
369474, 3
480267, 2
500342, 3
424687, 3
214755, 3
106144, 3
350495, 3
158946, 3
555888, 3
307785, 2
333933, 2
533497, 3
455603, 3
92530, 3
527732, 3
2873, 3
417905, 3
425313, 3
495899, 3
280364, 3
324348, 3
141153, 3
445737, 3
295498, 3
607091, 3
145058, 3
72719, 1
507092, 3
108472, 3
641308, 3
479770, 3
378059, 3
185679, 3
392421, 3
384783, 3
460608, 3
112015, 3
276513, 3
646434, 3
405454, 3
300758, 2
54075, 3
606733, 3
42151, 3
644986, 3
130995, 2
260076, 3
461828, 3
428207, 3
386645, 3
451488, 3
289982, 3
29724, 3
585592, 2
603245, 3
373763, 3
240126, 3
390114, 3
396329, 3
286125, 3
97447, 3
613461, 3
165186, 3
612634, 3
148819, 3
79653, 3
454296, 3
137942, 3
228924, 3
533758, 3
585674, 3
238679, 3
266360, 3
632879, 3
509341, 3
20447, 3
62075, 3
358883, 3
479952, 3
628671, 3
472381, 3
304435, 3
290609, 3
203494, 3
166763, 3
24361, 1
97500, 3
59924, 2
273059, 3
78925, 3
447219, 3
184795, 3
29812, 3
466165, 3
354994, 3
232177, 3
55208, 3
55513, 3
268949, 3
198922, 3
469156, 3
612346, 3
156503, 3
69111, 3
398513, 3
521546, 3
431352, 2
123408, 3
393219, 3
363433, 3
74718, 3
71609, 3
465495, 3
439639, 3
475018, 3
129610, 2
9039, 3
523056, 3
526228, 3
570998, 3
343490, 3
665231, 3
519630, 3
71364, 3
218627, 3
7316, 3
457689, 3
590737, 3
365833, 3
560581, 3
60832, 3
437385, 3
248195, 3
548361, 3
453845, 3
316954, 3
67125, 3
234699, 3
261570, 3
516773, 3
40297, 3
49598, 3
13090, 3
276168, 3
387760, 3
304122, 3
297626, 3
103780, 3
16217, 3
142015, 3
367312, 3
355481, 3
280424, 3
119996, 3
604576, 1
107689, 3
377656, 3
560966, 3
453679, 3
606614, 3
134148, 3
93816, 3
617557, 3
405431, 3
485737, 3
448435, 3
359296, 3
414914, 3
421066, 3
10890, 2
369655, 3
104527, 3
356170, 3
422835, 3
126279, 3
567361, 3
254913, 3
418655, 3
212377, 3
428488, 3
607034, 3
413015, 3
148366, 3
280934, 3
91750, 3
369330, 3
627416, 3
557576, 3
214061, 3
319436, 3
467589, 3
301578, 3
114277, 3
216752, 3
309465, 3
169466, 3
451405, 3
453893, 3
409302, 3
308651, 3
271119, 3
291063, 3
37806, 3
309846, 3
423525, 3
302382, 3
556027, 3
310083, 3
48046, 3
605321, 3
651502, 3
32396, 3
268932, 3
200725, 3
44275, 3
114771, 3
379370, 3
228271, 3
355035, 3
557955, 3
257904, 3
154720, 3
443927, 3
522506, 3
278061, 3
221862, 3
587234, 3
318871, 3
352393, 3
40332, 3
318466, 3
103518, 3
518974, 3
261960, 3
81229, 3
260768, 3
90682, 3
383257, 3
88578, 1
315842, 2
57555, 3
252328, 3
519785, 3
452135, 3
463332, 3
308000, 3
556410, 3
109163, 3
569493, 3
360127, 3
624315, 3
55402, 3
45578, 3
311013, 3
374498, 3
311178, 3
451908, 3
433130, 3
320090, 3
104625, 3
132333, 3
433649, 2
391506, 3
114535, 3
355627, 2
112664, 3
204568, 3
325741, 3
69332, 3
263665, 3
439105, 3
61503, 3
583654, 3
584009, 3
293006, 3
154490, 3
103141, 1
564522, 3
338541, 3
236084, 3
608773, 3
242690, 3
608858, 3
602711, 3
55307, 3
293978, 3
471555, 3
543965, 3
346390, 3
401998, 3
619485, 3
488457, 3
89170, 3
605505, 3
378025, 3
138447, 3
437795, 3
593677, 3
307725, 3
165923, 3
148390, 3
5278, 3
121310, 3
488216, 3
611577, 3
277541, 3
226716, 3
233558, 3
657434, 3
416960, 3
72659, 3
26190, 3
555532, 3
567366, 3
337598, 3
588009, 3
503201, 3
505513, 3
509718, 3
304460, 3
88434, 3
174747, 3
110943, 3
505468, 3
134085, 3
626224, 3
16831, 3
445315, 2
604482, 3
477637, 3
329265, 3
100931, 3
249487, 3
351250, 3
405354, 3
353808, 3
83245, 3
640200, 3
379188, 3
228311, 3
334407, 3
307102, 3
23077, 3
280311, 3
428365, 3
570613, 3
157831, 3
467764, 3
333691, 3
663451, 3
509796, 3
602604, 3
446736, 3
178511, 3
549387, 3
393639, 3
501990, 3
313724, 3
110190, 3
9539, 3
337281, 3
214670, 3
611991, 3
375925, 3
559232, 3
660846, 3
615653, 3
366933, 3
637561, 3
71231, 3
314285, 3
401976, 3
96483, 3
345813, 3
98304, 3
133439, 3
276910, 3
552185, 3
332988, 3
291051, 3
559096, 3
180071, 3
236961, 3
215290, 3
275674, 3
113016, 3
113609, 3
624216, 3
418512, 3
100137, 3
143496, 2
412392, 3
232909, 3
558765, 3
523387, 3
243571, 3
118080, 3
63296, 3
247256, 3
264595, 3
23603, 3
344587, 3
352026, 3
188505, 3
421477, 3
600776, 3
312133, 3
231656, 3
321238, 3
154387, 3
108006, 3
89455, 3
339230, 3
432135, 3
86996, 3
39090, 1
383108, 3
383633, 3
493502, 3
531051, 3
570839, 1
202024, 3
107638, 3
367066, 3
246320, 3
516821, 3
355316, 3
658001, 3
247597, 3
80686, 3
243059, 3
371128, 3
363790, 3
249587, 3
356560, 3
625760, 3
37812, 3
237454, 3
184797, 3
424360, 3
140783, 3
462147, 3
202343, 3
273730, 3
613128, 3
191381, 3
636269, 1
488685, 3
205789, 3
152837, 3
121879, 3
528615, 2
563522, 3
287444, 3
643171, 3
363831, 3
23053, 3
98923, 3
386070, 3
174061, 3
546158, 3
432536, 3
325001, 3
375489, 3
613315, 3
466149, 3
12598, 3
456583, 3
89718, 3
494437, 3
407727, 3
569610, 3
456952, 2
663544, 3
116461, 3
362243, 3
360033, 3
615244, 3
243246, 3
187091, 3
266237, 3
562085, 3
381226, 3
96057, 3
7364, 3
406477, 3
178869, 3
616493, 3
40605, 3
112157, 3
283516, 3
631962, 3
287768, 3
271135, 3
482792, 3
276521, 3
454230, 3
220993, 3
342710, 3
348855, 2
495574, 3
308639, 3
153983, 3
321078, 2
397861, 3
654356, 3
462783, 3
390378, 3
245588, 3
143796, 3
605807, 3
93942, 2
92187, 3
380105, 3
236445, 3
573179, 3
193894, 3
308442, 3
105828, 3
567797, 3
155280, 3
34233, 3
463227, 3
250968, 3
173673, 3
269473, 3
66645, 3
402557, 3
395457, 3
444737, 3
5792, 3
661095, 3
342641, 3
472057, 3
447320, 3
538155, 3
175686, 3
351337, 3
541898, 3
131639, 3
650514, 3
265295, 3
100321, 3
522920, 3
337345, 2
62912, 3
545842, 3
230302, 3
544559, 3
154278, 3
140391, 2
475385, 2
353310, 3
648031, 2
587253, 3
301325, 3
592162, 3
631823, 3
381889, 3
86232, 3
179966, 3
583395, 3
303833, 3
208491, 3
250709, 3
558115, 3
93939, 3
370550, 3
411468, 3
25328, 3
414306, 3
40796, 3
426885, 3
474890, 3
373873, 3
246728, 3
151661, 3
116438, 3
283726, 3
7365, 3
251850, 3
274202, 3
616299, 3
649850, 3
634656, 3
485678, 3
118041, 3
325883, 3
246049, 3
238494, 3
215741, 3
635686, 3
442539, 3
495803, 3
185673, 3
22106, 3
459416, 3
83739, 3
276015, 3
316323, 3
334663, 3
41365, 3
418612, 3
327795, 3
497179, 3
380900, 3
274933, 3
625513, 3
536082, 3
359619, 3
22758, 3
86561, 3
263418, 3
528556, 3
12699, 3
646449, 3
529085, 3
265453, 3
643905, 3
470313, 3
341202, 3
321254, 3
510740, 3
285414, 3
530477, 3
158555, 3
56660, 3
575351, 3
475199, 3
310368, 3
181058, 3
449687, 3
81516, 3
131924, 3
110100, 3
435530, 3
63324, 3
586952, 2
374607, 3
65507, 3
539995, 3
442059, 2
200979, 3
501121, 3
378307, 3
299906, 3
320181, 3
559343, 3
428094, 3
216638, 3
644814, 3
352869, 3
266155, 3
267699, 1
497931, 2
483209, 3
372082, 3
396129, 3
362851, 3
510001, 3
596679, 3
551795, 3
384408, 3
59506, 3
464625, 3
450505, 3
337588, 3
78961, 3
605961, 3
403698, 3
324853, 3
431982, 3
16296, 3
436536, 3
114129, 3
251723, 3
159345, 3
638703, 3
147436, 3
227180, 3
87250, 3
540903, 3
303041, 3
650275, 3
403190, 3
382658, 3
550279, 3
258251, 3
285366, 3
561358, 3
229470, 3
350472, 3
22668, 3
316330, 3
487188, 3
237397, 3
118153, 3
369394, 3
319838, 3
377023, 3
107506, 3
190855, 3
353317, 3
445177, 3
388529, 3
658487, 3
134016, 3
427307, 3
72949, 3
630079, 3
620286, 3
163297, 3
544963, 3
278880, 3
424353, 3
238996, 3
214506, 3
363420, 3
180335, 2
238518, 3
627996, 3
648614, 3
506668, 3
397097, 3
606599, 3
88335, 3
344161, 2
532650, 3
255880, 3
260153, 3
37244, 3
280874, 3
441709, 3
88152, 3
226432, 3
228856, 3
237478, 3
636733, 3
529646, 3
470124, 3
300193, 3
77366, 3
220820, 3
83296, 3
149266, 3
643900, 3
284551, 3
140997, 3
495990, 3
243236, 3
129979, 3
279291, 3
486808, 3
43463, 3
411058, 3
12830, 3
491196, 3
635663, 3
39185, 3
603580, 3
517642, 3
654870, 3
434432, 3
630014, 3
411437, 3
316980, 3
546430, 3
147644, 3
478599, 2
88878, 3
44292, 3
95549, 3
269913, 3
416424, 3
416979, 3
491610, 3
622399, 3
628200, 3
491288, 3
587670, 3
427839, 3
294084, 3
38458, 3
256675, 3
82161, 3
159540, 3
398670, 3
375054, 3
143250, 2
506129, 3
503303, 3
510361, 3
177632, 3
33857, 2
633244, 3
556749, 3
533902, 3
236202, 3
7852, 3
195741, 3
373424, 3
485966, 1
283541, 3
249565, 3
540052, 3
446351, 3
261840, 3
434925, 3
65284, 3
372018, 3
293251, 3
405539, 3
138064, 3
538872, 3
18565, 3
502653, 3
350069, 3
14955, 3
248716, 3
277926, 3
18850, 3
525287, 3
389786, 3
432753, 3
322926, 3
387704, 3
582416, 3
5086, 3
410362, 3
413944, 3
130270, 3
443370, 3
14653, 3
29576, 3
542120, 3
406552, 3
572238, 3
206086, 3
455951, 3
369149, 3
7994, 1
54150, 3
523696, 3
586153, 3
521899, 3
31106, 3
207426, 3
82498, 3
496441, 3
49373, 2
565529, 3
270475, 3
167504, 3
420426, 3
47334, 3
145951, 3
577919, 3
585241, 2
286309, 3
308789, 3
540668, 3
219839, 3
599091, 3
153105, 3
304079, 3
436340, 3
143753, 3
594793, 3
556925, 3
497701, 3
516888, 3
96697, 3
238231, 3
477519, 3
101882, 3
552747, 3
311161, 3
569173, 3
392985, 3
354278, 3
227361, 3
630614, 3
556729, 3
491748, 3
132766, 3
12229, 3
603369, 3
571921, 3
322468, 3
313920, 3
19468, 3
144247, 3
421304, 3
204972, 3
625724, 3
431232, 3
357187, 3
336023, 3
55281, 3
412141, 3
554904, 3
492506, 3
598317, 3
330421, 3
96570, 3
478763, 3
135227, 3
552148, 3
319474, 3
336148, 3
58328, 3
492022, 3
398071, 3
378772, 3
77004, 3
628728, 3
230415, 3
206763, 3
322273, 3
74650, 3
388104, 2
94657, 3
384817, 3
519501, 3
366096, 3
301820, 3
36714, 3
262451, 3
511960, 3
312397, 3
389474, 3
364526, 3
432375, 3
92525, 3
327791, 3
375514, 3
570434, 3
629583, 3
432270, 3
5600, 3
31175, 3
401790, 3
250602, 3
116004, 3
372104, 3
660974, 3
312528, 3
482498, 3
81495, 3
338507, 3
592997, 3
462236, 3
255788, 3
61723, 2
377057, 2
483892, 3
651258, 3
286481, 3
472490, 3
233459, 3
220555, 3
227701, 3
533663, 3
366236, 3
54593, 3
289264, 3
500993, 3
115165, 3
444981, 3
55831, 3
221229, 3
102626, 3
444184, 3
325388, 3
81046, 3
208073, 3
387418, 3
360776, 3
570152, 3
125916, 3
491484, 3
291487, 3
653918, 3
173463, 3
582201, 3
182064, 3
33114, 3
431178, 3
307959, 3
476755, 3
426796, 3
121984, 3
467417, 3
397274, 3
287014, 3
570790, 3
36207, 3
599244, 3
38100, 3
360863, 3
156580, 3
226680, 2
592376, 3
545451, 3
16318, 3
113880, 3
397406, 3
115609, 3
7416, 3
195526, 3
414020, 3
216370, 3
345677, 3
428184, 3
207229, 3
443637, 3
33367, 3
619302, 3
499739, 3
337106, 3
25967, 3
603503, 3
426547, 3
286347, 3
359249, 3
10799, 3
584076, 3
568812, 3
116761, 3
252602, 3
466977, 3
650494, 3
558716, 3
280428, 3
659154, 3
323348, 3
249302, 3
105943, 3
391782, 3
145563, 3
426486, 3
561632, 3
663404, 3
478407, 3
581951, 3
327010, 3
131616, 3
222567, 3
297687, 3
262956, 3
226281, 3
251484, 3
215811, 3
30832, 3
74303, 3
325480, 3
329598, 3
403395, 3
475517, 3
414445, 3
211305, 3
433001, 3
524369, 3
368607, 3
432921, 3
462680, 3
512890, 3
332967, 3
377051, 3
585867, 3
243809, 3
462810, 3
390129, 3
70281, 3
652655, 3
302345, 2
410333, 3
534279, 3
515596, 3
168624, 3
552732, 3
599742, 3
597619, 3
55923, 3
153743, 3
35523, 3
151244, 3
191009, 3
326445, 3
73810, 3
506616, 3
635099, 3
334682, 3
552426, 3
28460, 3
209508, 3
574611, 2
527661, 3
507851, 3
63262, 3
510438, 3
334786, 2
83450, 3
46413, 3
372705, 3
165314, 3
380097, 3
513472, 3
15365, 3
488009, 3
25235, 3
106043, 1
106663, 3
154512, 1
601932, 3
288800, 3
50603, 1
545167, 3
85839, 3
188365, 3
235926, 3
112139, 3
357757, 3
456176, 3
517300, 3
644570, 3
461624, 3
96497, 3
301980, 3
139119, 3
638895, 3
505501, 3
375125, 3
484478, 2
462462, 3
118944, 3
185483, 3
423849, 3
605303, 3
550569, 3
226927, 3
299427, 3
83049, 3
142563, 3
89535, 3
126946, 3
209612, 3
273587, 3
289100, 3
307276, 3
220445, 3
194349, 3
636971, 3
359185, 2
261494, 3
176843, 3
311243, 3
188045, 3
533287, 3
534184, 3
220110, 1
183083, 3
407610, 3
528455, 3
135518, 1
428275, 2
476051, 3
41621, 3
660648, 3
27081, 3
232349, 3
218100, 3
150603, 3
440553, 3
190722, 3
245451, 3
538819, 3
337746, 3
567940, 3
662933, 3
31619, 3
522052, 3
448463, 3
474787, 3
638537, 3
94214, 3
601363, 3
132092, 3
603321, 3
315105, 3
320617, 3
603292, 3
439640, 3
380962, 3
317245, 3
274561, 3
605162, 3
425533, 3
574434, 3
229491, 3
637804, 3
138098, 3
405076, 3
17370, 3
82316, 2
411638, 3
464198, 3
161500, 3
350990, 3
58049, 3
61116, 3
221705, 3
447657, 3
594778, 3
31900, 3
279963, 3
255990, 3
326828, 3
664458, 3
437930, 3
642167, 3
646490, 3
543887, 3
595271, 3
192131, 3
69379, 3
565546, 3
643036, 3
444223, 2
648044, 3
146727, 3
626229, 3
367816, 3
265055, 3
236532, 3
554000, 3
41452, 3
271234, 3
582425, 3
330044, 3
573560, 3
176471, 3
408804, 3
29665, 3
465863, 3
491139, 3
517264, 3
221676, 3
503523, 3
271694, 3
572442, 3
465751, 3
14274, 3
206401, 3
348349, 3
593723, 3
412741, 3
341348, 3
442227, 3
657042, 3
230406, 3
263722, 3
320431, 3
414400, 3
275655, 3
162523, 3
569126, 3
181627, 3
574785, 3
153158, 3
517793, 3
356467, 3
19457, 3
47072, 3
591200, 3
352521, 3
104025, 3
23544, 1
49488, 2
228422, 3
624622, 3
646995, 2
530982, 3
138760, 3
564000, 3
656919, 3
310659, 3
435783, 3
217981, 3
50852, 3
255613, 3
182219, 2
441120, 3
346481, 3
88346, 3
171537, 3
15149, 3
437999, 3
455246, 3
115080, 3
319334, 3
495055, 3
280205, 3
287385, 3
19969, 3
44559, 3
50239, 3
238107, 3
426333, 3
130977, 3
461159, 3
206562, 3
353734, 3
488889, 3
68892, 3
191542, 3
29275, 3
185007, 3
528339, 3
467973, 3
55317, 3
106713, 3
51293, 3
600674, 3
477884, 3
384607, 3
593445, 3
624566, 3
478507, 2
10190, 2
221022, 3
556924, 3
539832, 3
382006, 3
352936, 3
359219, 2
150166, 3
226416, 3
583080, 3
659438, 3
241689, 3
573898, 3
483070, 3
279809, 3
169823, 3
103910, 3
621352, 3
322885, 2
59406, 3
393631, 3
548526, 3
400992, 3
249711, 3
373780, 3
510188, 3
111283, 3
193405, 3
460320, 3
631998, 3
169765, 2
395088, 2
599756, 3
291281, 3
189132, 3
473275, 3
70566, 3
511949, 3
518317, 3
435582, 3
269193, 3
397191, 3
484060, 3
205203, 3
192372, 1
163378, 3
83353, 3
455398, 3
204068, 3
436547, 3
501279, 3
637803, 3
186137, 3
244160, 3
28917, 3
332635, 3
286589, 3
18889, 3
25713, 3
267939, 3
501684, 3
400465, 3
624960, 3
588842, 3
435957, 3
612567, 3
521215, 3
6484, 3
46836, 3
523372, 3
72475, 3
242859, 3
598234, 3
194148, 3
394777, 3
148071, 3
225659, 3
46854, 3
571454, 3
543895, 3
314619, 3
606193, 3
51458, 3
407501, 3
384026, 3
244176, 3
506870, 3
168045, 3
324710, 3
30965, 3
518454, 3
389799, 3
620401, 3
28990, 3
160193, 3
291164, 3
106788, 3
2358, 3
322702, 3
386932, 3
252598, 2
34268, 3
632635, 3
292008, 3
229411, 3
468237, 3
223290, 3
249686, 3
66585, 3
654905, 3
118032, 3
599698, 3
230026, 3
315451, 3
194687, 3
448954, 3
146252, 3
359360, 3
295485, 3
651275, 3
629683, 3
39851, 3
313172, 3
130261, 3
113964, 3
224728, 3
573183, 3
87946, 3
96066, 2
338908, 3
317893, 3
559540, 3
294816, 3
263207, 3
537067, 3
539925, 3
99927, 3
361618, 3
600392, 3
157704, 3
234470, 3
310533, 3
333527, 3
529296, 2
467090, 3
355555, 3
455725, 3
78981, 3
456414, 3
575091, 1
651744, 3
9130, 3
171655, 3
59038, 3
47494, 3
242753, 3
25830, 3
461940, 3
607565, 3
347659, 3
562744, 3
556871, 3
259248, 3
270745, 3
584796, 3
270366, 3
504726, 3
202531, 3
24407, 3
385955, 3
223936, 3
253515, 3
573223, 3
472713, 3
506801, 3
339094, 3
425580, 3
343902, 3
220349, 3
246544, 3
43830, 3
508027, 3
655801, 3
278871, 3
395638, 2
195198, 3
455218, 2
527530, 3
451411, 3
306760, 3
300886, 3
269968, 3
523333, 3
506813, 3
356645, 3
643573, 3
371740, 3
364218, 2
495208, 3
650070, 3
303037, 3
215687, 3
444253, 3
306301, 3
13127, 3
26092, 3
249808, 3
416155, 3
278853, 3
413503, 3
546937, 3
171519, 3
566350, 3
653608, 3
329842, 2
632446, 3
378952, 3
23564, 3
230456, 3
425516, 3
616547, 3
663052, 2
92920, 3
302422, 3
512979, 3
394267, 3
463011, 3
67265, 3
160820, 3
631910, 3
475850, 3
471194, 3
68618, 3
484723, 3
295178, 3
612449, 3
71579, 3
220514, 3
77875, 3
116150, 3
598802, 3
107353, 3
595255, 1
428178, 3
195970, 3
631474, 3
41796, 3
562628, 3
511786, 3
597613, 3
629390, 3
214344, 3
304242, 3
486205, 3
333230, 3
592897, 3
125799, 3
513893, 3
110650, 3
21438, 3
430507, 3
240582, 3
479069, 3
403540, 3
375197, 3
488102, 3
79496, 3
16706, 2
571851, 3
625849, 3
380231, 3
445125, 3
456778, 3
616962, 3
525417, 3
646652, 3
132607, 3
443053, 3
314296, 3
236897, 3
457879, 3
581135, 3
576387, 3
151568, 3
406144, 3
359880, 3
25358, 3
19423, 3
59077, 3
385719, 3
436181, 3
136140, 3
640523, 3
124203, 3
225846, 3
336369, 3
337873, 3
141836, 2
284366, 2
541768, 3
322072, 3
531987, 3
304021, 3
414241, 3
266335, 3
247344, 3
526605, 3
358437, 3
443818, 3
484938, 3
186835, 3
11249, 3
84362, 3
381190, 3
299871, 3
476289, 3
512369, 2
347484, 3
388140, 3
72645, 3
551099, 3
58492, 3
309391, 3
546163, 3
651721, 3
632959, 3
277239, 3
36630, 3
584238, 3
489042, 2
34818, 3
442573, 3
162762, 3
80000, 3
154491, 3
60315, 3
490922, 3
491948, 3
428015, 3
427376, 3
441728, 3
22979, 3
3388, 3
146618, 3
293004, 3
101608, 3
431360, 3
374567, 3
458578, 3
446769, 3
541693, 3
396091, 3
267018, 3
261123, 3
287834, 3
398805, 3
469030, 3
166337, 2
606575, 3
241755, 3
528323, 3
543197, 3
351241, 3
506400, 3
219943, 3
243405, 3
654625, 3
114538, 3
136767, 3
504161, 3
70926, 3
31694, 3
430344, 2
159333, 3
374717, 3
488640, 3
491558, 3
579476, 3
259861, 3
486111, 3
297799, 3
622405, 3
285127, 3
371220, 3
345943, 3
510024, 3
149651, 2
286587, 3
2428, 3
192152, 3
508416, 3
229237, 3
111272, 3
321436, 1
531746, 1
140383, 3
586171, 3
389716, 3
13557, 3
10627, 3
654394, 3
567492, 3
44417, 3
619497, 1
267310, 3
241417, 3
120261, 3
45362, 3
527825, 3
553742, 3
307388, 3
3241, 3
231819, 3
422860, 3
66241, 3
367706, 1
224103, 3
386381, 3
651316, 3
589131, 3
92291, 3
106836, 3
38367, 3
65474, 3
107260, 3
621158, 3
55193, 3
407959, 3
326214, 3
441489, 3
553201, 3
300307, 3
283578, 3
204744, 3
122778, 3
571644, 3
171286, 3
241469, 3
474147, 3
255328, 3
505318, 3
421815, 3
112917, 3
211822, 3
275827, 3
432607, 3
227429, 3
623879, 3
155591, 3
146820, 3
323104, 3
150385, 3
268674, 3
403765, 3
476396, 3
578513, 3
213367, 3
173265, 3
606557, 3
316211, 3
564102, 2
389395, 3
114227, 3
157112, 3
480312, 3
261419, 3
236392, 3
391032, 3
587485, 3
222060, 3
58619, 3
15972, 3
401522, 3
10424, 3
312542, 3
280342, 3
306541, 3
589628, 3
373034, 3
124050, 3
370271, 3
356093, 3
59712, 3
4427, 3
204911, 3
222754, 2
343495, 3
588167, 3
40250, 3
351845, 3
278461, 3
619417, 3
579602, 3
76903, 3
598601, 3
459103, 3
284162, 3
344699, 3
524299, 3
259629, 3
196690, 3
56498, 3
642177, 3
137802, 3
210999, 3
328460, 2
358724, 3
656414, 3
386194, 3
382059, 3
191889, 3
349929, 3
364225, 3
168590, 3
284902, 3
95234, 3
336897, 3
433279, 3
649054, 3
645771, 3
214640, 3
173224, 3
88881, 3
180055, 3
136097, 3
166613, 3
523705, 3
332092, 1
427966, 3
441919, 3
51824, 3
96348, 3
148334, 3
502325, 3
1856, 3
217454, 3
431805, 3
289171, 3
336287, 3
497710, 3
235441, 3
228354, 1
154623, 3
433885, 3
355557, 3
392374, 3
253858, 3
147411, 3
662846, 3
506315, 3
263559, 3
403454, 3
289829, 3
70087, 3
344515, 3
200087, 3
498421, 3
476409, 3
213431, 3
481083, 3
251360, 3
524376, 3
327409, 3
337503, 3
380269, 3
57475, 3
107795, 3
241054, 3
29851, 3
375786, 3
126710, 3
350491, 3
164623, 3
572319, 3
216000, 3
245217, 1
500728, 3
540101, 3
471848, 3
164937, 3
244940, 3
121577, 3
95548, 3
478054, 3
219358, 3
234398, 3
61743, 3
87400, 3
99680, 3
529022, 3
134203, 3
92014, 3
596938, 3
172260, 3
305315, 3
163999, 3
292104, 3
117137, 2
346764, 3
21429, 3
445986, 3
636346, 3
118038, 3
333143, 3
632997, 2
183550, 3
529347, 3
64892, 3
618428, 3
328527, 3
551605, 3
299476, 3
590720, 3
648396, 2
131657, 3
27107, 3
10217, 3
425223, 3
26045, 3
588181, 3
163821, 3
53611, 3
256859, 3
126655, 3
485570, 2
449562, 3
584182, 3
115059, 3
421413, 3
125299, 3
457880, 3
141908, 1
44659, 3
319316, 3
485682, 3
273766, 3
196720, 3
520939, 3
616283, 3
575544, 3
16764, 3
616661, 3
217926, 3
22054, 3
179326, 3
314058, 3
655699, 3
342398, 3
520524, 3
412088, 3
230435, 3
87578, 3
160188, 3
89918, 3
573101, 3
66109, 3
289202, 3
383385, 3
86164, 3
405245, 3
21800, 3
257765, 3
555746, 3
96379, 3
94152, 3
392057, 3
622653, 3
656236, 3
142930, 3
338347, 3
93196, 3
587968, 3
22497, 3
36988, 3
228625, 3
45718, 3
602825, 3
663583, 3
312440, 3
13912, 3
424037, 3
20746, 3
86892, 3
251401, 3
307868, 3
293773, 3
404350, 3
185688, 2
56059, 3
122323, 3
193195, 3
299165, 3
86634, 3
28808, 3
496825, 3
277346, 3
167309, 3
173535, 3
370927, 3
339956, 3
88918, 3
482434, 3
596360, 3
276603, 3
612308, 3
453895, 3
302745, 3
465811, 3
439689, 3
136396, 3
254187, 3
207907, 3
277645, 3
101568, 3
318204, 3
478503, 3
19542, 3
387915, 3
364171, 3
94073, 3
74181, 3
485149, 3
247512, 3
15794, 3
477815, 1
540127, 3
289241, 3
26913, 3
620384, 3
103536, 3
304020, 3
183728, 1
269321, 3
83497, 3
377807, 3
644410, 3
524382, 3
434996, 3
661211, 3
414913, 3
142045, 3
607693, 2
203837, 3
646743, 3
527670, 3
580730, 3
605995, 3
602214, 3
2520, 3
49311, 2
629215, 3
210928, 3
605407, 3
228233, 3
104502, 3
133102, 3
454639, 3
573660, 3
179814, 3
482377, 3
613954, 3
187572, 3
602677, 3
154610, 3
245703, 3
65482, 3
511197, 3
473957, 3
455480, 3
343479, 3
517813, 3
168169, 3
477901, 3
464917, 3
189996, 3
481671, 1
49531, 3
213741, 3
400070, 3
22404, 3
590915, 3
627539, 3
193581, 3
408126, 3
133956, 3
640110, 3
439921, 3
86038, 3
599114, 3
635184, 3
209769, 3
289164, 3
617147, 3
455123, 3
428965, 2
21436, 3
408677, 3
482321, 3
335871, 2
262828, 3
646014, 2
263999, 3
570114, 3
58925, 3
446480, 3
586459, 3
434824, 3
345763, 3
439506, 3
351515, 3
470157, 1
483413, 3
570820, 3
585271, 3
268299, 3
374788, 3
572424, 3
174557, 3
348698, 3
399919, 3
544959, 3
347033, 3
625926, 1
421412, 3
265490, 3
291317, 3
1140, 3
129806, 1
285301, 3
276822, 3
641946, 1
603399, 3
276938, 3
365525, 3
259569, 3
558020, 3
135242, 3
102887, 3
583169, 3
60055, 3
495785, 3
282994, 3
99105, 3
309877, 3
565219, 3
251508, 3
205813, 3
446409, 3
661879, 3
355378, 2
46649, 3
482076, 3
383398, 3
598088, 3
232344, 2
163819, 3
280186, 3
255962, 3
273749, 3
536339, 3
642401, 3
363247, 3
104876, 3
311420, 3
559515, 3
99807, 3
316464, 3
599578, 3
510546, 3
407218, 3
268104, 3
590657, 3
532132, 3
489628, 3
494659, 3
543542, 3
428997, 3
550987, 3
620041, 2
628433, 3
487733, 3
89631, 3
618955, 3
654595, 3
196005, 3
158589, 3
131462, 3
586181, 3
2447, 3
394437, 3
349669, 3
252512, 3
461972, 3
540748, 3
4484, 3
510427, 3
133240, 3
5314, 2
28939, 3
565924, 3
425110, 3
329580, 3
118509, 3
35247, 3
489708, 3
337155, 3
610383, 3
570017, 3
632531, 3
521209, 3
210057, 3
423368, 3
442925, 3
392427, 3
527493, 3
414816, 3
53239, 3
527447, 3
144795, 3
39445, 3
266209, 1
28809, 3
372809, 3
170223, 3
87380, 3
270945, 3
103727, 3
530672, 3
499187, 3
380001, 3
628117, 3
584541, 3
318386, 3
243400, 3
412851, 3
219009, 3
418446, 3
661526, 3
257439, 3
614199, 3
339081, 3
619389, 1
278240, 3
100013, 3
289196, 3
202965, 3
360429, 3
238280, 3
517250, 3
656641, 3
34529, 3
645808, 3
181375, 3
310043, 3
288325, 3
236428, 3
575925, 3
473453, 3
560059, 3
530754, 3
475376, 3
515320, 3
303104, 3
496912, 3
354719, 3
189974, 3
120411, 3
409595, 3
184660, 3
344263, 3
322088, 3
451881, 3
238732, 3
386379, 3
660158, 3
73730, 3
310359, 3
329359, 3
51451, 3
357363, 3
268043, 3
335516, 3
287070, 3
40327, 3
142410, 3
78117, 3
443861, 3
618625, 3
127175, 3
241721, 3
489923, 3
184668, 3
306962, 3
83503, 3
33019, 3
276220, 3
284490, 3
35321, 3
478166, 3
58671, 3
615930, 3
40710, 3
455472, 2
560702, 3
511249, 3
75384, 2
298037, 3
492009, 3
117839, 3
477573, 3
148624, 1
316642, 3
544780, 3
454288, 3
33874, 3
631274, 3
291195, 3
510600, 3
222773, 3
568906, 3
120853, 2
577206, 3
629765, 3
635340, 3
286267, 3
483593, 3
137997, 3
119375, 3
61195, 3
305677, 3
571917, 3
218089, 3
525563, 3
5741, 3
334970, 3
290335, 3
413302, 3
445320, 3
453947, 3
35902, 3
413978, 3
341536, 3
134310, 3
290046, 3
76326, 3
279710, 3
160548, 3
55590, 3
613285, 3
79503, 3
224038, 3
106805, 3
238019, 3
107901, 3
39795, 3
247238, 3
135354, 3
143812, 3
15631, 3
597671, 3
612476, 3
135687, 3
642163, 3
584008, 3
550723, 3
502973, 3
394399, 1
451790, 3
515048, 3
49345, 1
320008, 3
481742, 3
308886, 3
662438, 2
79708, 3
301892, 3
628746, 1
96701, 3
89637, 3
84676, 3
655209, 3
522903, 3
164832, 3
343940, 3
336656, 3
428128, 3
484311, 3
238431, 3
334067, 3
252998, 3
83705, 2
110998, 3
273738, 3
626063, 3
417712, 3
466034, 3
332541, 3
181225, 3
425356, 3
124658, 3
110707, 3
209702, 3
470907, 3
237983, 3
241346, 3
226488, 3
318309, 3
149445, 3
235462, 3
612755, 3
484674, 3
239334, 3
299107, 3
438121, 1
560028, 3
519327, 3
274834, 3
355103, 3
512072, 3
82668, 3
440502, 3
315052, 3
229123, 3
604632, 3
494956, 3
207180, 3
418610, 3
171169, 3
113975, 3
529714, 3
450126, 3
34013, 3
383217, 3
620531, 3
485917, 3
171877, 3
246213, 3
379061, 3
324783, 3
123437, 3
339543, 3
347092, 3
306714, 3
478307, 2
120260, 3
155514, 3
277728, 3
263701, 3
513429, 3
38317, 3
485060, 3
409347, 3
279295, 3
196671, 3
390763, 3
592875, 3
258957, 3
2495, 3
524275, 3
179540, 3
215379, 3
319201, 3
628189, 1
383552, 3
31123, 2
634957, 3
526269, 3
388703, 3
535886, 3
217578, 3
583894, 3
492078, 3
530633, 3
120997, 3
554107, 3
415709, 3
284972, 3
384598, 3
265221, 3
404845, 3
311255, 3
34900, 3
654977, 3
553484, 3
75200, 3
203448, 3
467660, 3
156679, 3
444962, 1
260393, 3
137674, 3
376286, 3
638962, 3
459071, 3
114438, 3
619013, 3
36854, 3
648286, 3
544262, 3
604334, 3
583809, 3
129094, 3
63831, 3
61860, 3
637438, 3
575358, 3
447236, 3
563932, 3
108208, 3
517701, 3
614153, 3
253969, 3
373409, 3
370816, 3
145556, 3
336461, 3
154205, 3
236949, 3
183602, 3
84435, 3
173038, 3
117375, 3
244237, 3
511840, 3
383343, 3
13059, 3
346289, 3
161309, 3
274105, 1
87758, 3
289310, 3
303495, 3
237141, 3
350982, 3
164847, 3
160827, 3
264344, 3
652595, 3
493699, 3
427683, 3
430229, 3
202244, 3
165315, 3
24011, 3
658882, 3
650897, 3
247858, 3
638950, 3
11170, 3
300079, 2
295680, 3
315452, 3
448109, 3
405111, 3
372679, 3
519575, 3
107392, 3
272387, 3
264853, 3
239177, 3
177535, 3
620803, 3
468174, 3
186015, 3
467627, 3
325605, 2
480760, 3
173014, 3
566022, 3
300422, 3
516265, 3
374510, 3
431206, 3
272746, 3
350493, 3
239962, 3
562779, 3
35539, 3
290595, 3
531617, 3
356803, 3
553840, 3
26304, 3
331276, 3
564436, 3
636655, 3
384266, 3
647109, 3
357135, 3
277861, 3
604881, 3
137976, 3
497340, 3
635851, 3
20814, 3
184823, 3
643829, 3
461653, 3
53306, 3
325248, 3
354997, 3
115001, 3
378391, 3
386184, 3
584115, 3
230460, 1
4558, 3
148275, 3
233863, 3
563960, 3
1994, 3
522429, 3
475275, 3
80144, 3
315939, 2
165103, 3
197220, 3
254712, 3
495761, 3
505225, 3
227543, 3
588138, 3
10356, 3
537689, 3
610892, 3
484077, 2
44911, 3
217321, 3
323275, 3
544027, 3
92026, 3
546519, 3
176461, 3
151177, 3
563454, 3
454141, 1
530660, 3
112151, 3
202181, 3
265813, 3
68977, 3
9924, 3
547471, 3
278738, 3
197288, 3
191445, 3
651706, 3
146772, 3
110278, 1
600047, 3
458412, 3
195601, 3
229377, 3
462658, 3
249898, 3
42886, 3
10788, 3
26637, 3
633683, 3
60985, 2
443781, 3
331719, 3
318997, 3
492702, 3
11764, 3
437888, 3
629978, 3
50606, 1
433248, 3
375864, 3
430820, 3
59813, 3
262160, 3
627577, 3
74062, 3
353878, 3
445539, 3
308767, 3
240586, 3
438624, 3
302924, 3
317415, 3
40436, 1
127374, 3
531039, 3
616615, 3
181934, 3
410964, 3
348836, 3
569541, 3
183497, 3
95266, 3
527146, 3
422336, 3
260157, 3
63691, 3
320864, 3
20955, 3
230838, 3
639637, 3
528298, 3
515909, 3
568395, 3
610265, 3
637668, 3
426700, 3
544633, 3
531580, 3
543723, 3
504525, 3
329052, 3
276944, 3
17208, 3
620758, 3
233533, 3
635862, 3
23368, 3
64402, 3
85094, 3
64224, 3
363828, 3
602601, 3
514574, 3
386975, 3
442795, 3
109237, 3
570257, 3
270262, 3
70073, 3
270220, 3
71977, 3
347720, 3
509317, 3
336075, 1
341217, 3
166184, 3
172930, 3
432227, 3
384602, 3
366418, 3
24037, 3
424402, 3
459286, 3
654026, 2
370557, 3
453507, 3
217118, 3
16600, 3
100464, 3
494935, 3
460281, 3
329060, 3
328478, 3
584261, 3
265146, 3
50266, 2
384107, 3
63670, 3
616345, 3
276873, 3
201180, 2
556861, 3
354761, 3
464172, 3
292300, 3
251239, 3
612412, 1
117814, 3
238501, 3
219447, 3
476503, 3
546490, 3
57195, 3
197346, 3
113702, 2
21041, 3
578761, 3
267335, 3
541539, 3
99252, 3
510314, 3
310662, 3
465465, 3
145047, 3
66002, 3
14380, 3
208465, 2
48349, 3
448185, 3
445022, 3
659051, 3
546864, 3
167523, 3
34967, 3
69464, 3
166827, 3
265565, 3
75124, 3
54691, 3
342292, 3
127004, 3
459814, 3
508739, 3
251922, 3
322647, 3
489790, 3
118181, 3
347224, 3
23138, 3
235079, 3
201496, 3
553013, 3
148615, 3
160225, 3
137959, 3
622791, 3
479299, 3
478360, 3
407328, 3
554022, 3
603753, 3
515380, 3
303108, 3
437815, 3
300202, 3
629823, 3
490084, 3
595112, 3
127361, 3
367807, 3
664265, 3
412249, 3
386002, 3
525766, 3
271293, 3
232891, 3
661707, 3
382985, 3
486289, 3
423796, 3
210757, 3
48724, 3
245695, 2
611492, 3
102258, 3
434467, 3
503019, 3
343036, 3
123555, 3
107881, 3
336506, 3
196900, 3
548791, 3
178846, 3
9672, 3
466309, 1
560267, 3
251175, 2
67276, 3
142244, 3
644990, 3
332685, 3
500712, 3
392170, 3
550842, 3
287441, 3
381634, 3
491313, 3
60845, 1
280652, 3
78513, 3
316655, 3
170670, 3
333641, 3
545886, 3
510426, 3
295879, 3
553937, 3
497263, 3
181050, 3
205331, 3
119669, 3
515468, 3
466623, 3
568175, 3
517875, 3
22756, 3
388917, 3
3853, 3
10081, 3
57952, 3
479288, 1
297458, 3
480152, 3
359351, 3
568936, 3
527843, 3
503929, 3
137031, 3
426510, 3
365140, 3
289247, 3
99157, 2
84333, 3
503361, 3
354222, 3
535295, 3
240871, 3
264800, 3
366130, 3
129886, 3
306772, 3
43724, 1
272358, 3
462865, 3
353343, 3
54912, 3
609397, 3
235733, 3
340820, 3
399196, 3
106148, 3
618175, 3
86203, 3
112584, 3
280484, 3
310948, 3
129186, 2
25850, 3
428046, 3
369485, 3
353708, 3
635986, 3
521587, 3
168168, 3
3226, 3
229210, 3
443320, 3
60718, 3
411935, 3
119453, 3
292983, 3
234545, 3
290818, 3
505197, 3
235608, 3
39744, 3
606905, 3
144236, 1
649343, 3
490003, 3
504092, 3
221327, 3
93025, 3
16679, 3
438939, 3
456872, 3
536189, 3
38164, 3
50038, 3
61605, 3
565180, 2
120153, 3
412615, 3
432090, 3
209281, 2
509802, 3
545434, 3
326456, 3
585602, 3
234988, 2
161826, 3
655562, 1
263461, 3
319260, 3
494401, 3
35480, 3
75521, 3
301192, 3
356277, 3
548280, 3
58036, 3
576664, 3
485483, 3
315943, 3
350196, 3
278097, 3
36698, 3
173107, 3
135497, 3
370211, 3
391042, 3
39890, 3
225894, 3
363364, 3
479138, 3
85669, 3
612538, 3
559418, 3
397899, 3
111772, 3
276063, 3
660855, 3
315307, 3
566171, 3
157816, 3
224201, 3
352315, 3
547696, 3
319842, 3
211476, 3
425655, 3
134544, 3
13727, 3
96812, 3
270417, 3
124231, 3
461709, 3
290954, 3
490386, 3
152665, 3
551215, 3
94235, 3
100402, 3
284975, 3
269529, 3
199393, 3
327424, 3
549317, 3
451071, 3
314299, 3
431669, 3
38778, 3
137581, 3
281237, 3
373212, 3
330197, 3
176611, 3
385878, 3
270825, 3
209835, 3
46708, 3
342745, 3
42143, 3
227210, 3
354194, 3
57731, 3
236025, 3
631770, 3
186746, 3
227683, 3
82027, 3
556912, 3
116309, 3
68750, 3
277613, 3
493865, 3
285426, 3
63650, 3
231957, 3
163127, 3
658266, 3
488877, 3
249936, 3
276302, 3
579706, 3
134102, 3
135946, 3
202172, 3
241026, 3
316106, 3
304105, 3
116524, 3
111189, 3
560510, 3
535757, 3
558947, 3
394975, 3
625141, 3
374868, 3
633601, 3
217731, 3
59323, 3
417762, 3
271351, 3
151767, 3
587756, 3
592396, 3
603917, 3
375349, 3
569664, 3
120255, 3
491192, 3
622140, 3
334454, 3
339253, 3
639250, 3
485112, 3
579273, 3
503308, 3
343512, 3
533319, 3
192437, 3
413791, 3
81458, 3
410500, 3
137346, 3
474095, 3
473177, 3
461514, 3
410734, 3
359162, 3
78503, 3
660139, 3
543569, 3
284088, 3
575892, 3
624577, 3
525329, 3
56786, 3
214572, 3
655542, 3
185843, 3
203929, 3
360048, 3
551858, 3
605404, 3
594720, 3
390768, 3
411000, 3
54095, 3
332903, 3
224887, 3
19655, 3
249412, 3
318289, 3
592115, 3
304705, 3
557311, 3
371378, 3
115960, 3
193235, 3
351263, 3
192106, 3
200502, 1
633853, 1
471018, 3
46794, 3
50518, 3
301023, 3
640096, 3
64581, 3
526914, 1
341276, 3
41155, 3
400872, 3
111804, 3
561015, 3
322916, 3
457320, 3
268771, 3
411495, 3
26537, 3
294619, 3
134604, 3
165423, 3
288415, 3
288286, 3
639519, 3
17940, 3
314979, 3
614993, 3
134306, 3
622557, 1
506262, 3
154252, 3
57286, 3
219302, 3
246169, 3
531828, 3
239741, 3
54323, 3
76766, 3
332400, 3
523180, 3
540507, 3
664888, 3
49669, 3
333167, 3
11147, 3
329713, 3
8851, 2
575764, 3
637347, 3
533941, 3
162456, 3
16732, 3
554408, 3
299040, 3
240931, 3
321177, 3
309499, 3
203770, 3
108961, 3
453371, 3
621080, 3
529374, 3
77461, 2
473227, 3
626338, 3
151318, 3
661273, 3
263536, 3
286919, 3
578026, 3
368086, 3
401396, 3
479125, 3
584899, 1
628395, 3
43377, 3
352250, 3
17408, 3
105399, 3
154383, 3
57016, 3
38461, 3
111367, 3
336231, 3
9645, 3
134335, 3
261786, 3
561235, 3
281774, 3
131933, 3
596863, 3
385606, 3
604950, 3
546930, 3
651999, 3
625844, 3
3414, 3
471282, 3
94859, 3
630474, 3
641661, 3
604408, 3
41065, 3
201347, 3
661926, 3
319591, 3
227399, 3
346427, 3
276387, 3
463532, 3
600639, 3
95006, 3
569062, 3
281635, 3
471896, 3
161706, 3
479624, 3
274807, 3
344642, 3
595164, 3
95827, 2
289291, 3
162042, 3
564747, 3
407840, 3
203745, 3
358046, 3
270757, 3
445231, 3
82221, 3
219732, 3
38210, 3
141117, 3
574209, 3
575036, 3
452522, 3
381586, 3
110178, 3
531175, 3
568363, 3
231958, 3
565456, 3
618641, 3
396480, 3
28606, 3
476729, 3
37738, 3
614154, 3
80298, 3
113908, 3
251332, 3
459112, 3
376405, 3
336206, 3
532712, 3
424231, 3
509677, 3
240947, 3
468370, 3
381453, 3
78255, 3
343997, 3
163472, 3
26825, 3
574189, 3
308042, 3
179292, 3
318064, 3
193889, 3
173816, 3
409836, 3
449191, 2
187106, 3
492901, 3
537652, 3
598060, 3
4719, 3
460802, 3
6797, 3
435124, 3
116838, 3
136595, 3
96507, 3
303584, 3
311231, 3
267740, 3
384732, 3
295758, 3
361876, 3
415430, 3
50997, 3
19425, 3
191366, 3
223414, 3
448646, 3
404692, 3
278651, 3
614745, 3
592889, 3
353454, 3
313699, 3
314388, 3
361677, 3
583287, 3
491893, 3
256606, 3
567221, 3
291103, 3
403799, 3
266502, 3
292226, 3
455350, 3
444385, 3
51937, 3
35746, 3
636738, 3
333994, 3
660271, 3
30026, 3
468241, 2
183975, 3
99002, 2
90077, 3
437097, 3
390278, 2
162196, 3
440756, 3
499645, 3
544600, 3
524715, 3
566856, 3
605727, 3
249517, 3
573545, 3
138962, 3
366550, 3
351988, 3
434673, 2
540990, 3
100272, 3
511593, 3
193983, 3
374467, 3
104799, 3
264248, 3
72085, 3
48897, 3
626747, 3
337448, 3
319222, 3
470846, 1
662706, 3
185581, 3
296222, 3
477655, 3
101615, 3
95635, 3
481509, 3
53429, 3
509637, 3
421797, 3
563147, 3
493070, 3
316938, 3
370627, 3
340145, 3
596897, 3
242734, 3
181743, 3
599191, 3
301591, 3
326877, 3
663687, 3
465831, 3
1020, 3
202697, 3
237389, 3
357293, 3
664905, 3
238562, 3
276034, 3
273062, 3
486326, 3
542313, 3
194305, 3
293644, 3
559224, 3
263560, 3
302020, 2
65549, 3
569080, 3
604932, 3
180874, 3
548207, 3
62184, 3
369078, 2
527797, 3
208234, 3
442996, 3
441930, 3
512408, 3
665253, 3
219826, 3
332956, 3
337129, 3
78620, 3
505995, 3
137395, 3
25280, 3
22835, 3
511722, 3
351455, 3
405979, 3
608304, 3
176652, 3
369197, 3
217856, 1
453548, 3
644700, 3
543295, 3
331887, 3
605332, 3
128937, 3
207878, 3
89061, 3
384136, 3
617799, 2
289682, 3
543346, 3
601174, 3
428162, 3
325730, 3
275846, 3
379070, 3
137634, 3
451036, 2
555186, 3
587733, 3
279991, 3
40519, 3
247679, 3
140047, 3
538869, 3
33500, 3
92842, 3
130858, 2
169808, 3
463867, 3
213947, 3
589622, 3
324902, 3
189332, 3
433439, 3
530342, 2
151021, 3
61200, 3
542638, 3
26996, 3
248388, 3
279755, 3
518538, 3
256501, 3
520882, 2
436248, 3
395938, 2
196221, 3
178618, 3
628002, 3
14272, 3
5955, 3
305514, 1
499782, 3
165041, 3
230553, 3
561904, 3
484530, 3
344101, 3
524849, 3
253522, 3
545489, 3
463908, 3
210245, 3
542978, 3
567698, 3
82109, 3
148155, 3
216972, 3
613082, 3
357162, 3
13432, 3
385267, 3
186317, 3
90180, 3
528158, 3
243283, 3
634961, 3
293512, 3
57314, 3
210022, 3
474595, 3
491218, 3
33617, 3
23899, 3
1466, 3
423296, 3
312374, 3
75630, 3
645917, 3
252626, 3
210297, 3
343117, 3
291865, 3
551509, 3
411814, 3
420756, 3
644036, 3
36208, 3
476277, 3
6515, 3
440061, 3
529728, 3
101297, 3
30688, 3
312873, 3
437155, 3
177358, 3
582633, 3
150722, 3
114375, 3
60862, 2
516333, 3
585694, 3
339185, 3
627512, 3
569848, 3
34854, 3
616487, 3
538850, 3
39738, 3
643154, 2
535951, 3
383388, 3
247815, 3
37259, 2
146022, 3
112942, 2
236383, 3
104850, 3
455044, 3
208255, 3
189083, 3
577680, 3
561875, 3
38159, 3
144238, 3
660355, 2
211160, 3
377696, 3
102529, 3
218973, 3
468356, 3
382862, 3
160442, 3
334430, 3
640440, 3
21562, 3
380495, 3
277859, 3
233848, 3
241674, 3
192153, 3
30913, 3
482948, 3
16096, 3
535586, 3
501221, 3
464648, 3
611567, 3
89597, 3
411682, 3
460614, 3
107868, 3
601784, 3
45970, 1
337700, 3
559586, 3
65239, 3
90413, 1
492368, 3
195452, 3
372344, 3
630910, 3
106474, 3
138957, 3
653680, 3
545038, 3
545572, 3
550670, 3
231581, 3
115093, 3
221408, 3
422315, 3
550017, 3
254727, 3
663996, 3
389969, 3
350202, 3
515595, 2
429348, 3
241534, 3
36552, 3
569332, 3
99081, 3
96302, 3
484753, 3
62138, 3
301776, 3
265172, 3
136283, 3
508888, 3
59631, 3
576489, 2
60918, 3
284363, 3
523336, 3
547050, 3
570885, 3
341075, 3
538100, 3
541312, 3
642477, 3
657115, 3
580897, 2
414383, 3
481097, 3
356777, 3
552729, 3
569810, 3
318256, 3
325772, 3
664724, 3
589837, 3
386127, 3
252091, 3
330963, 3
246856, 3
544139, 3
337238, 3
100779, 3
592592, 3
341414, 3
579888, 3
491535, 3
430712, 3
221712, 3
373205, 3
581705, 3
286190, 3
287816, 3
283925, 3
480402, 2
409401, 3
396084, 3
245535, 3
233294, 3
353035, 3
277611, 3
482576, 3
398813, 3
11893, 3
663043, 3
657913, 3
69601, 3
301022, 3
86726, 3
434665, 3
61105, 3
514619, 3
105994, 3
385642, 3
637861, 3
83345, 3
206149, 3
45153, 3
636586, 3
77671, 2
85859, 3
630583, 3
161352, 3
513304, 3
286339, 3
466499, 3
355684, 2
274380, 3
585490, 3
78050, 3
663168, 3
610031, 1
589410, 3
36000, 3
190837, 3
507340, 3
359089, 3
126043, 3
161901, 3
229730, 3
240088, 2
62535, 3
534626, 3
540233, 3
388884, 3
157384, 3
566069, 3
621554, 3
576003, 3
368859, 3
628498, 3
210147, 1
67708, 3
407680, 3
39211, 3
330175, 3
461530, 3
356268, 3
176607, 3
414676, 3
109710, 3
203214, 3
655612, 3
293739, 3
285914, 3
368338, 3
352283, 3
243034, 3
192240, 3
520156, 3
88265, 3
12816, 3
441138, 3
497135, 3
613838, 3
493752, 3
191159, 3
279172, 3
415997, 3
315080, 3
421796, 3
568045, 3
71193, 3
657617, 3
477950, 3
632489, 3
137295, 3
44474, 3
485367, 3
270211, 3
75858, 3
57340, 3
557087, 3
393676, 3
622948, 3
588208, 3
296240, 3
528495, 2
214128, 3
242511, 3
396172, 3
321867, 3
342990, 3
582902, 3
410848, 3
538444, 3
467984, 3
394123, 3
560775, 3
72830, 3
550945, 3
275069, 3
82208, 3
588197, 3
242150, 3
469675, 3
494293, 3
586492, 3
59570, 3
116890, 3
635505, 3
498952, 3
446874, 3
326384, 3
99058, 3
180822, 3
103878, 3
454415, 3
500848, 3
476155, 3
443572, 3
24853, 3
511364, 3
102617, 3
249619, 3
388198, 3
156957, 3
311286, 3
134749, 3
187108, 3
410583, 3
507152, 3
205323, 3
422325, 3
517614, 3
112790, 3
320069, 3
574312, 3
29413, 3
325838, 3
383363, 3
469954, 3
361969, 3
106044, 3
66029, 3
506524, 3
4285, 3
326252, 3
649679, 3
353490, 3
277067, 3
480158, 3
569616, 3
188419, 3
653238, 3
41935, 3
395318, 3
359762, 3
228324, 3
297094, 3
554452, 3
345151, 3
387060, 3
570095, 3
57913, 3
151919, 3
495107, 3
95187, 3
345429, 3
326869, 3
87307, 3
455503, 3
39673, 3
169517, 3
643017, 3
504791, 3
472050, 3
69820, 3
358156, 3
565301, 3
20665, 3
422369, 3
528789, 3
569801, 3
473022, 2
633738, 3
524108, 3
613602, 3
241870, 3
117442, 3
575543, 3
489166, 3
254379, 1
299603, 3
152306, 3
437950, 3
188259, 3
76717, 3
609058, 3
504362, 3
566562, 3
420425, 3
483525, 3
615558, 3
484027, 3
59921, 3
502, 3
359498, 3
467567, 3
162778, 3
205407, 3
599943, 3
231228, 3
482253, 3
506300, 3
308943, 3
132238, 3
300040, 3
253367, 3
512141, 3
427001, 3
6463, 3
215812, 2
653607, 3
231511, 3
417305, 3
347134, 3
127610, 2
45735, 3
422244, 3
379170, 3
87950, 3
87537, 3
366509, 3
123193, 3
506902, 3
347621, 3
385554, 3
343740, 3
216376, 3
569658, 3
41682, 3
519090, 3
161583, 3
297095, 3
522448, 3
252984, 3
133447, 3
119078, 3
414784, 3
91664, 3
2691, 3
646058, 3
564133, 3
19422, 3
23332, 3
138895, 3
349935, 3
376004, 3
186352, 3
102545, 3
128705, 3
275098, 3
633713, 3
462103, 3
547138, 3
568603, 3
413649, 3
496373, 3
382094, 3
413681, 3
481221, 3
433817, 3
621648, 3
291125, 3
380850, 3
204673, 3
647537, 3
367130, 3
74232, 3
382758, 3
358838, 3
600961, 3
102659, 3
260962, 3
322037, 3
410265, 3
452617, 3
557360, 3
9883, 3
563738, 3
390643, 3
519712, 3
459349, 3
380901, 3
365859, 3
659105, 3
111484, 3
1501, 3
109903, 3
125945, 3
450375, 3
299145, 3
331543, 3
449617, 3
344453, 3
363836, 3
599465, 3
512156, 3
559707, 3
439139, 3
426563, 3
194263, 3
534410, 3
616720, 3
274959, 3
642143, 3
616778, 3
411486, 3
418928, 3
192451, 3
34491, 3
495859, 3
36256, 3
530217, 3
329305, 3
268977, 3
73681, 3
275192, 3
198398, 3
419907, 3
611365, 3
545995, 1
499436, 3
588153, 3
346602, 3
612909, 3
294355, 3
239215, 3
593935, 3
90713, 3
337162, 3
320497, 3
315282, 3
16415, 3
471077, 3
111020, 3
420721, 3
26602, 3
584219, 2
388903, 3
196389, 3
393483, 3
529348, 3
472429, 3
629035, 3
513389, 3
94607, 3
369885, 3
111894, 3
187719, 3
64692, 3
272724, 3
325632, 3
577064, 3
81129, 3
467179, 3
445239, 3
1151, 3
608520, 3
509576, 3
657070, 2
204238, 3
642741, 3
236614, 3
261650, 3
629190, 3
3054, 3
302142, 2
645160, 3
157670, 3
28596, 3
650053, 3
217873, 3
327979, 3
97454, 3
83489, 3
180761, 3
162453, 3
102764, 3
83288, 2
464293, 3
67881, 3
28731, 3
10634, 3
6729, 3
120492, 3
348839, 3
459069, 3
231139, 3
547435, 3
564567, 3
444294, 3
131048, 3
405624, 3
199868, 3
234414, 3
251969, 3
328195, 3
93860, 3
102456, 3
481163, 3
463591, 3
598005, 3
280973, 3
41826, 3
78564, 3
196751, 3
136101, 3
192698, 3
25214, 3
57060, 3
206651, 3
593401, 3
401556, 3
355324, 3
253841, 3
571880, 3
361005, 3
121699, 2
530242, 3
530131, 3
91666, 3
350053, 3
569056, 3
275223, 3
420934, 3
377213, 3
296485, 3
343537, 3
249814, 3
5553, 3
311237, 3
404700, 3
154914, 3
403380, 3
584364, 3
449012, 3
276788, 3
403123, 3
41882, 3
12841, 3
348555, 3
463796, 2
332821, 3
94779, 3
510242, 3
461402, 2
474937, 3
18575, 3
403240, 3
56045, 3
569437, 3
40442, 3
258384, 3
23483, 3
381741, 3
447035, 3
556102, 3
194234, 3
590426, 1
12663, 3
239196, 2
311183, 3
562112, 3
427165, 3
239577, 3
527986, 3
489703, 3
114783, 3
133404, 3
630649, 3
75435, 3
350622, 1
265833, 1
154405, 3
526848, 3
634803, 3
285034, 3
557932, 3
363494, 3
492877, 3
64272, 3
515420, 3
53754, 3
321904, 3
294921, 3
581561, 3
406671, 3
612876, 3
517374, 3
247839, 3
254637, 3
273976, 3
371528, 3
533588, 3
203948, 3
558834, 3
568565, 3
284458, 3
462530, 3
375728, 3
554499, 3
306994, 3
238533, 3
153833, 3
660814, 3
536822, 3
535459, 3
623726, 3
552544, 3
75391, 3
43913, 1
354968, 3
564922, 2
615291, 3
41229, 3
459635, 3
17195, 3
78727, 3
45410, 3
221057, 3
79129, 3
426929, 3
177937, 3
149592, 3
92873, 3
658983, 3
334753, 3
72103, 3
463902, 2
154112, 3
129804, 3
155048, 3
41823, 3
460695, 2
167512, 3
45939, 3
402570, 3
403084, 3
358372, 3
567334, 3
274981, 3
642215, 3
267242, 3
518343, 3
346534, 3
56594, 3
577598, 3
578387, 3
129012, 3
97288, 3
351800, 3
513210, 3
494307, 3
130917, 3
123975, 3
112671, 3
496082, 3
538347, 3
96801, 3
183349, 3
628286, 3
599441, 3
166836, 3
58665, 2
255726, 3
436786, 2
447933, 3
468935, 3
349185, 3
318760, 3
299131, 3
378253, 3
481935, 3
248839, 3
351174, 3
495664, 3
550790, 3
154437, 3
11790, 3
8289, 3
658743, 3
538855, 3
317614, 3
466157, 3
111165, 3
531905, 3
413124, 3
189314, 3
55877, 3
632732, 3
655879, 3
127659, 3
448876, 3
97605, 3
505497, 3
105070, 3
527277, 3
338451, 3
508195, 3
530689, 3
456042, 3
139774, 3
550025, 3
384683, 3
545035, 3
513322, 3
617777, 2
80985, 3
331566, 3
247189, 3
650014, 3
101097, 3
65564, 3
177712, 3
19377, 3
648819, 3
549727, 3
312913, 1
355166, 3
104630, 3
400614, 3
626241, 3
458557, 3
32024, 3
207863, 3
327125, 3
553103, 3
399807, 3
583373, 3
194810, 3
402387, 3
662216, 3
352539, 3
391240, 3
87672, 3
432606, 3
230889, 3
209285, 3
27245, 3
133160, 3
439893, 3
607211, 3
117883, 3
446564, 3
397384, 3
106808, 3
488884, 3
621633, 3
40167, 3
172244, 3
418931, 3
273403, 3
289919, 3
357405, 3
445484, 3
86224, 3
228390, 2
336533, 3
272199, 3
488284, 3
557589, 3
331870, 3
431797, 3
331277, 3
252208, 3
487077, 3
36960, 3
390536, 3
573524, 2
461739, 3
368129, 3
319887, 3
354279, 3
369090, 2
199611, 3
373523, 3
287783, 3
419918, 3
25503, 3
225082, 3
472912, 3
428659, 3
642319, 3
298938, 3
647245, 3
300724, 2
78798, 3
296896, 3
88808, 3
217195, 3
216986, 3
178691, 3
322378, 3
101792, 3
579953, 3
414345, 3
532843, 3
192199, 3
302124, 3
361380, 3
207674, 3
535409, 3
123867, 3
315093, 3
385605, 3
606662, 3
472669, 3
660481, 3
290154, 3
53490, 3
533256, 3
614930, 3
190620, 3
274794, 3
391408, 3
552489, 3
260886, 3
484462, 3
634817, 3
595412, 3
271488, 3
369606, 3
356718, 3
82804, 3
534318, 3
20218, 3
418426, 3
172511, 3
529784, 3
369378, 3
661564, 3
98176, 3
105521, 3
340896, 3
441635, 3
586334, 3
116785, 3
91249, 3
516071, 3
413737, 3
345080, 3
373179, 3
547105, 3
85991, 3
615741, 3
438915, 3
106502, 3
63864, 3
407154, 3
207197, 3
272961, 3
500734, 3
513964, 2
563271, 3
554330, 3
43149, 3
265448, 3
480088, 3
162257, 3
606326, 3
79807, 3
202313, 3
338866, 3
287298, 3
277628, 3
473308, 3
126779, 3
501969, 3
352259, 3
130524, 3
376468, 3
205245, 3
372890, 3
591906, 3
585903, 3
283360, 3
443472, 3
525936, 3
591537, 3
361198, 3
8208, 3
498159, 3
547910, 3
356924, 3
58004, 3
116824, 3
397594, 3
262804, 3
411791, 3
430841, 2
522630, 1
150339, 3
445765, 3
461725, 3
412433, 3
227779, 3
94654, 3
380727, 3
158082, 3
242800, 3
513038, 3
5159, 3
633823, 3
438667, 3
22456, 3
20131, 3
112636, 3
74580, 1
154905, 3
273960, 3
405188, 3
481775, 3
626928, 3
28049, 3
214399, 3
232597, 3
529559, 3
71577, 3
296144, 3
530067, 3
551264, 3
562430, 3
456181, 3
561175, 3
353854, 3
428974, 3
193489, 3
422908, 3
311122, 3
184597, 3
238594, 3
505597, 3
488170, 3
288942, 3
98079, 3
603648, 3
421011, 2
362641, 3
200968, 3
601438, 3
591636, 3
343235, 3
50198, 3
165594, 3
226314, 3
108517, 3
558670, 3
551013, 3
59313, 3
582594, 3
313507, 3
576259, 2
449630, 3
20096, 3
574527, 3
630954, 3
134215, 3
184468, 3
327875, 3
5853, 3
542160, 3
384356, 3
410167, 3
255348, 3
68050, 3
517323, 3
64003, 3
514715, 3
640436, 1
35089, 3
226613, 3
415280, 3
60158, 3
185319, 3
425160, 3
393771, 3
531169, 2
399883, 3
8541, 3
601830, 3
523753, 3
364991, 3
125246, 3
167303, 3
513025, 3
253486, 3
449981, 3
185224, 3
658221, 3
11545, 3
343156, 3
608078, 3
472218, 3
288846, 3
660998, 3
29300, 3
280146, 3
311726, 3
242162, 3
143897, 3
450082, 1
655254, 3
460561, 3
514901, 3
610550, 3
129860, 3
630420, 3
520690, 3
626684, 3
170861, 3
30816, 3
614420, 3
485761, 3
27511, 3
399775, 3
78227, 3
106557, 3
151291, 3
90122, 3
226441, 3
276716, 3
478837, 3
39281, 3
478500, 3
257001, 3
486931, 3
649514, 3
188241, 3
108925, 3
564079, 3
424259, 3
399330, 3
325255, 3
173172, 3
615622, 3
305208, 3
353879, 3
167746, 3
244996, 3
367138, 3
478762, 3
350246, 3
302923, 3
223179, 3
645031, 3
18013, 3
654400, 3
309801, 3
163567, 3
573503, 3
455925, 3
33643, 3
499816, 3
364522, 3
71510, 3
312038, 3
587819, 3
182435, 3
424570, 3
211501, 3
181229, 3
35929, 2
262165, 3
347106, 3
153572, 3
263425, 3
652408, 3
41151, 3
480463, 3
442525, 3
664487, 1
360640, 3
303385, 3
448278, 3
633486, 3
511011, 2
209343, 3
546783, 3
494251, 3
108479, 3
561290, 3
390583, 3
436297, 3
283081, 3
616273, 3
625226, 2
293657, 3
653635, 3
172573, 3
464080, 3
459603, 3
608929, 3
194877, 3
454991, 3
37011, 3
446777, 3
45118, 3
400927, 3
523651, 3
211129, 3
234249, 3
492744, 3
530112, 3
32775, 3
410697, 3
495058, 3
2673, 3
260449, 3
335962, 3
258925, 3
93191, 3
532718, 3
68179, 3
262680, 3
121862, 3
226515, 3
165772, 3
497328, 3
440414, 3
424983, 3
482334, 3
363640, 3
593720, 3
366053, 3
549265, 3
548002, 3
245200, 3
473183, 3
564800, 3
490586, 2
574709, 2
286967, 3
512809, 3
521170, 3
554523, 3
140664, 1
611871, 3
438740, 3
656176, 3
643330, 3
597472, 3
10563, 3
268066, 3
168279, 3
118474, 3
145633, 3
212397, 3
620054, 3
230969, 2
161717, 3
61983, 3
656743, 3
111456, 3
485176, 3
612913, 3
592425, 3
334573, 3
281592, 3
525464, 3
171739, 3
276315, 3
135222, 3
276916, 3
613960, 3
24003, 3
377695, 3
354152, 3
15761, 3
478770, 3
375190, 3
35868, 3
197638, 3
240517, 3
252181, 3
502580, 3
660620, 3
215228, 3
459969, 3
412742, 3
4935, 3
485207, 3
460744, 3
61457, 3
111993, 3
11561, 3
509780, 3
379217, 3
482846, 3
526460, 3
507114, 3
38931, 3
242060, 3
47629, 3
12292, 3
126511, 3
410218, 3
255149, 3
421742, 3
435640, 3
554378, 3
78568, 3
113984, 3
122843, 3
246284, 3
11380, 2
115560, 3
75324, 3
295690, 3
455821, 3
111346, 3
424168, 3
191628, 3
83363, 3
42058, 3
97935, 3
222267, 3
655218, 3
343244, 3
214400, 3
578962, 3
189475, 3
353483, 3
43929, 3
551124, 3
529428, 3
640703, 3
634959, 3
148292, 3
429931, 3
100840, 3
542719, 3
564269, 3
66441, 3
248758, 3
382159, 3
79156, 3
420194, 3
262271, 3
553333, 3
331790, 1
160594, 3
157114, 3
472454, 3
447984, 3
51410, 3
144180, 3
5140, 3
142634, 1
156425, 3
411387, 3
164356, 3
647881, 3
95811, 3
421769, 3
120159, 3
593524, 3
54860, 3
540846, 3
624633, 3
424993, 3
477181, 3
410178, 3
175710, 3
138366, 1
346144, 3
461108, 3
212631, 3
85755, 3
543146, 3
417260, 3
295362, 3
616110, 3
560809, 2
356349, 3
380512, 3
239936, 3
100978, 3
533135, 3
596341, 3
240232, 3
493879, 3
585863, 3
473559, 3
484857, 3
353070, 3
19648, 3
72871, 3
295857, 3
450955, 3
642687, 3
629722, 3
150690, 3
226516, 3
624486, 3
159342, 3
137032, 3
197682, 3
544862, 3
130692, 3
601916, 3
359677, 3
604283, 3
419637, 3
565461, 3
70549, 3
530658, 3
161658, 3
377290, 3
45568, 3
128667, 3
421956, 3
472670, 3
387807, 3
151974, 3
364233, 3
115007, 3
429180, 3
235493, 3
460965, 3
476023, 2
208268, 3
629872, 3
396125, 3
316971, 3
366704, 3
389975, 3
450377, 3
489029, 3
437087, 3
485939, 2
332265, 3
304813, 3
43734, 3
578423, 3
305964, 3
131214, 3
138291, 3
306983, 3
475851, 3
267305, 3
383468, 3
65012, 3
63343, 3
560345, 3
365620, 3
379118, 3
175589, 3
357598, 3
161855, 3
384514, 3
194566, 3
252611, 3
417237, 3
1462, 3
612631, 2
367290, 3
161031, 3
477411, 3
238319, 3
323778, 3
407794, 3
523188, 3
3675, 3
401892, 3
418335, 3
511561, 3
409350, 3
138041, 3
466397, 3
645960, 3
167849, 3
184654, 3
115104, 3
226871, 3
601840, 3
518522, 3
394785, 3
65243, 3
611090, 3
13513, 3
445510, 3
434585, 3
283724, 3
375330, 3
519959, 3
362296, 3
450168, 3
40937, 3
596677, 3
284747, 3
461659, 3
319520, 2
166509, 3
265582, 1
345247, 3
227722, 3
89459, 3
624714, 3
662388, 3
532707, 3
159337, 3
374111, 3
381188, 3
40707, 3
543661, 3
305017, 3
424207, 3
522885, 2
200773, 3
555459, 3
631237, 3
62923, 3
38955, 3
67034, 3
322335, 3
81553, 3
218471, 3
339674, 2
216443, 1
25349, 3
265461, 3
321808, 3
61480, 3
312294, 3
330431, 3
551037, 3
6942, 3
217232, 3
532919, 3
202145, 3
477194, 3
571910, 3
162573, 3
150628, 2
547760, 3
620655, 3
402539, 3
207866, 3
2847, 3
409639, 3
339518, 3
599338, 3
65532, 3
315458, 3
106237, 3
355897, 3
446586, 3
297706, 3
48247, 3
624778, 3
601457, 3
481176, 3
514739, 3
256081, 3
129642, 3
201277, 3
484771, 3
296229, 3
43181, 3
327719, 1
39516, 2
125699, 3
462496, 3
488023, 3
65301, 3
258884, 3
530419, 3
603618, 3
403074, 3
88884, 3
98169, 3
608451, 3
162910, 3
543497, 3
288553, 3
28292, 3
356577, 2
553584, 3
204074, 3
451783, 3
94874, 3
632656, 3
133163, 3
110006, 3
368948, 3
395655, 2
20130, 3
376205, 3
480133, 3
114407, 3
442257, 3
439019, 3
279276, 3
509265, 3
284043, 3
302089, 3
154476, 3
439371, 3
80111, 3
344839, 2
469919, 1
543677, 3
592564, 3
250172, 3
403959, 3
257048, 3
626357, 3
464181, 3
630228, 3
409471, 3
440218, 2
450681, 3
341104, 3
191138, 3
317858, 3
539654, 3
84284, 3
281023, 3
254228, 3
623807, 3
657789, 3
273413, 3
487274, 3
94972, 3
271302, 3
500797, 3
261067, 3
333078, 3
637602, 3
88025, 3
137720, 3
158515, 3
553482, 3
513790, 3
150231, 3
505763, 3
633815, 3
465510, 2
272633, 3
375400, 3
249970, 3
614814, 3
657480, 1
199360, 3
252938, 3
577541, 3
259541, 2
112929, 3
51351, 3
184511, 3
590703, 3
261975, 3
303704, 3
255537, 3
116127, 3
411025, 3
127778, 3
378910, 3
646760, 3
621317, 3
240648, 3
525456, 3
613400, 3
433749, 3
619257, 3
137832, 3
323100, 3
522276, 1
456550, 3
86886, 3
413959, 3
147405, 3
609872, 3
369713, 3
577353, 3
23092, 3
43749, 3
616297, 3
475586, 3
192531, 3
9514, 3
545382, 3
378166, 3
34750, 3
187112, 3
9160, 3
648236, 3
110582, 3
48134, 3
437852, 3
197285, 3
511544, 3
289762, 3
278064, 3
16973, 2
421643, 3
620720, 3
254139, 3
174543, 3
100145, 3
596354, 3
612820, 3
127041, 1
98679, 3
581999, 3
593765, 3
544140, 3
285980, 3
12395, 3
345520, 3
552161, 3
74194, 3
619505, 3
152086, 3
509092, 3
466507, 3
538239, 3
528748, 3
263215, 3
70385, 3
332160, 3
606695, 3
516080, 3
116578, 3
428841, 3
541372, 3
199747, 3
640534, 3
642179, 3
32944, 3
430244, 3
560694, 3
13468, 3
428091, 3
241317, 3
306026, 3
284055, 3
38622, 3
39646, 3
119244, 2
644622, 3
291744, 3
56277, 3
24329, 3
652707, 3
405114, 3
313281, 3
174915, 3
131276, 3
273755, 3
53128, 3
119861, 3
661840, 3
284850, 3
440349, 3
614651, 3
76483, 3
553253, 3
463858, 3
98110, 3
586755, 3
1851, 3
291076, 3
462703, 3
82456, 3
65660, 3
86863, 3
303765, 3
182867, 3
300853, 3
292185, 3
226374, 3
549530, 3
395534, 3
278634, 3
321179, 3
565332, 2
605468, 3
144464, 3
329562, 3
623089, 3
359508, 3
640707, 3
110848, 3
578062, 3
494052, 3
578105, 3
43496, 3
643687, 3
539619, 3
181785, 3
307275, 3
236820, 3
336580, 3
529454, 3
41860, 3
155180, 3
592153, 3
439342, 3
248921, 3
657233, 3
595183, 3
650198, 3
49600, 3
128342, 3
321326, 3
450441, 3
591767, 3
541822, 3
654142, 2
447211, 3
585828, 3
390973, 3
174675, 3
431457, 3
355511, 3
591370, 2
266288, 3
532646, 3
126141, 3
472936, 3
507657, 3
199410, 3
393417, 2
45586, 3
489478, 3
609611, 2
412769, 3
495653, 3
526057, 3
257956, 3
400914, 3
356766, 3
537283, 3
545859, 3
476660, 3
596759, 3
315488, 3
233142, 3
133814, 3
71857, 2
293600, 3
437531, 3
578180, 3
86389, 3
280244, 3
190624, 3
177525, 3
309254, 3
219011, 3
28402, 3
189130, 3
178597, 3
327662, 3
643334, 3
67029, 3
339599, 3
202940, 3
248991, 3
102333, 3
140459, 3
386017, 3
334138, 3
42857, 3
658716, 3
596133, 3
267187, 3
301427, 3
448545, 3
368755, 3
361617, 2
461908, 3
226127, 3
362859, 3
384685, 3
519678, 3
642900, 3
161186, 3
534194, 3
202885, 3
505056, 3
239563, 3
317316, 3
10513, 3
100487, 2
593478, 3
66027, 3
516645, 2
101935, 3
339234, 2
217359, 3
16465, 3
344474, 3
258766, 3
498029, 3
28303, 3
476982, 3
279133, 3
411854, 3
49881, 2
87761, 2
390473, 3
253755, 3
603019, 3
593953, 3
38007, 3
26580, 1
188161, 3
390204, 3
305204, 3
487885, 3
443055, 3
23689, 3
507316, 3
572316, 2
324662, 3
418845, 3
389707, 2
392387, 3
224285, 3
413760, 3
74428, 3
403928, 3
456973, 3
325536, 3
144425, 3
409400, 3
1552, 3
429504, 3
362886, 3
651687, 3
92854, 3
482890, 3
165149, 3
387508, 3
293110, 3
194778, 3
25325, 3
227899, 3
419238, 3
285969, 3
509395, 3
203492, 3
69644, 3
170131, 3
391716, 3
506427, 3
533223, 3
256204, 3
491525, 3
187133, 3
368402, 3
188194, 1
399662, 1
357040, 2
179947, 3
522795, 1
212324, 3
211083, 3
84952, 3
130314, 3
3240, 3
610597, 2
142639, 3
143627, 3
242331, 3
556759, 3
444063, 3
596951, 3
108845, 3
219597, 3
435333, 1
632247, 3
243169, 3
134965, 3
152498, 3
564065, 2
254564, 3
637239, 3
400583, 3
456320, 3
68802, 3
62115, 3
293116, 3
50517, 3
417855, 3
525177, 3
255966, 3
18593, 3
255887, 3
42982, 3
7760, 3
582107, 2
309325, 3
70450, 3
622665, 3
468716, 1
140977, 3
265331, 3
162528, 2
608722, 3
531492, 3
88269, 3
19186, 3
507209, 3
520122, 3
396629, 3
589899, 3
462836, 3
337227, 3
34622, 3
207568, 3
626808, 3
160938, 3
167724, 3
334466, 3
53793, 3
248378, 3
128358, 3
527747, 3
204834, 3
197670, 3
580823, 1
85595, 1
591863, 3
263760, 3
187425, 3
554407, 3
587090, 3
484148, 3
338867, 3
101063, 3
506478, 3
363348, 3
580302, 3
154627, 3
142666, 3
199437, 3
195992, 3
296058, 1
359246, 3
393116, 3
144747, 3
114158, 3
423473, 3
261388, 3
591620, 3
493415, 3
317866, 3
325561, 3
429547, 3
217023, 2
642937, 3
254225, 3
174585, 3
259340, 3
486894, 3
245485, 3
209238, 1
68113, 3
153167, 3
299135, 3
135169, 3
582188, 3
103815, 3
382764, 3
483974, 3
242154, 3
53894, 3
6399, 3
359065, 3
520316, 3
345075, 3
95382, 3
526862, 3
335127, 3
367428, 3
99412, 3
277997, 3
22433, 3
664097, 3
198659, 3
157297, 3
277995, 3
209208, 3
170529, 3
177775, 3
604736, 1
240973, 3
85750, 3
16289, 3
543144, 3
329585, 3
235293, 3
627176, 3
604204, 3
340550, 3
534245, 3
42931, 3
222431, 3
318790, 3
220150, 3
123492, 3
654377, 3
659777, 3
601485, 3
223150, 3
544190, 3
443058, 3
325869, 3
117697, 3
498732, 3
554781, 3
450079, 3
274273, 1
3032, 3
188954, 3
235209, 3
416407, 3
357401, 3
483908, 3
87602, 1
22579, 3
444591, 3
252109, 3
121179, 3
660395, 3
91524, 3
432050, 1
466885, 3
205388, 3
282158, 3
147423, 3
598712, 3
622700, 3
78531, 3
291413, 3
588834, 3
472081, 3
603125, 3
272456, 3
574802, 3
598531, 3
356199, 3
218791, 2
168725, 3
184935, 3
378438, 3
488740, 3
305741, 3
339412, 3
276299, 3
70227, 3
136732, 3
392778, 2
34320, 3
211051, 3
306290, 3
74251, 3
628983, 3
56736, 3
364625, 3
532313, 3
364744, 3
406277, 3
628008, 3
171938, 3
394731, 3
571286, 3
378432, 1
262941, 3
135796, 3
32, 3
113712, 3
264579, 2
15431, 3
402311, 3
559606, 3
258584, 3
103037, 3
290621, 3
439585, 3
199443, 3
76858, 3
617701, 3
153973, 3
633126, 3
508756, 3
656775, 3
429704, 3
26664, 3
606108, 3
523016, 3
134701, 3
82085, 3
285141, 3
624488, 3
124852, 3
552315, 3
257566, 2
570618, 3
144069, 3
343325, 3
436443, 3
33933, 3
419366, 3
357409, 3
284386, 3
290117, 3
312182, 3
60319, 3
174664, 3
124541, 3
312667, 3
129670, 3
471738, 3
222651, 3
258385, 3
488452, 3
38076, 2
524745, 2
40886, 3
333655, 3
470126, 3
580701, 3
217526, 3
339967, 3
203983, 3
566693, 3
148986, 3
591711, 3
472510, 3
422689, 3
106404, 3
514311, 3
242198, 3
208070, 3
583146, 3
74124, 3
157203, 3
38029, 3
590335, 3
259194, 3
443371, 3
104772, 3
621721, 3
167109, 3
516100, 3
512784, 3
373955, 3
616112, 3
481645, 3
107598, 3
79621, 3
619634, 3
492876, 3
638126, 3
432662, 3
60064, 3
318560, 3
60223, 3
268721, 3
194807, 3
290809, 3
66911, 3
19184, 3
454901, 3
229627, 3
604559, 3
232388, 3
12361, 3
119483, 3
555992, 3
453434, 3
54957, 3
191198, 3
153584, 3
641590, 3
44516, 3
85005, 1
304292, 3
39964, 3
274877, 3
130433, 3
11208, 3
437936, 3
88788, 2
624270, 3
44741, 3
93858, 3
294626, 3
202074, 3
353160, 3
76558, 3
592521, 3
573565, 3
568402, 3
478826, 3
434498, 3
659640, 3
384091, 3
490647, 3
626440, 3
385040, 3
99171, 3
621119, 3
431625, 3
660569, 3
366937, 3
288896, 1
227165, 3
633515, 3
341706, 3
278725, 3
333630, 3
515680, 3
648908, 3
567231, 3
621038, 3
615800, 3
643045, 3
474695, 3
55907, 3
281297, 3
576646, 3
430030, 3
48854, 3
467690, 2
133707, 3
51058, 3
564229, 3
418223, 3
267091, 3
208663, 3
551377, 3
482748, 3
145905, 3
160235, 3
575794, 3
359606, 3
165895, 3
194158, 3
625436, 3
229543, 3
464690, 3
335227, 3
368723, 3
238604, 3
132257, 3
664027, 3
265779, 3
585416, 3
17712, 3
613325, 3
458795, 3
643879, 2
618828, 3
624193, 3
106868, 3
186899, 3
554550, 3
547882, 3
31312, 3
17526, 2
500445, 3
543594, 3
509248, 3
511498, 3
418848, 3
503368, 3
71780, 3
75771, 3
188416, 3
573463, 3
518998, 3
503571, 3
355668, 3
109086, 3
289649, 3
383534, 3
416227, 2
207998, 3
355174, 3
594028, 3
556781, 3
568697, 3
281153, 3
454812, 3
608384, 3
545332, 3
319822, 3
509692, 3
203584, 3
639048, 3
77437, 2
156296, 3
8955, 3
354636, 3
384617, 3
540130, 3
636051, 3
474000, 3
404761, 3
44727, 3
347785, 3
227212, 3
136118, 3
463757, 3
98417, 3
614959, 3
281651, 3
356303, 3
96955, 3
330083, 3
439494, 3
314912, 3
560453, 3
145743, 3
115263, 3
82932, 3
163592, 3
136177, 3
350013, 3
435322, 3
192461, 3
572481, 3
200220, 3
375365, 3
602816, 3
526642, 3
147177, 3
20147, 3
528383, 3
269443, 3
562095, 3
35633, 3
572781, 2
199680, 3
515176, 3
615725, 3
588766, 3
620813, 3
365681, 3
367115, 3
419556, 3
36421, 3
531577, 1
224549, 3
207164, 3
650287, 3
130981, 3
220475, 3
281860, 3
260620, 3
315825, 3
137515, 3
166195, 3
575964, 3
258399, 3
171736, 3
82765, 3
546601, 3
523854, 3
110869, 3
650592, 2
616302, 3
23939, 3
413024, 3
22018, 3
296411, 3
185997, 3
543949, 3
475202, 3
233792, 3
479114, 3
187536, 3
137298, 3
21387, 3
623462, 3
328591, 3
442491, 3
216764, 1
176977, 3
328582, 3
253110, 3
85355, 3
465965, 3
382408, 3
164008, 3
122384, 3
207938, 3
389536, 3
109559, 3
634241, 3
207720, 3
278366, 3
542760, 3
49662, 3
34321, 3
577582, 3
470165, 3
21282, 3
558043, 3
513061, 3
634699, 3
146776, 3
389350, 3
217575, 3
207564, 3
509134, 3
608378, 2
468805, 3
276332, 3
43055, 3
149837, 3
55873, 3
226930, 3
426022, 3
215365, 3
201102, 3
156083, 3
99859, 2
102716, 3
344201, 3
344495, 3
146076, 3
25813, 3
517376, 3
334605, 3
25012, 3
388394, 3
575241, 1
220996, 3
406958, 3
181016, 3
397981, 3
77829, 3
568155, 3
265030, 3
201097, 3
27431, 3
359290, 3
402983, 3
634648, 3
166419, 3
435199, 1
610404, 3
218015, 3
571053, 3
31383, 3
578612, 3
410334, 3
509707, 3
493410, 3
556813, 3
213518, 3
136306, 3
3058, 3
6302, 3
38426, 3
107293, 3
37485, 3
394874, 3
190416, 3
596859, 3
56823, 3
551059, 3
253974, 3
132540, 3
29940, 3
584178, 3
591866, 3
201890, 3
383579, 3
380720, 3
320387, 3
3760, 3
619111, 3
121748, 3
29284, 3
508050, 3
410865, 3
500336, 2
530835, 3
366587, 3
260488, 3
648827, 3
541759, 3
76392, 3
106351, 3
440554, 3
491560, 3
153924, 3
204688, 2
21778, 3
168592, 3
491602, 3
368670, 3
331284, 3
161426, 3
312805, 3
442125, 3
611382, 3
460986, 3
641739, 3
427213, 3
311545, 2
243860, 3
312453, 2
374237, 3
98062, 3
602672, 3
31890, 3
527178, 3
515438, 3
499295, 3
76149, 3
483140, 3
135434, 3
5957, 3
578836, 3
268126, 3
4424, 3
337068, 3
364918, 3
433587, 3
120691, 3
446877, 3
407771, 3
158468, 3
251049, 3
333941, 3
247673, 3
241205, 3
546995, 3
643030, 3
496967, 3
248859, 3
466193, 3
566624, 3
166330, 3
46680, 3
32932, 3
109069, 3
101345, 3
323515, 3
158322, 3
412985, 3
384576, 3
539252, 3
280102, 3
248397, 3
649147, 3
257337, 3
480189, 3
153239, 3
34916, 3
8546, 3
492065, 3
327107, 3
289432, 3
578882, 3
638974, 3
79296, 3
629226, 3
108062, 3
395155, 3
571385, 3
559627, 3
428442, 3
445941, 3
253303, 3
281082, 3
590440, 3
222068, 3
39108, 3
389668, 3
75193, 3
499473, 3
12459, 3
613609, 3
404393, 3
108009, 3
212646, 3
281033, 3
221184, 1
314231, 3
107061, 3
228965, 3
488890, 1
367315, 3
126361, 3
39951, 3
562081, 3
171745, 3
342858, 3
460182, 3
138800, 3
476499, 3
595429, 3
487362, 3
277588, 3
617783, 3
656011, 3
444408, 3
35154, 3
205957, 3
575515, 3
537048, 3
447369, 3
335349, 3
455815, 3
510808, 3
95041, 3
559798, 3
403541, 3
361520, 3
1122, 3
231780, 3
137086, 3
377425, 3
566984, 3
555935, 3
390792, 3
612108, 3
613557, 3
105537, 3
517367, 3
70181, 3
293715, 3
609714, 3
100107, 3
30642, 3
73590, 3
647350, 3
327419, 3
53, 3
180089, 3
70968, 3
551350, 3
547691, 3
27024, 3
663634, 3
461690, 2
488107, 3
196988, 2
545857, 3
548900, 3
452576, 3
56964, 3
348884, 3
391257, 3
109465, 3
190570, 3
620518, 3
477219, 2
57414, 3
203902, 3
30697, 3
85740, 3
71412, 3
213071, 3
323709, 3
274087, 3
304406, 3
645406, 3
447980, 3
403423, 3
19910, 3
263447, 3
149799, 3
155927, 3
523744, 3
553692, 3
420702, 3
414074, 3
617725, 3
219717, 3
113780, 1
575574, 3
459090, 3
552456, 3
197457, 3
594858, 3
44326, 3
270047, 3
393837, 1
100816, 1
626688, 3
472974, 3
92111, 3
150361, 3
547723, 3
13267, 3
151255, 3
544228, 3
326395, 3
260541, 2
589980, 3
265460, 3
132815, 3
271255, 3
398163, 3
610492, 3
489290, 3
578365, 3
58922, 3
535478, 3
641266, 3
227352, 3
584183, 3
397843, 3
207497, 3
533943, 3
569286, 3
424713, 3
207569, 1
10400, 3
437621, 3
266945, 3
124212, 3
321354, 3
348132, 3
486943, 3
85349, 3
5807, 3
518321, 3
549145, 3
163805, 3
614435, 3
439023, 3
540944, 3
141275, 3
581107, 3
394593, 3
342863, 3
15252, 3
583282, 3
205622, 3
568223, 3
323486, 3
450805, 2
411428, 3
498308, 3
252969, 3
267049, 3
92574, 3
62885, 3
123119, 3
292539, 3
125781, 3
601990, 3
629131, 3
115935, 3
405190, 3
259846, 2
596484, 3
27854, 3
471053, 3
489721, 3
468885, 3
417483, 3
34827, 3
421658, 3
618885, 3
144498, 3
489770, 3
317723, 3
30734, 1
566240, 3
632130, 3
389204, 3
548148, 3
50473, 3
585675, 3
43875, 3
78950, 3
141141, 3
533870, 3
289491, 3
437029, 3
540792, 3
322703, 3
109063, 3
169183, 3
493648, 3
387292, 3
570437, 3
438419, 3
25791, 3
61238, 3
411246, 3
400974, 3
98867, 3
4103, 3
483680, 3
519160, 3
426027, 3
477911, 3
638531, 3
164811, 3
186312, 3
489702, 3
22151, 3
134539, 3
177252, 3
235208, 3
97046, 3
321833, 3
500076, 3
550081, 3
324626, 3
121850, 3
653291, 3
638225, 3
593237, 3
231467, 3
115886, 3
556721, 3
148716, 3
574289, 3
409420, 3
156199, 3
186612, 3
532339, 3
279612, 3
278921, 3
206331, 3
396303, 3
544981, 3
384414, 3
497070, 3
366702, 3
253875, 3
218681, 3
597618, 3
195032, 3
549628, 3
649330, 3
105330, 3
595001, 3
382031, 3
523153, 3
141539, 3
270588, 3
98242, 3
356344, 3
139569, 3
377976, 3
105888, 3
353540, 3
640894, 3
621152, 3
97854, 3
625502, 3
546899, 3
101251, 3
17200, 3
343163, 3
225575, 3
644060, 3
165414, 3
505361, 3
244870, 3
128808, 3
482118, 3
401073, 3
323942, 3
555062, 3
241399, 3
627471, 3
480096, 3
2750, 3
239059, 3
206035, 3
224023, 3
532071, 3
220650, 3
461493, 3
567845, 3
357567, 3
84828, 3
323366, 3
592727, 3
60086, 3
498833, 3
259901, 3
501011, 3
472606, 3
659359, 3
531025, 3
546046, 3
176327, 3
30064, 3
331146, 3
27261, 3
145835, 3
293769, 3
559631, 3
326258, 3
21543, 3
14826, 3
335687, 3
168873, 3
476577, 3
330671, 3
429289, 3
206906, 3
73152, 3
439575, 3
11775, 3
161557, 3
3621, 3
621955, 3
103014, 3
486543, 3
650963, 3
264526, 3
250419, 3
512126, 2
593350, 3
531813, 3
604428, 3
26191, 3
116208, 2
173049, 3
103205, 3
146373, 3
197551, 3
19578, 2
248005, 3
308254, 3
165235, 3
490480, 3
27275, 3
78566, 3
205379, 3
646069, 3
66626, 3
415347, 3
310621, 3
45790, 3
245455, 3
402931, 3
204585, 3
241713, 3
517332, 3
532667, 3
495660, 3
581598, 3
395646, 3
131261, 3
273301, 3
529552, 3
390494, 3
189180, 3
83102, 3
223580, 3
557635, 3
341224, 3
160266, 3
450551, 3
423503, 3
81376, 3
455219, 3
452544, 2
298885, 3
483964, 3
149885, 3
159278, 3
596144, 3
312973, 3
214565, 3
507591, 3
434690, 3
57453, 3
508431, 3
210006, 3
534840, 3
289250, 3
204898, 3
414121, 3
331815, 3
615364, 3
341984, 3
130721, 3
563171, 3
324427, 3
613977, 3
96873, 3
221, 3
283815, 3
588570, 3
656008, 3
507504, 3
250920, 3
93893, 3
145059, 3
656310, 3
251596, 3
642729, 3
36955, 2
75872, 3
299144, 3
57556, 3
54219, 3
229907, 3
403763, 3
171623, 3
137175, 3
367366, 3
556048, 3
180256, 3
626282, 3
84836, 3
14827, 3
373862, 3
187710, 3
391917, 3
68068, 3
461109, 3
376360, 3
78138, 3
436508, 3
343828, 3
576603, 3
389104, 3
230612, 3
557515, 3
644723, 3
491125, 3
421521, 3
597978, 3
594385, 3
530126, 3
514547, 3
157001, 3
461878, 3
571642, 3
204886, 3
38283, 3
560203, 3
121759, 3
555691, 3
600804, 3
609629, 2
74679, 3
141980, 3
245659, 3
304127, 3
412709, 3
124388, 3
624759, 3
397699, 3
58528, 3
274399, 3
208655, 3
407525, 3
104859, 3
9102, 3
302010, 3
345032, 3
576935, 3
248402, 3
414394, 3
530496, 3
307310, 2
495909, 3
355903, 3
632479, 3
553678, 3
379359, 3
267639, 2
13236, 3
594232, 3
575592, 3
447963, 3
145652, 3
449020, 3
552276, 3
350996, 3
37464, 3
311764, 3
445136, 3
414700, 3
62786, 3
68630, 3
371318, 3
22024, 3
126062, 3
49774, 3
532524, 3
373845, 3
529868, 3
119836, 3
386079, 3
558260, 3
8173, 3
645011, 3
88675, 3
210569, 3
553268, 3
629905, 3
110026, 3
546172, 3
418037, 3
279856, 3
225757, 3
201797, 3
527770, 3
418056, 3
527031, 3
425063, 3
142304, 3
644261, 3
94724, 3
7673, 3
640297, 3
168296, 3
254691, 3
467332, 3
637121, 3
346897, 1
444072, 3
553872, 3
402173, 3
339566, 3
106946, 3
102077, 3
261163, 3
569593, 3
403313, 3
37360, 3
324634, 3
433696, 3
232611, 3
87127, 3
610274, 3
210614, 3
81612, 3
13350, 3
210003, 3
159704, 3
336336, 3
388482, 3
56323, 3
382252, 3
457935, 1
218663, 1
3173, 3
7693, 3
291037, 3
348653, 3
4765, 3
270572, 3
150207, 3
175989, 3
444069, 3
410631, 3
358107, 3
406939, 3
407431, 3
118865, 1
380887, 3
467261, 3
377448, 3
558162, 3
82751, 3
7594, 3
121574, 3
42182, 3
79286, 3
261106, 3
407118, 3
348424, 3
548960, 3
342663, 3
201718, 1
43590, 3
148521, 3
602383, 3
658535, 3
596095, 3
313941, 3
134017, 3
378608, 3
375000, 3
194659, 3
331689, 3
463821, 3
482892, 3
275598, 3
569592, 3
399842, 3
505708, 3
264955, 3
197073, 3
321054, 2
441177, 3
172267, 3
468774, 3
46957, 3
215050, 3
486668, 3
388403, 3
165989, 3
121451, 3
140669, 3
390245, 3
532382, 3
400849, 3
497368, 2
651336, 3
479315, 3
507920, 3
196044, 3
608082, 3
301394, 2
461484, 3
651450, 3
395849, 3
599602, 3
67080, 3
502277, 3
62052, 3
368814, 3
128948, 3
162070, 3
141644, 3
300849, 3
165181, 3
218696, 3
323222, 3
165602, 3
333479, 3
491833, 3
47911, 3
262200, 3
650867, 3
362614, 3
591958, 3
180262, 3
212065, 3
375753, 3
155217, 3
111037, 3
442066, 2
442262, 3
621084, 3
555394, 3
277479, 2
285163, 3
296021, 3
579920, 3
101289, 3
20370, 3
256733, 3
222262, 3
419061, 3
509765, 3
194074, 3
498354, 3
14734, 2
607322, 3
78039, 3
449165, 3
588280, 3
34435, 3
625479, 3
97870, 3
361547, 3
387698, 3
509616, 3
604717, 3
83780, 3
174019, 3
294596, 3
265924, 3
107735, 3
238085, 3
558297, 3
618149, 3
107910, 3
541830, 3
97999, 3
16120, 3
167907, 3
139113, 3
644561, 3
566541, 3
41316, 3
598814, 3
483524, 3
558578, 3
136699, 3
249705, 3
572967, 3
571362, 3
255012, 3
620893, 3
357222, 3
551501, 3
203894, 3
145322, 3
525869, 3
426695, 3
611173, 3
267249, 3
565967, 3
393206, 3
638603, 3
393468, 3
5391, 3
540075, 3
56193, 3
76715, 3
468294, 3
426001, 3
428439, 2
641466, 3
64339, 3
576819, 3
167162, 3
106487, 3
347164, 3
317251, 3
170478, 3
141223, 1
308364, 3
471519, 3
158512, 3
101985, 3
167314, 3
570633, 3
235227, 3
436403, 3
163060, 3
36542, 3
205567, 3
386985, 3
587060, 3
135097, 3
11666, 3
221474, 3
522987, 3
22411, 3
384137, 3
541320, 3
455485, 3
192133, 3
665142, 3
506502, 3
364870, 3
584622, 3
448739, 3
616243, 3
71175, 3
517324, 3
644211, 3
411894, 3
264112, 2
566803, 3
243218, 3
376357, 3
514954, 3
94929, 3
84751, 3
620400, 3
410504, 3
422592, 3
429354, 3
88981, 3
492068, 3
258825, 3
329835, 3
59433, 3
220116, 1
661347, 3
660687, 3
560448, 3
384943, 3
78001, 3
50053, 3
29750, 3
605011, 3
229549, 3
375122, 3
527717, 3
369602, 3
139976, 3
650394, 3
581750, 3
544978, 3
207421, 3
619741, 3
180521, 3
576743, 3
7910, 3
591955, 3
376862, 3
17867, 3
182087, 3
175020, 3
347853, 3
124576, 3
436201, 2
601934, 3
181855, 2
111710, 3
408241, 3
128696, 3
496659, 3
184436, 3
25807, 3
471762, 1
246154, 3
65409, 3
131558, 3
643002, 3
319545, 3
521842, 3
513971, 3
334239, 3
256641, 1
561502, 3
412535, 3
568224, 3
37929, 3
431619, 3
378264, 3
385681, 3
510884, 3
228374, 3
424205, 3
160313, 3
531205, 3
628955, 3
453490, 3
82713, 3
30356, 3
513243, 2
192923, 3
170612, 3
248723, 3
443533, 3
628620, 1
56738, 3
72877, 3
299553, 3
569432, 3
210296, 3
519973, 3
185889, 3
216797, 3
304045, 3
412795, 3
458074, 3
109653, 3
578321, 3
218070, 3
450557, 3
107482, 3
157877, 3
455986, 3
51543, 2
399386, 3
472512, 3
89886, 2
530025, 3
208539, 3
471094, 3
299387, 3
105647, 3
188131, 3
89217, 3
433090, 3
563144, 3
568735, 3
17064, 3
386516, 3
609102, 3
284964, 3
515748, 3
263730, 3
356699, 3
288493, 3
371749, 3
401265, 3
365393, 3
468434, 3
190177, 3
613355, 3
130091, 3
611353, 3
609390, 3
252674, 2
272759, 3
23849, 3
234904, 3
50219, 3
15401, 3
82314, 2
627177, 3
561070, 1
442585, 3
468388, 3
335720, 3
597929, 3
343555, 3
262221, 3
273889, 3
559405, 3
444884, 3
569838, 3
554541, 3
633623, 3
556524, 3
58324, 3
343775, 3
413345, 3
663246, 3
99135, 2
327720, 2
416378, 3
244318, 3
398067, 3
595892, 3
287888, 3
400545, 3
336997, 1
281983, 3
397979, 3
357285, 3
541790, 3
219439, 3
580473, 3
233519, 3
503403, 3
177291, 3
139840, 3
40675, 3
29883, 3
315377, 3
120470, 3
625579, 2
647794, 3
657726, 3
270099, 3
457181, 3
133941, 3
306706, 3
386537, 3
303480, 3
288615, 3
136834, 3
284128, 3
656291, 3
495140, 3
311752, 3
236868, 3
599628, 3
467309, 3
598065, 3
262074, 3
22070, 3
149097, 3
194160, 3
596797, 3
164739, 3
386958, 1
225896, 3
663426, 3
500412, 3
113579, 3
115992, 3
282583, 3
581402, 3
15936, 3
161437, 3
543292, 3
563193, 3
359021, 2
318734, 3
197581, 3
461386, 3
586880, 3
216950, 3
399688, 3
422784, 3
414615, 3
493958, 3
355312, 3
573088, 3
413608, 3
43780, 2
415479, 3
337998, 3
141817, 3
544211, 2
603282, 3
491782, 3
380967, 3
228038, 3
91435, 3
435572, 3
561631, 3
78608, 3
141387, 3
614826, 3
77521, 3
354485, 3
604850, 3
514020, 3
553994, 3
156594, 3
194589, 3
522804, 3
218190, 3
5514, 3
536821, 3
504119, 3
350344, 3
326817, 3
159348, 3
55544, 3
372896, 3
482042, 3
359867, 3
185002, 3
349357, 3
280040, 3
403978, 3
136896, 2
281687, 3
290700, 3
126244, 3
234498, 3
148000, 3
123792, 3
259819, 2
456115, 3
147142, 3
83192, 3
460930, 3
274780, 3
313140, 3
86137, 3
126833, 3
159109, 2
44094, 3
267714, 2
297593, 3
490034, 3
61395, 3
349216, 3
384657, 3
438880, 3
421356, 3
381146, 2
329026, 3
624004, 3
375273, 3
346855, 3
216283, 3
451046, 2
480906, 3
46720, 3
139165, 3
290772, 3
158131, 3
594847, 3
63111, 3
209907, 3
118465, 3
188833, 3
578746, 3
213244, 3
323475, 3
27320, 3
73411, 3
82346, 3
427402, 3
205637, 2
104050, 3
149467, 3
10948, 3
303948, 3
285767, 3
320026, 3
169240, 3
1647, 3
379622, 3
459616, 3
235804, 3
95728, 3
272679, 3
523927, 3
104670, 3
56033, 3
252234, 3
112635, 3
448292, 3
232568, 3
584889, 3
491776, 3
664294, 3
64822, 3
62828, 3
638197, 3
163860, 3
536221, 3
574745, 3
158751, 3
441949, 2
445448, 3
575328, 3
106103, 3
146012, 3
287558, 3
305639, 3
369622, 3
36145, 3
161448, 3
525877, 3
628500, 3
597094, 3
381198, 3
216771, 3
661041, 3
523872, 3
462778, 3
13281, 3
12009, 3
254824, 3
586495, 3
546167, 3
217074, 2
311642, 3
541823, 3
301246, 3
447577, 3
13207, 3
20747, 3
29264, 3
140515, 3
136156, 3
369136, 3
407307, 3
441284, 3
393470, 3
264835, 3
327935, 3
476947, 3
493617, 3
505994, 3
78992, 3
286725, 3
123121, 3
621799, 3
377840, 3
521639, 3
399167, 3
313097, 3
134732, 3
96031, 3
607602, 3
634555, 3
479410, 3
30114, 3
565629, 3
150063, 3
468875, 3
430808, 3
614889, 1
344031, 3
86051, 3
446630, 3
450197, 3
597698, 3
566416, 2
205559, 3
572206, 3
607828, 3
83444, 3
416538, 3
177385, 3
527365, 3
312523, 3
202628, 3
180951, 3
333234, 3
11012, 3
252098, 3
531917, 3
308534, 3
383712, 3
538960, 3
362382, 3
166733, 3
627790, 3
484768, 3
409047, 3
4387, 3
193768, 3
228257, 3
287649, 3
81320, 3
546493, 3
86708, 1
429006, 3
615883, 3
55964, 3
22961, 3
5104, 3
561445, 3
456834, 3
15827, 3
324860, 3
19950, 3
610116, 3
139799, 3
533136, 3
364776, 3
416810, 3
595062, 3
619142, 3
483808, 3
299924, 3
181300, 2
373143, 3
339820, 1
646354, 3
288739, 3
404211, 3
604513, 3
278236, 3
391287, 3
293843, 3
240714, 3
336582, 3
362309, 3
110351, 3
564013, 1
328957, 3
530628, 1
638798, 3
365005, 3
534896, 3
655327, 3
494607, 3
37472, 3
453559, 3
383387, 3
80734, 3
421894, 3
104536, 3
557269, 3
472820, 3
448222, 3
305762, 3
217102, 3
422028, 3
118324, 3
523304, 3
100901, 3
125928, 2
83814, 3
465839, 3
4753, 3
97151, 3
395052, 3
597275, 3
108465, 3
209368, 3
525678, 3
25589, 3
584983, 3
459146, 3
565063, 3
149106, 3
104118, 3
334910, 3
388924, 3
143395, 3
535546, 3
284394, 3
406224, 3
648816, 3
437557, 3
355535, 1
41812, 3
339397, 3
123466, 3
547741, 3
140757, 2
389247, 3
475052, 3
465114, 3
438967, 3
500479, 3
658169, 3
280799, 3
275767, 3
116069, 3
440153, 3
645485, 3
619149, 3
33201, 3
406788, 3
176436, 3
425349, 2
306000, 3
129310, 3
285037, 3
268297, 3
659066, 3
58845, 3
152075, 3
584360, 3
211581, 3
163099, 3
549182, 3
242374, 3
438351, 3
405894, 3
590602, 3
428586, 3
169445, 3
624456, 3
457330, 3
420805, 3
478586, 3
236741, 3
390322, 3
83190, 3
476563, 3
593691, 3
180087, 2
323273, 3
248518, 3
319688, 3
230059, 3
221640, 3
184234, 3
74480, 1
54361, 3
336526, 3
595941, 3
41470, 3
334601, 3
482184, 3
338774, 3
62365, 3
401091, 3
470827, 3
450826, 3
67127, 3
619499, 3
410239, 3
135972, 3
429148, 3
285446, 3
207618, 3
375098, 3
70411, 3
8854, 3
222562, 3
618245, 3
665113, 3
603842, 3
603488, 3
468003, 3
527136, 3
539185, 3
288080, 3
404081, 3
22521, 3
356418, 3
301256, 3
271213, 3
231924, 3
149942, 3
239314, 3
393503, 3
367262, 3
127802, 3
106913, 3
144540, 3
301928, 2
100741, 3
635066, 3
64610, 3
499134, 3
395604, 3
506472, 3
448968, 3
626682, 3
263525, 3
360511, 3
321640, 3
268384, 3
163317, 3
151399, 3
378682, 3
186569, 3
504232, 3
151197, 3
267108, 1
31367, 3
314653, 3
168515, 3
98481, 3
481343, 3
13860, 3
665327, 3
320392, 2
41271, 2
576341, 3
303718, 3
490303, 3
403735, 3
157827, 3
519811, 3
528831, 3
583940, 3
46309, 3
469117, 3
247765, 3
471946, 3
600295, 2
190793, 3
272490, 3
557621, 3
453287, 3
236767, 3
252444, 3
608925, 3
647955, 3
443788, 3
480709, 3
625695, 3
513663, 3
445731, 3
332169, 3
80418, 3
538539, 3
554403, 3
224239, 3
569859, 2
210754, 3
653826, 2
225259, 3
618273, 3
255497, 3
592261, 3
462379, 3
56160, 3
255689, 3
520193, 3
80640, 3
585980, 3
158749, 3
12782, 3
291393, 3
566899, 3
187972, 3
313276, 3
140626, 3
150083, 3
404573, 3
29673, 3
529715, 3
297787, 2
119187, 3
155931, 2
516804, 3
199609, 3
503492, 3
358664, 3
633445, 3
440404, 2
373217, 3
44958, 3
61245, 3
352685, 3
236232, 3
102403, 3
568453, 3
476824, 3
246510, 3
555523, 3
650076, 3
444186, 3
389323, 1
179928, 3
72366, 3
656670, 3
425828, 3
551520, 3
130316, 3
597891, 3
17699, 3
552059, 3
415974, 3
70016, 3
336949, 3
597177, 3
14918, 3
282997, 3
300864, 3
470653, 3
424647, 3
102725, 3
379202, 3
13029, 3
300743, 3
399543, 3
444641, 3
237895, 3
402371, 3
346166, 3
122387, 3
366262, 3
492560, 3
635284, 3
134944, 3
660601, 3
135545, 3
379054, 3
203727, 3
480369, 3
358265, 3
137879, 3
473301, 3
322337, 3
308863, 3
342464, 3
340962, 3
343192, 3
42207, 3
503543, 3
481882, 3
417823, 3
38808, 3
129825, 3
503273, 3
468835, 3
107207, 3
551917, 3
562960, 2
234860, 3
469695, 3
157433, 3
262775, 3
263438, 3
232803, 3
160373, 3
82937, 3
217276, 3
349272, 3
541513, 3
516749, 3
84139, 3
532804, 1
169981, 3
347091, 3
506350, 3
162379, 3
244473, 3
299808, 3
584728, 3
76144, 3
630690, 3
620243, 3
526762, 3
427341, 3
430417, 3
511676, 3
119267, 3
277262, 3
541168, 3
417453, 3
342037, 3
665398, 3
255968, 3
362991, 3
485385, 3
600827, 3
429584, 3
163802, 3
48496, 3
431637, 1
83239, 3
101040, 3
42818, 3
101848, 3
52752, 3
317861, 3
224013, 3
165901, 3
90984, 3
443859, 3
510633, 3
198960, 3
656589, 3
323095, 3
382405, 3
101395, 3
36790, 3
193842, 3
204527, 3
662368, 3
307823, 3
271324, 3
482830, 3
569210, 3
395072, 3
121812, 2
509827, 3
77743, 3
519356, 3
118040, 3
623523, 3
566969, 3
112964, 3
532605, 3
493120, 3
509437, 3
626602, 3
212652, 1
308186, 3
575507, 2
201008, 2
22399, 3
190674, 3
594735, 3
91518, 3
65310, 3
347014, 1
590105, 2
344979, 3
330937, 3
522190, 3
276311, 3
173655, 3
419051, 3
654741, 3
633795, 3
352082, 3
124092, 3
615169, 3
22182, 3
213394, 3
528281, 3
556153, 3
10210, 3
580415, 3
186388, 3
253943, 3
345187, 3
146478, 3
520828, 3
462497, 2
500984, 3
515000, 3
460341, 3
173059, 3
621760, 2
269469, 3
242932, 3
238687, 3
87905, 3
88926, 3
176502, 3
649813, 3
71663, 3
83382, 3
408147, 3
133628, 3
495833, 3
4530, 3
513535, 1
129875, 3
240771, 3
261350, 2
263291, 3
642448, 3
342804, 3
98103, 3
215822, 3
618262, 3
327529, 3
216408, 3
360339, 2
472837, 1
179484, 3
348690, 3
617833, 3
401485, 3
48077, 3
394830, 3
519948, 3
365502, 3
236334, 3
398131, 3
155065, 3
536197, 3
436868, 3
337571, 3
560902, 3
472938, 2
638673, 3
568002, 3
406997, 3
461666, 3
196060, 3
163620, 3
196646, 3
663250, 3
184467, 3
243696, 3
472656, 3
542346, 3
624070, 3
443321, 3
525857, 3
553813, 3
323427, 3
178111, 3
222138, 3
223746, 3
112104, 3
327678, 3
297499, 2
656693, 3
299201, 3
572440, 3
420660, 3
599749, 1
20318, 3
276107, 3
499206, 3
28674, 3
259045, 3
97068, 3
517774, 3
441363, 3
129201, 3
295509, 3
62388, 3
278206, 3
432673, 3
138103, 3
203771, 3
121308, 3
124804, 3
90574, 3
141329, 3
552718, 3
160634, 3
4289, 3
98921, 3
497973, 3
295850, 3
73895, 3
521816, 3
579778, 3
149228, 3
575656, 3
297988, 3
219432, 3
398213, 3
75228, 3
298952, 3
517436, 3
613179, 3
241175, 3
195010, 3
338607, 3
499942, 3
455396, 3
348364, 3
218767, 3
369437, 3
176654, 3
521420, 3
10470, 3
481833, 3
271579, 3
497825, 3
255441, 3
144178, 3
611669, 3
460728, 3
195432, 3
471767, 3
54981, 3
335167, 3
340862, 3
151678, 3
458267, 3
97763, 3
274506, 3
29733, 3
438884, 3
123423, 3
297779, 3
184092, 3
246181, 3
553670, 3
612958, 3
30095, 3
331814, 3
438912, 3
601136, 3
111393, 3
343976, 3
550993, 3
316407, 3
537321, 3
22221, 3
52851, 3
591984, 3
69913, 3
360542, 3
184308, 1
216976, 3
653799, 3
377408, 3
296434, 3
321562, 3
53388, 1
505883, 2
409850, 3
397735, 3
647420, 3
287170, 3
327736, 3
600528, 3
150541, 3
135473, 3
502453, 3
369949, 3
333101, 3
235956, 3
447257, 3
10174, 3
556181, 3
27304, 2
378846, 3
154353, 3
607028, 3
373121, 3
167426, 3
440, 3
67462, 3
371486, 3
83670, 3
287943, 3
58778, 3
626347, 3
466266, 3
55351, 3
498157, 3
32522, 3
434576, 2
657826, 1
415346, 3
479054, 3
489047, 2
138873, 3
561292, 3
80014, 3
218075, 3
97833, 3
659109, 3
489234, 3
9052, 3
579683, 3
430965, 3
436365, 3
530988, 3
350726, 3
377909, 3
155080, 3
272820, 3
238640, 3
26445, 3
57776, 3
195425, 3
112143, 3
658413, 3
290967, 3
201117, 3
407192, 3
90939, 3
218551, 3
204548, 3
27174, 3
471269, 3
454894, 3
639734, 3
412429, 3
291191, 3
225302, 3
366030, 3
461302, 3
61473, 3
227008, 3
545969, 3
593157, 3
310757, 1
303724, 3
470611, 3
273345, 3
327365, 1
261965, 3
109587, 3
523853, 3
477734, 3
407965, 3
175810, 3
251228, 2
135659, 3
514270, 3
15694, 3
124293, 3
601069, 3
651473, 3
28216, 3
522598, 3
549330, 3
5811, 3
661360, 3
391176, 3
595986, 3
385058, 3
163531, 3
135814, 3
403516, 3
544820, 3
108108, 3
129047, 3
584106, 1
93143, 3
32967, 3
234806, 3
510432, 3
57462, 3
119303, 3
393424, 3
246875, 3
86333, 3
452284, 3
232442, 3
523345, 2
159580, 3
64474, 3
412178, 3
413116, 3
594872, 3
318856, 3
291822, 3
259652, 3
171542, 3
124974, 3
19694, 3
437279, 3
17141, 3
298048, 2
235900, 3
59787, 1
345203, 3
99916, 3
435440, 3
47731, 3
295644, 3
318786, 3
435223, 3
94829, 3
243152, 3
134608, 3
452956, 3
618263, 3
172846, 3
329189, 3
419978, 3
225565, 3
382577, 3
270665, 3
477190, 3
438648, 3
119145, 3
209385, 3
319993, 2
336293, 3
599015, 3
447390, 3
455881, 3
583090, 3
174177, 3
123109, 3
523564, 3
191460, 3
320999, 3
157399, 3
219723, 3
81457, 3
149960, 3
467596, 3
196144, 3
22075, 3
185490, 3
406989, 3
34065, 3
248938, 3
514132, 3
626585, 3
514690, 3
252331, 3
299962, 2
516105, 3
434600, 3
237499, 3
14231, 3
554728, 3
425257, 1
368017, 3
380751, 3
287101, 3
345297, 3
172423, 3
412397, 3
414535, 3
506393, 3
228833, 3
54482, 3
379994, 3
544093, 3
357389, 3
503610, 3
580833, 3
500793, 3
205599, 3
656887, 3
432273, 3
331582, 3
429430, 3
32621, 3
18362, 3
644026, 3
197281, 3
203115, 3
487948, 3
594886, 3
562195, 2
417369, 3
267090, 3
298503, 3
362560, 3
646955, 3
514871, 3
439898, 3
149046, 3
296963, 3
160577, 3
516597, 3
662430, 3
392540, 3
407827, 3
513813, 3
440826, 3
264334, 3
414645, 3
450113, 3
352625, 3
46762, 3
251244, 3
124471, 3
115073, 3
336890, 3
49727, 3
157150, 3
324000, 3
432088, 3
358744, 3
491586, 3
402454, 3
136614, 3
102045, 3
598, 3
385295, 3
558533, 3
526939, 3
273160, 3
534655, 3
266453, 3
584785, 3
64839, 3
153774, 3
487382, 3
128855, 3
82627, 3
321608, 3
152140, 2
375358, 3
72866, 3
407151, 3
660344, 3
169877, 3
603783, 3
407155, 3
572697, 3
106415, 3
459414, 3
541673, 3
311529, 3
583507, 3
420077, 3
50836, 3
253233, 3
354928, 3
1847, 3
220257, 2
386561, 2
471020, 3
186405, 3
54329, 3
444289, 3
609688, 3
254505, 3
310988, 3
84102, 3
618487, 3
534875, 3
82132, 3
247262, 3
641352, 3
501921, 3
398119, 3
151925, 3
8744, 3
336266, 3
559320, 3
154878, 3
47956, 3
581254, 3
638722, 3
385919, 3
292389, 3
452897, 3
563499, 3
163285, 3
291175, 3
396358, 3
353225, 3
44723, 3
209833, 3
538765, 3
298668, 3
129525, 2
204191, 3
601120, 1
539225, 3
126086, 3
25819, 3
607627, 3
19142, 3
613080, 3
634979, 3
645519, 2
591857, 3
486117, 3
658906, 3
582776, 3
395673, 3
165088, 3
348197, 3
285276, 3
564200, 3
629533, 3
501161, 3
412749, 3
425155, 3
419158, 3
394723, 3
283610, 3
18269, 3
595932, 3
465438, 3
297080, 3
594698, 3
656953, 3
440795, 2
266587, 3
493435, 3
66634, 3
27089, 3
347279, 3
414379, 3
472811, 3
266886, 3
502425, 3
195193, 3
113184, 3
556979, 3
525923, 3
26006, 1
31360, 3
141754, 3
496355, 3
312876, 3
234246, 3
282954, 3
358777, 3
488268, 3
169083, 3
542517, 3
390700, 3
566268, 3
115469, 3
556625, 3
102246, 3
314615, 3
222454, 3
118629, 3
659095, 3
362517, 3
117117, 3
525432, 3
575392, 1
647550, 3
537916, 3
643761, 3
248306, 3
76212, 3
15079, 3
210653, 3
167332, 3
503432, 3
53276, 3
7294, 3
147073, 3
531459, 3
199425, 3
501671, 3
37731, 1
163962, 3
53934, 3
379529, 3
340885, 3
308088, 3
114716, 3
541085, 3
6884, 3
277443, 3
242895, 3
222511, 2
22887, 3
401212, 3
283823, 3
354862, 3
355476, 3
621741, 3
240820, 3
655502, 1
39374, 1
38019, 3
187942, 3
466402, 3
259226, 3
82067, 3
227687, 3
253975, 3
628996, 3
122549, 2
17930, 3
310124, 3
622481, 3
130669, 3
480725, 3
76867, 2
333591, 1
435673, 3
99468, 3
252117, 3
325705, 3
436029, 3
293035, 3
453135, 3
615768, 3
236206, 3
467274, 2
618226, 3
329405, 3
664388, 2
483129, 3
5309, 3
364688, 3
86580, 3
503032, 3
535941, 3
405571, 3
12625, 2
461410, 3
617581, 3
492754, 3
18250, 3
22555, 3
59784, 3
371408, 3
83061, 3
498748, 3
362098, 3
142225, 3
350240, 3
189088, 3
432675, 3
443906, 3
166306, 3
385069, 3
484204, 3
39945, 3
19276, 3
3607, 3
588491, 3
650750, 3
486929, 3
7158, 3
345302, 3
194290, 3
536766, 3
537882, 3
652330, 3
624915, 3
404445, 3
455742, 3
106563, 3
535782, 3
58732, 3
511558, 3
318963, 3
267143, 2
218409, 3
365763, 3
286164, 3
118986, 3
544000, 3
162460, 3
634998, 3
16611, 3
374058, 3
542549, 3
619132, 3
532760, 3
81755, 3
469286, 3
128945, 3
471535, 3
661556, 3
284867, 3
457160, 3
49816, 1
619401, 3
528130, 3
25455, 3
244760, 3
511532, 3
547359, 3
427316, 3
252502, 3
139746, 3
264654, 3
371798, 3
527023, 3
80696, 3
13067, 3
536302, 3
447093, 3
157625, 3
632935, 3
230514, 3
622524, 3
43196, 1
182803, 3
211352, 3
414899, 3
542059, 3
177185, 3
168798, 3
524435, 3
207243, 3
23725, 3
15964, 3
639222, 3
273461, 3
17088, 3
122042, 3
646104, 3
27164, 3
658905, 3
515940, 3
162069, 3
633304, 3
189948, 3
436430, 3
30740, 3
423266, 3
426367, 3
333976, 3
99644, 3
481843, 3
442600, 3
166002, 3
176739, 3
12030, 3
491604, 3
106125, 3
637359, 3
396865, 3
191294, 3
665292, 3
493237, 3
474275, 3
20950, 3
158055, 3
477657, 3
152925, 3
648791, 3
36335, 3
379053, 3
305891, 3
474283, 3
654494, 2
526423, 3
619322, 3
258370, 3
652679, 3
376964, 3
90039, 3
281884, 3
150382, 3
161631, 3
88680, 3
365661, 3
638399, 3
71049, 3
642344, 3
93260, 3
356317, 3
567522, 3
82014, 3
636297, 3
192438, 3
253712, 3
123551, 3
56139, 3
345732, 3
567429, 3
498060, 3
335799, 3
292571, 3
237306, 3
489192, 3
499004, 3
544550, 3
528094, 3
21575, 3
281112, 3
547603, 3
456245, 3
212661, 3
4051, 3
33156, 3
358841, 3
121388, 3
628302, 3
135721, 3
309434, 3
189946, 3
14822, 3
316577, 3
518929, 3
575152, 3
57485, 3
83849, 3
279869, 3
365211, 3
229242, 3
445642, 3
261837, 3
606356, 3
71275, 3
579769, 3
44398, 3
427150, 3
179388, 3
148459, 3
175450, 3
564375, 3
206062, 3
570006, 2
563915, 3
296393, 3
358842, 3
584272, 3
235230, 3
440161, 3
210761, 3
147005, 2
618915, 3
310818, 3
415793, 3
422120, 3
547024, 3
197577, 3
354256, 3
65748, 3
299441, 3
521083, 3
607923, 3
609177, 3
270307, 3
413040, 3
592365, 3
168657, 3
89008, 3
590748, 3
138000, 3
110588, 3
193735, 3
508790, 3
533402, 3
147754, 3
228418, 3
268033, 3
22004, 3
18365, 3
552803, 3
547355, 3
279599, 3
235773, 3
35354, 3
232962, 3
656807, 3
4155, 3
571735, 3
47506, 3
498791, 3
255231, 3
310658, 3
29252, 3
238383, 3
13654, 3
426933, 3
112615, 3
518311, 3
488407, 3
124640, 3
488006, 3
442991, 3
126146, 3
34740, 3
78087, 1
247676, 3
478566, 3
427517, 3
440529, 1
442191, 3
629582, 3
340469, 3
563577, 3
309398, 3
450541, 3
494822, 3
169217, 3
376552, 3
384590, 3
639960, 3
89178, 3
94868, 3
610918, 3
568661, 3
417617, 3
389038, 3
302734, 3
500435, 3
198903, 3
232525, 3
228896, 3
71987, 3
469722, 3
181160, 3
79052, 3
340223, 3
509264, 3
631568, 3
442272, 3
488576, 3
519371, 3
491486, 3
555299, 3
386469, 3
100211, 3
546469, 3
656837, 3
567834, 3
398582, 3
76726, 3
95182, 3
294878, 3
6366, 3
661494, 3
390879, 3
45218, 3
437109, 3
77009, 3
23094, 3
89898, 3
635769, 3
277406, 3
358523, 3
190184, 3
585814, 3
118186, 3
545020, 3
7797, 3
374891, 3
339891, 3
221631, 3
192475, 3
272537, 3
554647, 3
289735, 3
215626, 3
474854, 3
299307, 3
127459, 3
234010, 3
286013, 3
566989, 3
65218, 3
326698, 3
439601, 1
33989, 3
159841, 3
52467, 3
74186, 3
125315, 3
242555, 3
522809, 3
452804, 3
483185, 3
265488, 3
480461, 3
168217, 3
609695, 3
452386, 3
199037, 2
369650, 3
607057, 3
60688, 3
136159, 3
271141, 3
649134, 3
581410, 3
536199, 3
114384, 3
103703, 3
624522, 3
447212, 3
376199, 3
220024, 3
362445, 3
79116, 3
496033, 3
41353, 3
419926, 3
269959, 3
142040, 3
197910, 3
249410, 3
380769, 3
352662, 3
600125, 3
400670, 3
15292, 3
471548, 3
580278, 2
338776, 3
81416, 3
552417, 3
397270, 3
300542, 3
544226, 3
466845, 3
320237, 3
50828, 2
118361, 3
340212, 3
549417, 3
189480, 3
75935, 3
636036, 3
505279, 3
29258, 3
574139, 3
190992, 3
98602, 3
301912, 3
93529, 2
397033, 3
550333, 3
238109, 3
200016, 3
51235, 3
611444, 3
594411, 3
33805, 3
259228, 3
59056, 3
17432, 3
5210, 3
131764, 3
607572, 3
174500, 3
361871, 3
522707, 3
123985, 3
84210, 3
391466, 3
467554, 3
401789, 3
507662, 3
127627, 3
377158, 3
440078, 3
59726, 3
38236, 3
80841, 3
325527, 3
313560, 3
321802, 2
505957, 3
70507, 3
279462, 3
338931, 3
137526, 3
562904, 3
222314, 3
57880, 3
441233, 3
283263, 3
314649, 3
334025, 3
304514, 3
429731, 3
147671, 3
487257, 3
381122, 3
476274, 3
655675, 3
332405, 3
174103, 3
393569, 3
364808, 3
34358, 3
98160, 3
68842, 3
376825, 3
510043, 3
402541, 3
108888, 3
581081, 3
322287, 3
91052, 3
300605, 3
624504, 3
611927, 3
620085, 3
44890, 3
562905, 3
76785, 3
552077, 3
565092, 3
144737, 3
210464, 3
381147, 3
124296, 3
31686, 3
307323, 3
18207, 3
610484, 3
49151, 3
535552, 3
102564, 3
654201, 3
630588, 3
92969, 3
140752, 3
128064, 3
373193, 3
21667, 3
284360, 3
382277, 3
280105, 3
478827, 3
219804, 3
376918, 3
434935, 3
657799, 3
421236, 3
238966, 3
499752, 3
657624, 3
408204, 3
235107, 3
135995, 3
464304, 3
77023, 3
286017, 3
614876, 3
174619, 3
523390, 3
649098, 3
518523, 3
131854, 3
356808, 3
81977, 3
380608, 3
128779, 3
168250, 3
657323, 3
631400, 2
365816, 3
242561, 3
524537, 3
475671, 3
615899, 3
613629, 3
618638, 2
257131, 3
399108, 3
358520, 3
310217, 3
277006, 3
37084, 3
59829, 3
446711, 3
628643, 3
42880, 3
261416, 3
308634, 3
312977, 3
656646, 3
225149, 3
538516, 3
163648, 3
367736, 1
631908, 3
67049, 3
208776, 3
525826, 3
500715, 2
139427, 3
527954, 3
660367, 3
340486, 3
86428, 3
446567, 3
567164, 3
596279, 3
454168, 3
593733, 3
10776, 3
516557, 3
545016, 3
653669, 3
637335, 3
338575, 3
6063, 3
179536, 3
343887, 3
167891, 3
464416, 3
224773, 3
130659, 2
629998, 3
411436, 3
303048, 3
81371, 3
13101, 3
591925, 3
31224, 3
46540, 3
59884, 3
162851, 3
558525, 3
533831, 3
135123, 3
305264, 3
193455, 3
67982, 3
407601, 3
34662, 3
22590, 3
304829, 3
373896, 3
524143, 3
546803, 3
34599, 3
556199, 3
129051, 3
460973, 3
107065, 3
331594, 3
243241, 3
336419, 3
63737, 3
492577, 2
263970, 3
635728, 3
554412, 3
178902, 3
210806, 3
527999, 3
583827, 3
370148, 3
35236, 2
386333, 3
373103, 3
340874, 3
657613, 3
236960, 3
538929, 3
66879, 3
620591, 3
274692, 3
27756, 3
93337, 3
533769, 3
575729, 3
233643, 3
179201, 3
195287, 3
494558, 3
44224, 3
453512, 3
152863, 3
249427, 3
653780, 3
57747, 3
77697, 3
580785, 3
237940, 3
137639, 3
135681, 3
296101, 3
289449, 3
460939, 3
437748, 3
341766, 3
137401, 3
21251, 3
331959, 3
319936, 3
151260, 3
58101, 3
337413, 3
523389, 2
304246, 3
635306, 3
146710, 3
150542, 3
604191, 2
347599, 3
460576, 3
245795, 3
322902, 3
572097, 1
333939, 3
645521, 3
257814, 3
138812, 3
554699, 3
563493, 3
173077, 3
368947, 3
491245, 3
379784, 3
655867, 2
223104, 3
508481, 3
369988, 2
402379, 3
338975, 3
656813, 3
534552, 3
465672, 3
531784, 3
625662, 3
89179, 3
1748, 3
16604, 3
409065, 3
167202, 3
276047, 3
428176, 3
334169, 3
186431, 3
595899, 3
123991, 3
64185, 3
221144, 3
114437, 3
598596, 3
385385, 3
660083, 3
447383, 2
631160, 3
41439, 3
86723, 3
297536, 3
553469, 3
61808, 3
15933, 3
13820, 3
535073, 3
342169, 3
151639, 3
308290, 3
381351, 3
194808, 3
285072, 3
61889, 2
240224, 3
473239, 3
289423, 3
514805, 3
292406, 3
455677, 3
656332, 2
335195, 3
403080, 3
257964, 3
314135, 3
59330, 3
99436, 2
399287, 3
124660, 3
441057, 3
362639, 3
471615, 3
431595, 3
235459, 3
152634, 3
57298, 3
270079, 3
268702, 3
612278, 3
393440, 3
360083, 3
109851, 3
316110, 3
583911, 3
134998, 3
354969, 3
426205, 2
21570, 3
502510, 3
602247, 3
394703, 3
646087, 3
211569, 3
478218, 3
315681, 3
272021, 3
339611, 3
436601, 2
173588, 3
453283, 3
1527, 3
473249, 1
569378, 3
240092, 3
655437, 3
5644, 3
304615, 3
9004, 3
145077, 3
566065, 3
593987, 3
145375, 3
34910, 3
150624, 1
609158, 3
475985, 2
327425, 3
425132, 3
76284, 3
396658, 3
656127, 1
448000, 3
550027, 3
473680, 3
522341, 3
579807, 3
286174, 3
263257, 3
645952, 3
65557, 3
364470, 3
379722, 3
452099, 3
585930, 3
127203, 3
610783, 3
35827, 3
378937, 3
498636, 3
34324, 3
12589, 3
102766, 3
562761, 3
496218, 2
518185, 3
15851, 3
183800, 3
528040, 3
574238, 3
281746, 3
388280, 3
303324, 3
640078, 3
191361, 3
182785, 3
211514, 3
249996, 3
310421, 3
128396, 3
347988, 3
90965, 3
443594, 3
118322, 3
529106, 3
258376, 3
224681, 3
419004, 3
566629, 3
44987, 3
12947, 3
489324, 3
199834, 3
4876, 3
213631, 3
419745, 3
178105, 3
377266, 3
319181, 3
273670, 3
262250, 3
375650, 3
236735, 3
158733, 3
372494, 3
326317, 3
598884, 3
150212, 3
427901, 3
389938, 3
89255, 3
133042, 3
309255, 3
73912, 3
361333, 3
116901, 3
13048, 3
656584, 3
290948, 3
341442, 3
340244, 3
577733, 3
326672, 3
214354, 3
659713, 2
60033, 3
101255, 3
195815, 3
4295, 3
8343, 3
182315, 3
632331, 3
440037, 3
336035, 3
437601, 2
218013, 3
160044, 3
577551, 3
47485, 3
10274, 3
337581, 3
625000, 3
537629, 3
400020, 3
17876, 3
277823, 3
104518, 3
597133, 1
343985, 3
386605, 3
543513, 3
78262, 3
201799, 3
268593, 3
577303, 3
93973, 3
299048, 3
300833, 3
152126, 3
113888, 3
323961, 3
443580, 3
656492, 3
574580, 3
559560, 3
55584, 3
538428, 3
273602, 3
411633, 3
175869, 3
284153, 3
261529, 3
208617, 3
61127, 3
186789, 3
426901, 3
25527, 3
575547, 2
601345, 3
322574, 3
137845, 3
400165, 3
573298, 3
327101, 3
66464, 3
149972, 3
337425, 3
547661, 3
467551, 3
153764, 3
219794, 3
493190, 3
340646, 2
511041, 3
347974, 3
274130, 2
465818, 3
187976, 3
208004, 3
86019, 3
555248, 3
351024, 3
564293, 3
430328, 3
633139, 3
653580, 1
540150, 3
219078, 3
570931, 3
429670, 3
225674, 3
483299, 3
212273, 3
276180, 3
89502, 3
155967, 3
216728, 3
503408, 3
43945, 3
242146, 3
462291, 2
502889, 3
395805, 3
437206, 3
12170, 3
264932, 3
573018, 3
72795, 3
96280, 3
569112, 3
496047, 3
218624, 3
537740, 3
606792, 3
200690, 2
427913, 3
448127, 3
301721, 2
316466, 3
624518, 3
283778, 3
327625, 3
428609, 3
317134, 3
487096, 3
472594, 3
538085, 3
664327, 3
660740, 3
41149, 3
434006, 1
108752, 3
88652, 3
513278, 3
121895, 3
197579, 3
498948, 3
103950, 3
118317, 3
162983, 3
575231, 3
581637, 2
47558, 3
110744, 3
27338, 3
446180, 3
329690, 3
428061, 3
45403, 3
425171, 3
575390, 3
289217, 3
504061, 2
150466, 3
360326, 3
483, 3
545770, 3
15114, 3
644119, 3
109906, 3
430658, 3
612515, 3
38555, 3
583789, 3
362480, 3
458390, 3
546907, 3
153858, 3
399216, 3
132521, 3
574562, 1
637024, 3
236337, 3
170269, 3
607162, 3
24070, 3
57658, 3
82324, 3
627172, 3
645937, 3
121008, 3
349690, 3
14592, 3
19076, 3
339573, 3
574146, 3
324402, 3
255806, 3
387975, 3
548438, 3
470664, 3
557824, 3
371853, 3
653964, 3
194763, 3
391999, 3
88727, 2
568097, 3
42578, 3
74023, 3
133966, 3
389134, 3
411412, 3
163676, 3
321575, 3
250348, 3
274473, 3
476747, 3
321284, 3
58953, 3
538846, 3
486053, 3
68521, 3
507803, 3
118006, 3
620133, 3
598676, 3
398964, 3
253513, 2
596470, 3
197825, 3
91703, 3
346912, 3
66576, 3
522825, 3
260, 3
503017, 3
438822, 3
626140, 3
498162, 3
34165, 3
207820, 1
196189, 3
148907, 3
641027, 3
309471, 3
32972, 2
147013, 3
104529, 3
70143, 3
151024, 3
229925, 3
131175, 3
470530, 3
643983, 3
220091, 2
511296, 3
430525, 3
146201, 3
333470, 3
124169, 3
520184, 3
215358, 3
88974, 3
325260, 3
639237, 3
648706, 3
361979, 3
104454, 3
136903, 3
660473, 3
415485, 3
90203, 3
156551, 3
396141, 3
150711, 3
277847, 3
648643, 3
265085, 3
365846, 3
8659, 3
155875, 3
548662, 3
17227, 3
464069, 3
453181, 3
501343, 3
338007, 3
437697, 3
35583, 3
341345, 3
68415, 3
346736, 3
531528, 3
465603, 3
302782, 3
356114, 3
56310, 3
404451, 3
376138, 1
286683, 3
648978, 3
496086, 2
450094, 3
463557, 3
569338, 3
273491, 3
372411, 3
170028, 3
661951, 3
119950, 3
608655, 1
236391, 3
392480, 3
299709, 3
416488, 3
10472, 3
515157, 2
464984, 3
429149, 3
269711, 3
492500, 3
392960, 3
490879, 3
211656, 3
191995, 3
569582, 3
389595, 3
426465, 3
517229, 3
433426, 3
388532, 3
457958, 3
553605, 3
378179, 3
457631, 3
357278, 3
114842, 3
406912, 3
619045, 3
44090, 3
476679, 3
474223, 3
592484, 3
391795, 3
54581, 3
641798, 3
424054, 3
496501, 3
138185, 3
249635, 3
176281, 3
200378, 3
382015, 3
162713, 2
596217, 3
342667, 3
611457, 3
65606, 3
305087, 3
309439, 3
15288, 3
280773, 3
103958, 3
357641, 3
354588, 3
531570, 3
436115, 3
65334, 3
23458, 3
140961, 3
567795, 3
517799, 3
489943, 3
183949, 3
64532, 3
225423, 3
488488, 3
361623, 3
371086, 3
158658, 3
631042, 3
550892, 3
428215, 3
107970, 3
355806, 3
50127, 3
565677, 3
1458, 3
265857, 2
378238, 3
376383, 3
183085, 3
406469, 3
154550, 3
589934, 3
252055, 3
564438, 2
301764, 3
423070, 3
372688, 3
290359, 3
280961, 3
480105, 3
661999, 3
287535, 3
9564, 3
112541, 3
518878, 3
92520, 3
34935, 3
283621, 3
556886, 3
320147, 2
530954, 3
418423, 3
487986, 3
281549, 3
108850, 3
519582, 3
236443, 3
76059, 3
508834, 3
431633, 3
589300, 3
252818, 3
459334, 3
18832, 3
293725, 3
285986, 3
74453, 3
318268, 3
607758, 3
494115, 3
557485, 3
116330, 3
428301, 3
545921, 3
162207, 3
614604, 3
257677, 3
366260, 3
554607, 3
56837, 3
630748, 3
228359, 3
425202, 3
567431, 3
420792, 3
334672, 3
386574, 3
221918, 3
254118, 3
364003, 3
433013, 3
580549, 3
427581, 3
191268, 2
363325, 3
234967, 3
179789, 3
180730, 3
58228, 3
347413, 3
55751, 3
127789, 3
278756, 3
596372, 3
442643, 3
15556, 3
186959, 2
29217, 3
134219, 3
582079, 3
648861, 3
463394, 3
19308, 3
617745, 3
363784, 3
35375, 2
601451, 3
238475, 3
273187, 3
95329, 3
448296, 3
370263, 3
603667, 3
265009, 3
128976, 3
72224, 3
57840, 3
468435, 3
327173, 3
113030, 3
641131, 3
661727, 3
177483, 3
588255, 3
320791, 3
298342, 3
308219, 3
4662, 3
39706, 3
236172, 3
292653, 3
372390, 3
500845, 3
16759, 3
616701, 3
442709, 3
438538, 3
548215, 3
177153, 3
451987, 3
425856, 3
412266, 3
439062, 3
618107, 3
496624, 3
188613, 3
29436, 3
611502, 3
239939, 1
23191, 3
640930, 3
497041, 3
133989, 3
655452, 3
343428, 3
439229, 3
311820, 2
201957, 3
77070, 3
422553, 3
91043, 3
9964, 3
330528, 3
476609, 3
16854, 3
120833, 3
221814, 3
248506, 3
300222, 3
416383, 3
37371, 3
84795, 3
526738, 3
480786, 3
68924, 3
208303, 3
224251, 3
590076, 3
295484, 2
628812, 3
120199, 3
662012, 3
423421, 3
471078, 3
460752, 3
357495, 3
193793, 3
126133, 3
98664, 2
351018, 3
132528, 3
87228, 3
206433, 3
615375, 2
570113, 3
492517, 3
151751, 3
368715, 3
22248, 3
150505, 3
270750, 3
492197, 3
206568, 3
251785, 3
543443, 3
518725, 3
651533, 3
513190, 3
115661, 3
350205, 3
1770, 3
24636, 3
147418, 3
494454, 3
2044, 3
620128, 3
376527, 3
322858, 3
54047, 3
88461, 3
228651, 3
331640, 3
56415, 3
74520, 3
559695, 3
158443, 3
36103, 3
43416, 3
332139, 3
274386, 3
389123, 1
446262, 3
492553, 3
7922, 3
240047, 2
11695, 3
648077, 3
302551, 3
613334, 3
513726, 1
307577, 3
342619, 3
411006, 3
526450, 3
619690, 3
596895, 3
291768, 3
437732, 3
553435, 3
521691, 3
86822, 3
359734, 3
485608, 3
529301, 3
401469, 3
41453, 1
87918, 3
167511, 3
203679, 3
554037, 3
407394, 3
607779, 3
455273, 3
647752, 3
612251, 3
351570, 1
480973, 3
581408, 3
493554, 3
648187, 3
392539, 3
190214, 3
81944, 3
93456, 3
281567, 3
403226, 3
317806, 3
633903, 3
306, 3
323225, 3
284971, 3
30754, 3
242497, 3
362214, 3
352933, 3
176723, 3
205434, 3
609359, 3
410460, 3
448327, 3
407378, 3
409689, 3
545380, 3
86225, 3
402345, 3
461257, 3
48531, 3
353615, 3
250727, 3
320201, 3
296416, 3
527417, 3
381180, 3
408005, 3
557593, 3
512706, 3
416066, 3
378941, 3
51870, 3
225721, 3
391576, 2
622042, 3
343352, 3
261029, 3
411991, 3
462042, 2
302165, 3
124135, 3
211269, 3
31700, 3
390760, 3
614513, 3
431534, 3
588441, 3
593219, 3
400272, 3
651646, 3
156598, 3
605095, 3
348828, 3
51512, 3
191613, 3
10359, 3
472171, 3
142613, 2
276372, 3
193323, 3
129387, 3
322579, 2
170903, 3
41114, 3
117908, 2
404610, 3
504203, 3
77727, 3
591765, 3
123917, 3
378725, 3
178871, 3
281922, 2
312593, 3
224370, 3
390569, 3
451061, 3
215779, 3
601995, 3
404722, 3
307160, 3
421204, 3
290591, 3
215494, 3
282910, 3
406027, 3
438313, 3
169810, 3
127053, 3
627935, 3
407615, 3
339802, 3
248842, 3
176288, 3
210142, 3
23716, 3
614540, 3
254184, 3
601036, 3
4934, 3
326605, 3
336074, 3
596476, 3
299221, 3
498789, 3
261594, 3
361907, 3
359248, 3
76249, 3
554952, 3
57647, 3
527756, 3
605616, 2
78886, 3
107377, 3
351211, 3
660060, 3
457628, 3
58153, 3
639480, 3
460605, 3
340361, 3
550608, 3
523732, 3
240452, 3
61449, 3
209000, 3
469866, 3
424497, 3
326410, 3
576233, 3
48126, 3
20112, 3
31841, 3
412777, 3
359913, 3
206023, 3
576847, 3
64828, 3
185105, 3
580364, 3
597272, 3
99475, 3
579533, 3
217264, 3
96126, 3
577955, 3
448190, 3
432070, 3
604816, 3
304401, 3
400879, 3
5188, 3
64715, 3
295114, 3
11493, 3
588136, 3
402746, 1
73053, 3
131795, 3
502989, 3
465931, 3
257764, 1
432101, 3
494875, 3
519914, 3
359040, 3
244793, 3
264676, 3
151319, 3
238723, 3
276991, 3
252503, 3
539227, 3
121176, 3
341747, 3
191803, 3
339497, 3
290205, 3
479665, 3
206547, 3
519044, 3
268201, 2
271040, 3
302091, 3
365258, 3
228787, 3
598540, 3
177770, 3
255245, 3
590428, 3
139607, 3
565130, 3
638025, 3
11, 3
162010, 3
73068, 3
428248, 3
591399, 3
293324, 3
220215, 3
652951, 3
423453, 3
261444, 3
337150, 3
153343, 3
208346, 3
380257, 3
207698, 3
138844, 3
330258, 3
602013, 3
609529, 3
543177, 3
354486, 3
62179, 3
610741, 3
159061, 3
563026, 3
38051, 3
463068, 3
406683, 3
409409, 3
643071, 3
401816, 3
314203, 3
264785, 3
412960, 3
141604, 3
593178, 3
634632, 3
154398, 3
415667, 3
163355, 3
468915, 3
561540, 3
523009, 3
503843, 3
344998, 3
348110, 3
172829, 3
331668, 3
340857, 3
236420, 3
381650, 3
432418, 3
419798, 3
532617, 3
110671, 3
279502, 3
474325, 3
81805, 3
141140, 3
242871, 3
304485, 3
589972, 3
565678, 3
560354, 3
88939, 3
10833, 3
310890, 3
279165, 3
552988, 3
398819, 3
363977, 3
545208, 3
428467, 3
121184, 3
531889, 1
511298, 3
664846, 3
316420, 3
15254, 3
399817, 3
383653, 3
554520, 3
598085, 3
487748, 3
56177, 3
547324, 3
241899, 3
126829, 3
410246, 3
192785, 3
76660, 3
104978, 3
236314, 3
168497, 3
535354, 3
166333, 3
553508, 3
190052, 3
535265, 3
219192, 1
505432, 3
656588, 3
451304, 2
652972, 3
134503, 3
213903, 3
9505, 3
93365, 3
352025, 3
94321, 3
641749, 3
279481, 3
280160, 3
372211, 3
20118, 3
307484, 3
641203, 3
55978, 3
567860, 3
115726, 3
153132, 3
483218, 3
350520, 3
345793, 3
310138, 3
655370, 3
42838, 3
364234, 3
260131, 3
611069, 3
609475, 3
368331, 3
315255, 3
583991, 3
268978, 3
367951, 3
196418, 3
48973, 3
183952, 3
90897, 3
231184, 3
354532, 3
508374, 3
320708, 2
465435, 3
281957, 3
50140, 3
112902, 3
178480, 3
464395, 3
74083, 3
155912, 3
661324, 3
285230, 3
46359, 3
38551, 3
264140, 3
509597, 3
436151, 1
640266, 3
282880, 3
115205, 3
654199, 3
76935, 3
146732, 2
591404, 3
535019, 3
418640, 3
487041, 2
134675, 3
412255, 3
644812, 3
560256, 3
29403, 3
185341, 3
653672, 3
303304, 3
543793, 3
358924, 3
274630, 3
632715, 3
627624, 3
38957, 3
102327, 3
402200, 3
106218, 3
130290, 3
420269, 3
104926, 1
374592, 2
328251, 3
109690, 3
139050, 3
349794, 3
193219, 3
17393, 3
315910, 3
233010, 3
53047, 3
392213, 3
497642, 3
350928, 3
649795, 3
71350, 3
114608, 3
237924, 3
525165, 3
34331, 3
382965, 3
141466, 3
400475, 3
180991, 3
635680, 3
653603, 3
569374, 3
505138, 3
297124, 3
447731, 3
641328, 3
314393, 3
585285, 3
62270, 3
113937, 3
473473, 1
242422, 3
36717, 3
321038, 2
217551, 3
94693, 3
463722, 3
197023, 3
396612, 3
115620, 3
642185, 3
293684, 3
36748, 3
378193, 3
132674, 3
324721, 3
24306, 3
160849, 3
657336, 3
170669, 3
603706, 3
301446, 2
292149, 3
29417, 3
335714, 3
22443, 3
339260, 3
262717, 3
187007, 3
568566, 2
248445, 3
648177, 3
589076, 3
355506, 3
329085, 3
580879, 3
12593, 3
15359, 3
10527, 3
620233, 3
567014, 3
385619, 3
297845, 3
664213, 3
603397, 3
303157, 3
482445, 3
243178, 3
22660, 3
163851, 3
183886, 3
317487, 3
434796, 3
384916, 3
420056, 3
481280, 3
201582, 3
376688, 3
562181, 3
392775, 3
74846, 3
13166, 3
339994, 3
481261, 3
14618, 3
38904, 3
493246, 3
391630, 3
288794, 3
283730, 3
194433, 3
567356, 3
412279, 3
656586, 3
16090, 3
244611, 3
210692, 3
126263, 3
344155, 3
520486, 3
393707, 3
485657, 3
320508, 3
512218, 3
174526, 3
106896, 3
111044, 3
427956, 3
256089, 3
411174, 3
14168, 3
600828, 3
225918, 3
426471, 3
57654, 3
530910, 3
600346, 3
70643, 3
2955, 3
142084, 3
536540, 3
442638, 3
365778, 3
7924, 3
664182, 3
473157, 3
37284, 2
570952, 3
297911, 3
226035, 3
274704, 3
33040, 3
537885, 3
629444, 3
499778, 3
267850, 3
245657, 3
250924, 3
137261, 3
586922, 3
281638, 3
490578, 3
100004, 3
641737, 3
620614, 3
553929, 3
388329, 3
105062, 3
507177, 3
444850, 3
25130, 3
42366, 3
280982, 3
525183, 3
314092, 3
492542, 2
371875, 3
154806, 3
88145, 3
664678, 3
227931, 3
1890, 3
186244, 3
357329, 3
449810, 3
153731, 3
493586, 3
330794, 2
113728, 3
65519, 3
95240, 3
444836, 3
2801, 3
543703, 3
599858, 3
202368, 3
540581, 3
243656, 3
254266, 3
474896, 3
216338, 3
340286, 1
68221, 3
654794, 3
481293, 3
475433, 3
577696, 3
544337, 3
503558, 3
149476, 1
329721, 3
81088, 3
366433, 3
30480, 3
387420, 2
241606, 2
642713, 3
109849, 3
611320, 3
220754, 3
158729, 3
267795, 3
103147, 3
444630, 3
48505, 3
642375, 3
437711, 3
185427, 3
66723, 3
590733, 3
184460, 3
78357, 3
28637, 3
314715, 3
101619, 3
320093, 2
580886, 3
652326, 3
482173, 3
110390, 3
135901, 3
62309, 3
572155, 3
289190, 3
362921, 3
278685, 3
383658, 3
128566, 2
552236, 3
426161, 3
616207, 3
48595, 3
255725, 3
300275, 3
571436, 3
246938, 3
6835, 3
55821, 3
56794, 3
356056, 3
592908, 3
197051, 3
459053, 3
248088, 3
53360, 3
404750, 3
195216, 3
195022, 3
193544, 3
456491, 3
405774, 3
380853, 3
120758, 3
576068, 3
201918, 3
290173, 3
454931, 3
377010, 3
249775, 3
126249, 3
596082, 3
124208, 3
439114, 3
178966, 3
377753, 3
146935, 3
616491, 3
21009, 3
158471, 3
473873, 3
136205, 3
203447, 3
494239, 3
531816, 3
224881, 3
506245, 3
33299, 3
29316, 3
197005, 3
387092, 3
70347, 3
387659, 3
186372, 3
631258, 3
44507, 3
475812, 3
276365, 3
279757, 3
253760, 3
339859, 3
38243, 3
632768, 3
492346, 2
522248, 3
387819, 3
280464, 3
556192, 3
445963, 3
618890, 3
7917, 3
623804, 3
279288, 3
79003, 1
70650, 3
313025, 3
77356, 3
2011, 3
477277, 3
257333, 3
563862, 3
331397, 1
251604, 3
417090, 3
59251, 3
211907, 3
324729, 2
324462, 3
352115, 3
276273, 3
105807, 2
331618, 3
349599, 3
617551, 3
331183, 2
66364, 3
296224, 3
332044, 3
386496, 3
37254, 3
566431, 3
313431, 3
665316, 3
421353, 3
33789, 3
322557, 3
239104, 3
391543, 3
305158, 3
185917, 3
596901, 3
269213, 3
594760, 3
73966, 3
224730, 3
205919, 3
591198, 3
471773, 3
189398, 3
298145, 3
326560, 3
493621, 3
294099, 3
456199, 3
114747, 3
485655, 3
195488, 3
341624, 3
163333, 3
654176, 3
573353, 3
160650, 3
523925, 3
234724, 3
14100, 3
286768, 3
282878, 3
298269, 2
165545, 3
77034, 3
476809, 3
15561, 3
498628, 3
73002, 3
402138, 3
360380, 3
353681, 3
331763, 3
69902, 3
551397, 3
402265, 3
623203, 3
529719, 3
63227, 3
289377, 3
501084, 3
645773, 3
556017, 3
229454, 3
28707, 3
163833, 3
608161, 3
578505, 3
247100, 3
477015, 3
121355, 3
448392, 3
181250, 3
168134, 3
508921, 3
511071, 3
337465, 3
345335, 3
657440, 3
307064, 3
559700, 3
522079, 3
353196, 3
662420, 2
534992, 3
154962, 3
121776, 3
209353, 3
545573, 3
632987, 3
604163, 1
144481, 3
307805, 3
111694, 3
638256, 3
386954, 3
4386, 3
400503, 3
188046, 3
402745, 3
554036, 3
135136, 3
367385, 3
124275, 3
243327, 3
84275, 3
164777, 3
462669, 3
395181, 3
587461, 3
94962, 3
581764, 3
33319, 3
645589, 3
391949, 2
126659, 3
410250, 3
115619, 3
528026, 3
216900, 3
449583, 3
400643, 3
615135, 3
363016, 3
133245, 3
485271, 3
184005, 3
627414, 3
647327, 3
617517, 3
633850, 3
370771, 3
421776, 3
330289, 3
183502, 3
383558, 3
355411, 3
488024, 3
329346, 3
651591, 1
454708, 3
527312, 3
573897, 3
44339, 3
19739, 2
662254, 3
366348, 3
238471, 3
121655, 3
96818, 3
325564, 3
223091, 3
169315, 3
22973, 3
442376, 3
382175, 3
603036, 3
600255, 3
114244, 3
400729, 1
512815, 3
574039, 3
249043, 3
84328, 3
570740, 3
486680, 3
94012, 3
207848, 3
189232, 3
336909, 3
81351, 3
432617, 3
627461, 3
239410, 3
60738, 3
333512, 3
179991, 3
655203, 3
331491, 1
275626, 3
125740, 3
414502, 3
116305, 2
345074, 3
81741, 3
448756, 3
81354, 3
524146, 1
153762, 3
362608, 3
59060, 3
341231, 3
535176, 3
487010, 3
386540, 3
253070, 3
140504, 3
611051, 3
287331, 3
603599, 3
531131, 3
476267, 3
170366, 3
656594, 3
95935, 3
68117, 3
352376, 3
152486, 3
580702, 3
377800, 2
203480, 3
497043, 3
617774, 3
328291, 3
638313, 3
508208, 3
226363, 3
267190, 1
24082, 3
448691, 3
199377, 3
96107, 3
223037, 3
6456, 3
517412, 3
240141, 3
629785, 3
164176, 3
316298, 3
218923, 3
329742, 3
465123, 3
414701, 3
325854, 2
359395, 3
439302, 3
336766, 3
155190, 3
86265, 3
384839, 3
121722, 2
406081, 3
602054, 3
44394, 2
18494, 3
179535, 3
218414, 3
140509, 2
265825, 3
405342, 3
551612, 3
217000, 3
510596, 3
123930, 3
664770, 3
623081, 3
554514, 3
319297, 3
251354, 2
114159, 3
237114, 3
510012, 3
74538, 3
395102, 3
433548, 3
67625, 3
281101, 3
235494, 3
649473, 3
116112, 3
629081, 3
347941, 3
593574, 3
613922, 3
10169, 3
428399, 1
652452, 3
229995, 3
22049, 3
617735, 3
192799, 3
650331, 3
75252, 3
174428, 3
187320, 3
483332, 3
4042, 3
114101, 3
413500, 3
455633, 3
506764, 3
100286, 3
146275, 3
38058, 3
503475, 3
324495, 3
194800, 3
449891, 3
174439, 3
72932, 3
425507, 3
276285, 3
497137, 3
29213, 3
10089, 3
473077, 3
4429, 3
388430, 3
323620, 3
396542, 3
568699, 3
152219, 3
625938, 3
351548, 3
303466, 3
554054, 3
446440, 2
128712, 3
428560, 3
125112, 3
463807, 3
100038, 3
172699, 3
10974, 3
40804, 3
621225, 3
316514, 3
327689, 3
594113, 3
389807, 3
101496, 3
70240, 3
584979, 3
627538, 3
365188, 3
526937, 3
184931, 3
574868, 3
409999, 3
26642, 3
283976, 3
350788, 3
502426, 3
422021, 3
376028, 3
17620, 3
658880, 2
451954, 3
441903, 3
611136, 1
390391, 2
648445, 3
390468, 3
523169, 3
53923, 3
575798, 3
477046, 3
535609, 3
131517, 3
16359, 3
581246, 3
257557, 3
304376, 3
149555, 3
132899, 3
468250, 3
51597, 3
177598, 3
611538, 3
458185, 2
20943, 3
495886, 3
30891, 3
535959, 3
579162, 3
363147, 3
224307, 3
101582, 3
267031, 3
175590, 3
383417, 3
647568, 3
292813, 3
63276, 3
623021, 3
535569, 3
430234, 2
88111, 3
449163, 3
400150, 3
389257, 3
430061, 2
244815, 3
234063, 3
409254, 3
213314, 3
363390, 3
417539, 3
475685, 3
295459, 3
245470, 3
262205, 3
107358, 3
504769, 3
53873, 3
634507, 3
596652, 3
407022, 3
566018, 3
115770, 3
503795, 3
613762, 3
408211, 3
347663, 3
484535, 3
227762, 3
491887, 2
27583, 3
247390, 3
162803, 3
260311, 3
297065, 3
54720, 3
310729, 3
650051, 3
165396, 3
410629, 3
74104, 3
206677, 3
527907, 3
50474, 3
347050, 3
449929, 3
439708, 3
201817, 3
214000, 3
19894, 3
449217, 3
518302, 3
482686, 3
156838, 3
222787, 3
57929, 3
60737, 3
190751, 3
111997, 3
8094, 3
658236, 3
392333, 3
471422, 3
247552, 3
365984, 3
273696, 3
330366, 3
245651, 3
314854, 3
304230, 3
440596, 3
115499, 3
347422, 3
47553, 3
208054, 3
97504, 3
126289, 3
143883, 3
144838, 3
572780, 3
58356, 3
316056, 3
212924, 3
14751, 3
652024, 3
80403, 3
38445, 3
112582, 3
91785, 3
550247, 3
398892, 3
611171, 3
220092, 3
233200, 3
131284, 3
406550, 3
266236, 3
513227, 3
451135, 2
518956, 3
122285, 3
230371, 3
602762, 3
201625, 3
327646, 3
164536, 3
653110, 3
572493, 3
591780, 2
93175, 3
41443, 3
652441, 3
152503, 3
187379, 3
41644, 3
392148, 3
618924, 3
358607, 3
141856, 3
21676, 3
546018, 3
348958, 3
509169, 2
604803, 3
427537, 3
575236, 3
490684, 3
141230, 3
636810, 3
587293, 3
395441, 3
108596, 3
539069, 3
432997, 3
519058, 1
554536, 3
608064, 3
345952, 3
268004, 3
602767, 3
587705, 3
58626, 3
140154, 3
260689, 3
573261, 3
59729, 3
649737, 3
579910, 3
140670, 3
54053, 3
633062, 3
520157, 3
400958, 3
144814, 3
66059, 3
222514, 3
85080, 3
395411, 3
489756, 3
486608, 3
42349, 3
639804, 3
617975, 3
454736, 3
76866, 3
105080, 3
579136, 3
544304, 3
395615, 3
293990, 3
237894, 2
505305, 3
297882, 3
397025, 3
627337, 3
32226, 3
351660, 3
548414, 3
427617, 3
157568, 3
126393, 3
10558, 3
527119, 3
366207, 3
487810, 3
331052, 3
10211, 3
162017, 3
558644, 3
626811, 3
467556, 3
523086, 1
275004, 3
192607, 3
114704, 2
105953, 3
338990, 3
414507, 3
180787, 3
314812, 3
10871, 3
110615, 2
177424, 3
124224, 3
60599, 3
222199, 3
54290, 3
460208, 3
459589, 3
467520, 3
178905, 3
322590, 3
634203, 3
62336, 3
268646, 3
174782, 3
351021, 3
551589, 3
445491, 3
211451, 3
406451, 3
129807, 3
327845, 3
158581, 3
148596, 3
132124, 3
602718, 3
607783, 1
78619, 3
621634, 3
243471, 3
143861, 3
417867, 3
426591, 3
262695, 3
215215, 3
401393, 3
498048, 3
518903, 3
506766, 3
26330, 3
157052, 3
346515, 3
324412, 3
176406, 3
416486, 3
423093, 3
443220, 3
137769, 3
219750, 3
428701, 3
259608, 3
415826, 3
510400, 3
266955, 1
154176, 3
151602, 3
494294, 3
307578, 3
215600, 3
58902, 3
274411, 3
533407, 3
519979, 3
604079, 3
410286, 3
470345, 3
584391, 3
26668, 3
440350, 3
191320, 1
400754, 3
621401, 3
9480, 3
268828, 3
193518, 3
171477, 3
293048, 3
661431, 3
601805, 3
422347, 3
508348, 3
576389, 3
658827, 3
100748, 3
224573, 3
115235, 3
291657, 3
175704, 3
426825, 2
528599, 3
64703, 1
515027, 3
13200, 3
175922, 3
376716, 3
394276, 3
179790, 3
64191, 3
75415, 3
393638, 3
166814, 3
303036, 3
175170, 3
600233, 3
233975, 2
535088, 3
551316, 3
57461, 1
45385, 3
145319, 3
451042, 3
532710, 3
46345, 3
12800, 3
477652, 3
461156, 3
277490, 3
470620, 3
603304, 3
586999, 2
633374, 3
471611, 3
206327, 3
422824, 3
420971, 3
21023, 3
355112, 3
197537, 3
642055, 3
526018, 2
143069, 3
98748, 3
7008, 3
444188, 3
124468, 2
349192, 3
245678, 3
507423, 3
506916, 3
587384, 1
157245, 3
260960, 3
332953, 3
521164, 3
348279, 3
152426, 3
188504, 3
359315, 3
271270, 2
337221, 3
235337, 3
434513, 3
250980, 3
482920, 3
31569, 3
515986, 3
285487, 3
625860, 3
502586, 3
287624, 1
644321, 3
219259, 3
621491, 3
291476, 3
362487, 3
307876, 3
423567, 3
331837, 3
622428, 3
234925, 3
427836, 3
402386, 3
4573, 3
546405, 3
122678, 3
196083, 3
493929, 3
25026, 3
612845, 3
605449, 1
441424, 3
79957, 3
640590, 3
65518, 3
70894, 3
329815, 3
502564, 3
35015, 3
409568, 3
547976, 3
327661, 3
77412, 3
555426, 3
654802, 3
496689, 3
451812, 2
483195, 3
113386, 3
480911, 3
291807, 3
233405, 3
379250, 3
594650, 1
586053, 3
62906, 3
201062, 3
358392, 3
346970, 3
215457, 3
561997, 3
619296, 3
250849, 3
230492, 3
134359, 3
202063, 1
512823, 3
126641, 3
438604, 3
240333, 3
545314, 3
105262, 3
622152, 3
452094, 3
290535, 3
416176, 3
376598, 3
608475, 3
364835, 3
15985, 3
336499, 3
496530, 3
74002, 3
154890, 3
659476, 3
220034, 3
189507, 3
301839, 3
559988, 3
204757, 3
251919, 3
134255, 3
626504, 3
255714, 3
545503, 3
265214, 3
510621, 3
186009, 3
346167, 3
219122, 3
406933, 3
469075, 3
461920, 3
15306, 3
417308, 3
425582, 3
377026, 3
216941, 3
610523, 3
46664, 3
357202, 3
541278, 3
303340, 1
369982, 3
436909, 3
377004, 3
463485, 3
302395, 3
171411, 3
334652, 3
160604, 3
179421, 3
650858, 3
332135, 3
461754, 3
261963, 3
491284, 1
647034, 3
15555, 3
549933, 3
125689, 3
167222, 3
636858, 3
80271, 3
91825, 3
582418, 3
200457, 2
241181, 3
345764, 3
262679, 3
501020, 3
564717, 3
558042, 3
276077, 3
317269, 3
440684, 3
32918, 3
262174, 3
164017, 3
157023, 3
291554, 3
321987, 3
528564, 3
159662, 3
169254, 3
631833, 3
244258, 3
353479, 3
116646, 3
496363, 3
251129, 3
170975, 3
463523, 3
421798, 3
4367, 3
593172, 3
127508, 3
430369, 3
558301, 3
117842, 3
443353, 3
245732, 3
181728, 3
128479, 3
367177, 3
315274, 3
121084, 3
73235, 3
648327, 3
298983, 3
208825, 3
530055, 1
279932, 3
461442, 3
203441, 3
20049, 3
446066, 3
267734, 2
447777, 3
335952, 3
529718, 3
519177, 3
499232, 3
40209, 3
164820, 3
485996, 2
185237, 1
428090, 3
213072, 3
212388, 3
228293, 3
155545, 3
273267, 3
289327, 3
659289, 3
218408, 3
101076, 3
497101, 3
582312, 3
170654, 3
285816, 3
85977, 3
594982, 3
103487, 3
556435, 3
542883, 1
662910, 3
255846, 3
500580, 3
358283, 3
184173, 3
142843, 3
273472, 3
309822, 1
184509, 3
598798, 3
610719, 3
121768, 3
282732, 3
301522, 3
232427, 3
143870, 3
89270, 3
656654, 3
541698, 3
310100, 3
276528, 3
413563, 3
572312, 3
275549, 3
663377, 3
630141, 3
254608, 3
482562, 3
564799, 2
357052, 3
472808, 3
539219, 3
98625, 3
612355, 3
396256, 2
64250, 3
148746, 3
377315, 3
486347, 3
618233, 3
643756, 2
87136, 3
322432, 2
160536, 3
616635, 3
276557, 3
507024, 3
218640, 3
214707, 3
299716, 3
574113, 3
153300, 3
664465, 3
589216, 3
473506, 3
489479, 3
496642, 3
40572, 3
211400, 3
370599, 3
541811, 3
108964, 3
520884, 3
484004, 3
466607, 3
309647, 3
615461, 3
303136, 3
373417, 3
516609, 3
562762, 3
240916, 3
257907, 1
333665, 3
445531, 3
570678, 3
108177, 3
510882, 2
170912, 3
548629, 3
71679, 3
2702, 3
172246, 3
45758, 3
405394, 3
269092, 3
11287, 3
47765, 3
287430, 3
162169, 3
155331, 3
250261, 3
345829, 3
164073, 3
101670, 3
398634, 3
173832, 3
171509, 3
474266, 3
341156, 3
263350, 3
197660, 3
264772, 3
643058, 3
637793, 3
510482, 3
194086, 3
615316, 3
455853, 3
587584, 3
161303, 3
121036, 3
353301, 2
56424, 3
243264, 3
443425, 3
454392, 3
250682, 3
526454, 3
125784, 3
212512, 3
139835, 3
652682, 3
656, 3
508452, 3
244931, 3
512768, 3
324904, 3
25769, 3
351705, 3
360757, 3
241621, 3
170819, 3
124311, 3
209540, 3
603596, 3
30322, 3
73167, 3
226339, 3
48105, 3
529165, 3
35942, 2
504366, 3
489279, 3
361588, 1
376349, 3
491413, 3
431465, 3
183523, 2
14398, 3
401641, 3
225750, 3
644982, 3
19368, 3
3038, 3
420808, 3
181396, 3
552754, 3
93479, 3
347479, 2
347756, 3
57467, 3
208199, 3
523698, 3
504068, 3
351403, 3
74263, 3
322879, 3
496121, 3
57576, 3
424743, 3
516877, 3
450917, 3
536291, 3
439505, 3
461339, 3
215057, 3
55501, 3
66615, 3
465484, 3
312949, 3
65104, 3
299080, 3
139725, 3
81074, 3
253934, 3
586715, 3
205645, 3
67905, 3
151143, 3
203721, 3
427447, 3
394129, 3
46894, 3
297969, 3
512245, 3
222207, 3
235433, 3
16538, 3
198935, 3
36566, 3
530805, 2
634524, 3
11814, 3
339282, 3
482108, 3
355013, 3
293293, 3
417238, 3
648359, 3
259504, 3
209252, 3
129675, 3
424566, 3
161284, 3
463967, 3
427780, 3
342246, 3
211600, 3
46858, 3
95947, 3
145672, 3
650347, 2
388758, 3
112670, 3
99525, 3
78856, 3
265544, 3
530941, 3
197972, 3
473630, 3
58060, 3
234188, 3
660763, 3
478688, 3
256616, 3
630918, 3
463267, 2
410427, 3
326306, 3
628581, 3
551812, 3
148337, 3
256836, 3
400249, 3
629099, 3
596301, 3
489361, 2
487610, 3
260805, 3
571724, 3
479134, 3
626944, 3
350898, 3
376381, 3
484996, 3
94400, 3
426444, 3
475529, 3
68577, 3
564096, 3
618986, 3
474184, 3
235867, 3
358704, 3
568767, 3
12606, 3
402406, 3
74471, 3
661427, 3
132500, 3
186651, 3
649571, 3
304131, 3
250948, 3
159918, 3
644104, 3
239121, 3
304544, 3
360075, 3
457732, 3
444014, 3
602509, 3
195966, 3
518614, 3
410408, 3
256814, 3
518741, 3
512145, 2
19794, 3
28205, 3
148273, 3
548452, 3
579831, 3
270316, 3
595922, 3
214025, 3
659619, 3
201431, 1
78469, 1
7311, 3
403534, 3
494692, 3
182296, 3
73636, 3
604490, 3
604341, 3
576812, 3
391592, 3
236733, 3
58065, 3
70778, 3
281305, 3
440612, 3
625779, 3
185521, 3
164743, 3
466361, 3
515679, 3
119309, 3
274422, 3
243640, 3
6854, 3
280619, 3
59675, 3
562299, 3
434962, 3
252553, 3
146883, 3
159080, 3
111623, 2
65221, 3
66978, 3
535742, 3
42646, 3
138533, 3
355454, 3
604519, 3
221825, 3
192778, 3
173518, 3
374136, 2
118418, 3
357982, 3
639116, 3
235704, 3
553479, 3
81435, 3
9799, 3
270179, 3
125915, 3
209270, 1
46284, 3
451234, 3
390794, 3
246586, 3
32961, 3
163921, 3
67522, 3
16033, 3
457653, 3
305528, 3
590658, 3
515851, 3
374874, 3
320094, 3
561005, 3
80975, 3
545461, 3
389298, 1
100138, 3
61389, 3
477543, 3
57746, 3
477318, 3
169816, 3
49611, 3
137144, 3
513632, 3
273580, 3
107299, 3
609944, 3
158373, 3
168094, 3
613493, 3
128708, 3
550305, 3
144876, 3
407613, 3
246978, 3
552741, 3
398920, 3
359802, 3
80646, 3
223575, 3
8619, 3
521888, 3
448554, 3
441037, 3
337368, 3
389735, 3
162030, 3
661061, 3
23455, 3
549067, 3
645317, 3
391976, 3
524571, 2
58483, 3
411887, 3
611368, 3
412910, 3
525571, 3
306162, 3
186567, 3
233212, 3
335961, 3
626481, 3
505924, 3
477452, 3
407453, 3
244864, 3
311331, 2
249121, 3
615305, 3
268767, 3
486254, 3
56064, 3
299139, 3
300021, 2
65947, 3
662779, 3
449172, 3
354976, 1
306174, 3
606485, 3
389550, 3
214230, 2
32419, 2
215977, 3
435953, 3
220549, 3
474507, 3
643836, 3
198371, 3
127781, 3
608218, 3
78937, 3
256388, 3
35787, 3
445882, 3
187567, 3
68669, 3
337493, 3
589538, 3
222706, 3
289368, 3
207408, 3
281692, 3
382502, 3
10579, 3
252431, 3
410502, 3
261314, 3
652280, 3
484200, 3
102037, 3
186643, 3
347527, 3
488894, 3
162107, 3
569318, 3
565111, 3
547878, 3
221832, 1
295191, 3
147587, 3
246734, 3
59984, 3
249593, 2
514380, 3
96664, 3
573136, 3
226651, 3
51868, 3
466133, 3
430104, 3
214787, 3
142137, 3
494444, 3
543849, 3
595338, 3
648142, 3
85875, 3
607887, 3
252394, 3
372189, 3
85613, 3
221371, 3
347192, 3
444176, 3
208080, 3
118682, 3
269859, 3
138668, 3
523914, 3
513567, 3
519219, 3
208093, 3
650446, 3
286286, 3
96700, 3
147165, 3
389482, 3
90059, 3
304717, 3
650849, 3
215715, 3
64551, 3
400727, 3
37824, 3
97819, 3
16641, 3
256487, 3
588375, 3
316238, 3
4950, 3
23942, 3
208938, 3
138200, 3
115996, 3
69948, 3
317037, 3
649239, 3
584790, 3
660718, 3
662338, 3
392143, 3
641654, 2
130908, 3
653420, 3
194210, 3
7716, 3
123681, 3
512089, 3
260392, 3
657072, 3
433502, 3
107787, 3
594333, 3
277574, 3
130894, 3
397373, 3
483675, 3
29692, 3
513081, 3
627401, 1
438727, 3
409515, 3
112372, 3
512301, 3
330779, 3
435557, 3
273028, 3
156813, 3
296184, 3
438078, 3
287199, 3
558360, 3
211799, 3
49076, 3
157202, 3
467943, 3
592699, 3
455832, 3
645482, 3
8305, 3
608901, 3
228899, 3
50295, 3
32903, 3
467665, 3
98265, 3
523068, 1
450766, 3
357438, 3
403361, 3
129061, 3
274537, 3
238482, 3
207200, 3
657682, 3
1393, 3
139434, 3
398937, 3
570844, 3
345674, 3
347407, 3
15017, 3
266214, 3
572907, 3
545876, 3
633817, 3
135121, 3
589888, 3
10688, 3
154715, 3
122909, 3
393231, 3
398673, 3
106716, 3
516264, 3
647526, 3
588904, 3
514683, 3
163813, 3
26137, 3
48970, 3
255089, 3
653562, 3
118736, 2
57342, 3
98797, 2
338343, 3
250810, 2
599045, 3
598471, 3
111853, 3
418479, 3
312127, 3
172477, 3
417802, 3
215529, 3
595713, 3
402240, 3
173010, 3
338987, 3
156922, 3
315462, 3
284442, 3
616113, 3
630535, 3
125018, 3
157522, 3
305241, 1
239440, 3
71877, 3
141951, 2
284180, 3
642363, 3
585994, 2
602510, 3
48713, 3
430980, 2
381265, 3
49638, 3
69015, 2
315584, 3
25969, 3
103362, 3
403399, 3
307545, 3
126602, 3
146688, 3
375466, 3
267940, 3
107264, 1
375408, 3
447038, 3
159099, 3
647285, 3
108910, 3
136020, 2
100687, 3
201627, 3
360315, 3
84640, 3
600005, 3
534592, 3
75470, 3
460066, 3
179775, 3
486698, 3
622765, 3
638241, 3
137055, 3
225010, 3
121031, 3
52072, 3
425521, 3
528731, 3
115383, 3
598451, 3
383930, 3
591175, 2
228159, 3
360293, 3
654289, 2
171716, 3
246883, 3
224928, 3
66933, 3
298393, 3
36369, 3
64020, 3
87372, 3
306275, 3
482731, 3
1905, 3
561691, 3
270534, 3
381267, 3
361199, 3
190473, 3
70708, 3
491866, 3
29061, 3
485821, 3
388150, 3
554577, 3
637319, 3
467030, 3
291724, 3
650352, 3
267665, 3
638505, 3
67406, 3
394238, 3
644199, 3
644602, 3
414825, 3
536124, 3
494922, 3
499121, 3
436892, 3
618194, 3
159118, 3
33786, 3
255790, 3
599265, 3
380038, 3
619704, 3
137309, 3
147611, 3
424210, 3
352340, 3
101316, 3
551158, 3
320564, 3
369108, 3
516038, 3
477215, 3
54731, 3
360436, 3
336695, 3
68164, 3
332179, 3
266952, 3
71196, 3
49866, 3
29689, 3
601182, 3
366629, 3
552189, 3
132249, 3
262390, 3
7206, 3
633128, 3
89246, 3
434875, 2
224953, 3
51599, 2
127420, 3
153311, 3
168067, 3
254545, 3
331907, 3
375354, 3
369442, 3
498277, 3
399192, 3
141334, 1
637232, 3
140085, 3
344314, 3
197320, 3
527403, 3
145452, 3
144374, 3
402388, 3
591096, 3
487037, 3
374364, 3
70945, 3
516760, 2
448034, 3
530616, 3
425940, 3
13161, 3
6138, 3
612198, 3
372587, 3
660681, 3
582791, 1
79016, 3
176506, 3
27702, 3
637398, 3
496585, 3
563687, 3
339568, 1
514094, 2
359978, 3
100448, 3
523060, 3
391618, 3
238102, 3
330951, 3
562006, 3
525734, 3
593324, 3
111563, 3
480701, 3
423513, 3
657601, 3
578789, 3
69403, 3
296397, 3
628258, 3
577573, 2
55377, 3
226714, 3
586141, 3
38853, 3
531855, 3
559092, 3
346507, 3
16227, 3
493802, 3
596564, 3
595277, 3
155300, 3
371862, 3
189034, 3
114332, 3
257818, 3
9826, 3
357747, 3
607072, 3
215567, 3
15429, 3
656411, 3
391912, 3
514463, 3
646121, 3
656347, 3
390766, 3
371465, 3
256366, 3
122330, 3
638761, 3
298477, 3
567390, 3
312321, 1
158427, 3
90445, 3
360198, 3
62095, 2
607360, 2
237948, 3
48517, 3
159136, 3
206705, 3
398542, 3
246046, 3
308291, 3
648657, 3
453916, 3
435586, 3
38780, 3
532411, 3
11369, 3
289260, 3
111072, 3
148398, 3
539160, 3
350773, 3
223529, 3
250723, 3
97965, 3
75465, 3
583309, 3
572163, 3
79053, 3
287154, 3
628613, 3
579059, 3
150119, 3
339212, 3
371283, 3
510375, 3
102583, 3
18116, 3
541032, 3
507846, 3
262381, 3
148875, 3
498704, 3
635877, 3
270004, 3
449539, 3
568918, 3
384209, 2
630737, 3
520467, 3
87780, 3
628370, 3
551640, 3
32213, 3
490269, 3
418682, 3
34390, 3
29245, 3
63142, 3
459270, 3
619935, 3
659710, 2
311912, 2
361508, 3
87444, 3
577035, 3
165267, 3
440777, 3
497468, 3
298252, 3
309441, 3
115219, 2
648218, 3
343119, 3
152180, 3
44573, 3
166595, 3
433312, 3
635323, 3
385423, 3
300800, 3
340812, 2
382966, 3
218365, 3
620120, 3
275768, 3
645641, 3
501373, 3
589314, 3
133973, 3
354945, 3
159014, 3
199639, 3
653351, 3
27923, 3
593940, 3
197474, 3
369854, 3
559275, 3
298740, 2
13921, 3
159720, 3
542594, 3
301605, 3
252693, 3
70691, 3
646780, 3
528307, 3
332757, 3
599841, 3
489039, 3
303290, 3
200797, 3
60902, 3
492540, 3
308787, 3
355102, 3
539313, 3
497804, 2
7472, 3
215576, 3
595526, 3
630774, 3
459118, 3
565814, 3
26011, 3
453269, 3
261266, 3
540625, 3
174317, 3
288521, 3
492370, 3
186688, 3
606082, 3
258296, 3
529828, 3
465854, 3
321590, 2
31793, 3
430840, 3
624643, 3
551121, 3
408380, 3
144537, 1
2115, 3
589132, 3
192323, 3
374078, 1
555074, 3
121419, 3
307629, 3
333494, 3
430929, 3
413260, 3
32047, 3
367782, 3
311233, 3
219896, 3
510337, 3
55642, 3
43922, 3
51684, 3
536789, 3
58203, 3
177858, 1
185460, 3
202572, 3
67128, 3
341754, 3
472442, 3
384301, 3
87607, 3
561559, 3
505352, 3
254134, 1
363003, 3
385660, 3
365092, 3
665209, 3
259660, 3
459841, 3
386844, 3
206889, 3
35763, 2
34345, 3
611578, 3
174266, 3
606985, 3
298977, 3
140346, 3
544495, 3
483403, 3
537500, 3
512460, 3
178653, 3
550969, 3
211081, 3
373194, 3
293741, 3
567900, 3
548744, 3
513478, 2
592045, 3
113207, 3
544829, 3
83055, 3
216196, 3
567454, 2
88541, 3
594164, 3
402447, 3
245061, 3
567921, 3
100507, 3
454402, 3
501374, 3
305633, 2
2522, 3
320102, 3
346026, 3
17870, 3
250733, 3
213039, 3
487715, 3
334039, 3
360415, 3
129718, 3
647446, 3
454739, 3
418413, 3
208868, 2
404471, 3
36239, 2
216274, 3
92382, 3
456753, 3
391075, 3
184847, 3
13586, 3
383721, 3
506975, 3
200209, 3
129655, 3
374156, 3
333791, 3
111248, 3
302051, 3
190274, 3
39410, 3
49303, 3
30992, 3
558416, 3
617671, 3
520635, 3
106120, 3
557654, 3
542932, 3
631585, 3
328638, 3
412997, 3
149819, 3
124688, 3
144573, 3
331613, 3
507480, 3
542897, 3
641939, 3
355095, 3
384701, 3
596011, 3
102999, 3
51560, 3
234827, 2
27312, 3
504300, 3
661097, 3
179492, 3
275717, 3
405773, 3
123073, 3
340575, 3
162667, 3
524885, 2
662516, 3
307106, 2
82420, 3
336538, 3
13697, 3
61375, 3
14314, 3
622322, 1
195310, 3
400811, 3
529306, 3
89313, 3
401969, 3
83215, 2
567196, 3
318918, 3
633709, 3
576063, 2
8126, 3
527354, 3
225023, 3
496444, 3
538994, 3
469798, 1
607035, 3
166447, 3
87821, 3
171442, 3
18840, 3
92974, 3
574035, 3
450194, 3
413193, 3
310300, 3
398536, 3
407790, 3
306506, 3
595365, 3
479495, 3
513224, 3
23535, 3
603186, 3
359285, 3
560124, 3
376687, 3
112309, 3
286874, 3
114853, 3
146580, 3
353408, 3
145524, 3
49346, 3
611384, 3
23586, 3
147877, 3
614173, 3
422282, 3
581842, 3
136723, 3
268566, 3
459731, 3
552883, 3
299694, 3
639022, 3
61024, 2
388945, 3
401108, 3
355925, 3
271508, 3
213686, 3
635443, 3
458741, 3
240150, 3
140789, 3
373247, 3
526551, 3
426571, 3
56926, 3
360517, 3
104558, 3
664834, 3
510793, 3
289661, 3
274451, 3
464367, 3
379409, 3
188264, 3
604468, 3
347790, 1
182849, 3
611380, 3
439993, 3
591039, 3
172878, 3
492790, 3
37948, 3
234397, 3
22914, 3
62992, 1
77052, 3
426853, 3
222234, 3
590781, 3
577791, 3
482961, 3
364247, 3
298620, 3
46710, 3
132453, 3
262150, 3
283991, 3
287061, 3
478331, 3
522493, 3
48949, 3
408230, 3
427078, 3
112727, 3
187229, 2
361549, 3
440304, 3
521676, 3
374740, 3
37122, 2
637680, 3
386261, 3
264774, 2
565548, 2
272798, 3
144145, 3
641851, 3
602003, 3
283595, 3
416916, 3
458591, 3
487693, 3
653124, 3
331528, 3
555310, 3
253388, 3
272980, 3
190424, 2
546058, 3
160789, 3
654010, 3
433785, 3
350331, 3
549042, 3
260780, 2
124798, 3
281083, 3
369390, 3
476234, 3
30103, 3
4848, 3
495870, 3
242474, 3
598433, 3
347499, 3
90649, 3
534787, 3
351309, 3
130028, 3
212247, 3
193765, 3
323259, 3
490827, 3
343096, 3
534515, 3
493723, 3
558814, 3
455268, 3
603649, 1
496876, 3
120455, 3
44888, 3
332418, 1
644664, 3
469513, 3
101454, 3
549415, 3
36659, 3
504261, 3
227401, 3
575638, 3
222700, 3
171998, 3
31572, 3
197367, 3
487542, 3
125171, 3
176886, 3
599093, 3
161306, 3
171681, 3
154381, 3
20485, 3
500976, 3
545517, 3
437070, 3
54839, 3
278195, 3
372883, 3
509025, 3
339441, 3
225827, 3
573053, 3
548738, 3
643314, 3
564523, 3
36627, 3
38803, 3
422388, 3
131216, 2
443450, 3
620446, 3
183650, 2
358288, 3
356073, 3
121848, 3
175172, 3
240223, 3
388603, 3
312286, 3
277363, 3
270728, 3
540661, 3
35477, 3
319612, 2
421520, 3
229144, 3
184627, 3
339819, 3
94272, 3
158053, 3
46770, 2
470603, 3
524884, 3
664438, 3
228871, 3
584410, 3
422394, 3
450137, 3
212633, 3
255928, 3
639363, 3
214137, 3
388235, 3
643467, 3
465096, 3
22528, 3
58176, 3
243368, 3
207910, 3
20163, 3
507219, 1
632255, 3
30012, 3
565237, 2
87598, 3
357849, 3
383030, 2
470217, 3
454877, 3
275919, 3
285480, 3
550048, 3
356881, 3
84641, 3
24328, 3
146698, 3
199983, 3
79575, 3
343178, 3
164919, 3
385074, 3
506116, 3
249171, 3
387144, 3
519604, 3
32352, 3
34399, 3
192879, 3
380202, 3
360805, 3
789, 3
25686, 3
509809, 3
163471, 3
528292, 3
156295, 3
235556, 3
536310, 3
449353, 3
637752, 3
384094, 3
89241, 3
576018, 3
187675, 3
50643, 1
650991, 3
287838, 3
651188, 3
253783, 3
165874, 3
637762, 3
67665, 3
494756, 3
464479, 3
304979, 3
118729, 3
396267, 3
571001, 3
64599, 3
176232, 3
321573, 3
491584, 3
498901, 3
429540, 3
338689, 3
283993, 1
13609, 3
88504, 3
117355, 3
518038, 3
306054, 3
302874, 3
282391, 3
479843, 3
136430, 2
256663, 3
553534, 3
104218, 3
239147, 2
174361, 3
492012, 3
20514, 3
581202, 3
358687, 3
104256, 3
138821, 3
566149, 3
357421, 3
209435, 3
418769, 3
391081, 3
385504, 3
398562, 3
420504, 3
489863, 3
19499, 3
122777, 3
6788, 3
534051, 3
13294, 3
195013, 3
28062, 3
346020, 3
484399, 3
313397, 3
189104, 3
377582, 3
160547, 3
134446, 3
13174, 3
657743, 3
198400, 3
637915, 3
283781, 3
190767, 3
381519, 3
272628, 3
597145, 3
465589, 3
479447, 3
139194, 3
63479, 3
2726, 3
497852, 3
612128, 3
244154, 2
61904, 3
234464, 3
349765, 3
366989, 3
129971, 3
174147, 3
601393, 3
600675, 3
322748, 2
352912, 3
193934, 3
620393, 3
245019, 2
237316, 3
316744, 3
316198, 3
30978, 1
324512, 3
127346, 3
652421, 3
496257, 3
326552, 3
37914, 3
555659, 3
106136, 3
427867, 3
286432, 3
234500, 3
385976, 3
12515, 3
313627, 3
460064, 3
253915, 3
590198, 3
612901, 3
4974, 3
24556, 3
486402, 3
535072, 3
635412, 3
430653, 3
584508, 3
499777, 3
383312, 3
570875, 3
117110, 3
81510, 3
37786, 3
520448, 3
325048, 3
232764, 3
209943, 3
553015, 3
298539, 2
191800, 3
138794, 3
567755, 3
638604, 3
147380, 3
468795, 3
189854, 3
375613, 3
390097, 3
502646, 3
636595, 3
68925, 3
277654, 3
47391, 3
30208, 3
6188, 3
130761, 2
274739, 3
93414, 3
652474, 3
610248, 3
409128, 3
354161, 3
72506, 3
155701, 3
197265, 3
437593, 3
521183, 3
176107, 3
461394, 3
265807, 3
578021, 3
589248, 3
333834, 3
268808, 3
93259, 3
435919, 3
354942, 3
427319, 3
180713, 3
153443, 2
197794, 3
508639, 3
408268, 3
2600, 3
116787, 3
397291, 3
123342, 3
468026, 3
248959, 3
194939, 3
43517, 3
434416, 2
139234, 3
260465, 3
621075, 3
596634, 3
378319, 3
598400, 3
207430, 3
59415, 3
556678, 3
443900, 3
415536, 3
654872, 3
8477, 3
525314, 3
43707, 3
111695, 3
278874, 3
105492, 3
58020, 3
88099, 3
235097, 3
14105, 3
528760, 3
246604, 3
471043, 3
50341, 3
144846, 3
470276, 1
407621, 3
68525, 3
85203, 3
163134, 3
93142, 3
254724, 3
87141, 3
357557, 3
253447, 3
184172, 3
238843, 3
2128, 3
166606, 3
122876, 3
3997, 3
268467, 3
533420, 3
41548, 3
226678, 2
306872, 2
11473, 3
478053, 3
545960, 3
515013, 3
318973, 2
366920, 3
532900, 3
287671, 3
133485, 3
661711, 3
639176, 3
94443, 3
410545, 3
308251, 3
310956, 3
579086, 3
57404, 3
521111, 3
531768, 3
529577, 3
525532, 3
140598, 3
351464, 3
425731, 3
389834, 2
185253, 3
281455, 3
122581, 3
503177, 3
622386, 3
134027, 3
72078, 3
636479, 3
632602, 3
586319, 3
510424, 3
593727, 3
219749, 3
551247, 3
42789, 3
30878, 3
660676, 3
578648, 3
475169, 3
606416, 3
497791, 3
251454, 3
487480, 3
254340, 3
45040, 3
463546, 3
360616, 3
96255, 3
463504, 3
5875, 3
512595, 3
175, 3
614504, 3
660228, 3
150866, 3
378519, 3
350148, 3
361840, 3
345347, 1
339946, 3
421196, 3
296429, 3
330648, 3
618932, 3
42735, 3
321707, 3
374965, 3
531382, 3
438899, 2
196812, 3
449612, 3
652912, 3
511803, 3
598516, 3
219126, 3
41057, 3
468326, 2
421587, 3
14138, 2
109747, 3
402216, 3
32674, 3
327946, 3
170853, 3
608220, 3
405883, 3
472547, 3
230123, 3
139887, 3
498912, 3
640601, 3
622045, 3
614034, 3
347059, 3
356363, 3
432274, 3
108193, 3
147195, 3
110600, 3
403086, 3
211096, 3
221261, 3
477805, 3
181481, 3
596630, 3
403488, 3
526434, 3
301666, 3
73449, 3
234250, 3
341148, 3
10481, 3
38990, 3
86140, 3
551078, 3
662772, 2
370841, 3
398976, 3
218418, 3
628652, 3
398612, 3
360935, 3
203403, 3
533651, 3
418414, 3
367221, 3
7557, 3
527993, 3
532764, 3
593597, 3
148246, 3
615910, 3
370972, 3
175900, 3
335566, 2
317076, 3
248400, 3
626002, 3
580824, 3
551305, 3
518236, 3
418018, 3
76763, 3
138488, 3
364451, 3
84697, 3
35503, 3
66556, 3
402721, 3
428542, 3
513125, 3
320501, 3
32823, 3
449243, 3
578489, 3
147281, 3
208332, 3
134888, 3
352676, 3
394407, 3
346624, 3
585286, 3
5795, 3
375977, 3
81754, 3
266388, 3
67014, 3
178983, 3
151740, 3
1260, 3
458574, 3
295870, 3
462041, 2
207195, 3
116920, 3
218260, 3
284376, 3
217207, 3
424830, 1
85131, 3
63553, 3
103522, 3
531801, 2
456013, 3
259093, 3
362266, 3
431337, 3
547658, 3
119583, 3
410386, 3
299339, 3
107872, 3
442648, 3
551790, 3
153740, 3
521943, 3
454467, 3
272310, 3
135698, 3
412766, 3
168753, 3
279995, 3
307871, 3
414738, 3
486167, 3
372181, 3
73483, 3
161312, 3
591581, 1
261940, 2
507549, 3
128983, 3
479578, 3
258066, 3
443313, 3
2068, 3
169681, 3
624754, 3
376689, 3
92908, 3
325028, 3
210056, 3
453334, 3
413607, 3
42122, 3
445931, 3
91867, 3
583120, 3
17314, 3
485172, 3
95550, 3
549209, 3
89119, 3
416196, 3
48274, 3
36367, 3
626194, 1
158580, 3
228719, 3
565531, 3
356247, 3
583254, 3
621282, 3
68417, 3
45705, 3
379909, 3
324556, 3
523128, 3
63891, 3
280337, 3
45514, 3
216564, 3
152660, 3
161414, 3
40689, 3
292987, 3
191332, 1
84699, 1
99773, 3
353095, 3
445615, 3
614189, 3
167456, 3
526092, 3
36742, 3
197796, 3
419552, 3
643470, 3
318113, 3
548317, 3
419923, 3
595332, 3
247583, 3
221027, 3
226052, 3
592507, 3
19802, 3
5592, 3
610549, 3
630839, 3
149374, 2
441738, 3
101285, 3
443864, 3
68687, 3
361687, 3
39109, 3
76936, 3
395187, 3
584369, 3
275546, 3
665373, 2
223216, 3
504606, 3
628467, 3
95471, 3
404894, 3
34621, 3
414511, 3
230210, 2
310175, 3
580292, 3
119970, 3
624184, 3
553648, 3
422168, 3
67781, 3
48039, 3
556183, 3
8897, 3
119588, 3
83048, 3
170808, 3
598037, 3
152524, 3
267259, 3
478658, 3
229508, 3
470525, 3
413685, 3
10592, 3
630546, 3
407254, 3
271175, 3
79690, 3
434364, 3
210691, 3
369096, 3
53372, 3
45482, 3
62767, 3
237043, 3
27138, 3
102183, 3
353474, 3
315984, 3
5573, 3
499562, 3
557301, 3
337577, 3
485046, 3
481903, 3
70702, 2
153472, 3
539969, 3
396312, 3
350510, 3
210124, 3
379956, 3
424440, 1
198501, 3
142069, 3
630030, 3
147368, 3
430008, 3
217038, 3
152790, 3
629837, 3
161024, 3
204193, 3
285451, 3
531913, 3
23907, 3
283092, 3
220481, 3
9600, 3
470326, 3
662213, 3
19814, 3
443953, 3
56574, 3
224907, 3
463060, 3
363892, 3
372997, 3
450723, 3
324789, 3
510414, 3
260905, 3
341398, 3
590630, 3
544351, 3
592030, 3
494888, 3
209855, 3
319426, 3
180717, 3
56932, 3
253236, 3
251353, 3
653271, 3
412512, 3
388780, 3
326441, 3
630102, 3
540116, 3
360099, 3
156637, 3
486761, 3
386859, 3
68993, 3
417996, 3
661011, 1
205317, 3
510189, 3
259124, 3
196537, 3
270335, 3
96191, 3
43040, 3
224423, 3
636990, 3
578233, 3
132778, 3
215195, 3
264109, 3
660163, 1
167464, 3
506626, 3
345015, 3
472287, 3
133293, 3
659118, 3
210337, 3
51375, 3
269986, 3
166000, 3
357487, 3
639016, 3
549543, 3
625770, 3
665184, 2
565653, 3
307486, 3
626337, 3
421026, 3
372375, 3
205640, 3
10744, 3
365125, 3
300027, 3
109431, 3
353315, 3
520773, 3
488993, 3
138109, 3
107932, 3
490374, 3
635577, 3
450816, 3
419679, 3
650507, 3
33561, 3
89738, 3
628550, 3
479964, 3
291415, 3
327835, 3
157916, 3
631601, 3
447748, 3
187938, 3
194618, 3
664048, 3
266373, 3
639731, 3
582948, 3
582349, 3
438324, 3
130185, 3
166147, 3
8309, 3
105989, 3
267017, 3
83611, 3
161301, 3
447965, 3
344786, 3
158190, 3
456233, 3
85100, 3
546423, 3
230667, 3
631236, 3
206169, 3
432618, 3
664222, 3
279671, 3
282759, 3
332636, 3
83143, 3
288862, 3
366689, 3
357139, 3
638286, 3
657657, 3
340974, 3
349597, 3
49466, 3
210002, 3
81936, 3
40790, 2
574217, 3
496813, 2
321952, 3
177320, 3
19321, 3
625930, 3
241319, 3
358916, 3
5831, 3
75591, 3
129361, 3
65662, 3
568716, 3
541133, 3
219907, 3
377063, 3
380995, 3
478927, 3
411160, 3
38917, 3
488334, 3
441599, 3
3945, 3
632975, 2
306956, 3
212183, 3
52570, 3
604906, 3
262405, 3
193471, 3
533836, 3
481396, 3
660114, 3
138875, 3
38569, 3
18795, 3
548699, 3
395831, 3
609890, 3
405930, 3
320019, 3
226408, 3
304769, 3
284620, 3
139186, 3
664497, 2
535435, 3
476641, 3
390980, 3
594247, 3
219713, 3
248659, 3
520076, 3
319457, 3
379401, 3
313640, 3
129355, 3
252058, 3
305626, 2
370572, 3
151108, 3
374581, 3
501336, 3
37742, 3
583135, 3
295799, 1
467398, 3
373686, 3
57440, 3
116594, 3
546475, 3
45288, 3
248149, 3
419856, 3
42204, 3
462229, 1
518462, 3
397484, 3
235915, 3
635418, 3
109456, 3
206387, 3
116224, 3
180193, 3
3001, 3
55980, 3
332475, 3
409257, 3
536787, 3
356153, 3
521495, 3
564626, 3
367208, 3
111896, 3
501666, 3
138637, 1
603083, 3
164634, 3
451131, 3
67843, 3
25121, 3
194125, 3
608704, 3
30445, 3
486345, 3
643934, 2
411375, 3
152272, 3
564469, 3
380309, 3
496000, 2
542368, 3
353438, 3
293491, 3
148043, 3
637155, 3
583539, 3
81667, 3
613149, 3
358112, 3
452463, 3
103195, 3
351430, 3
243624, 3
651101, 3
593690, 3
53670, 3
139810, 2
68228, 3
16256, 3
641970, 3
133512, 3
316656, 3
135273, 3
608065, 2
58357, 3
418509, 3
382875, 3
570854, 3
234340, 3
619610, 3
603933, 3
427671, 1
276396, 3
273664, 3
538924, 3
51384, 3
225156, 3
387866, 3
321607, 3
84474, 3
326029, 3
345609, 1
523609, 3
590797, 3
305276, 3
587881, 3
137418, 3
519461, 3
445956, 3
394141, 3
567288, 2
184630, 3
138787, 3
173672, 3
565729, 3
623026, 3
444538, 3
171471, 3
368916, 3
15888, 3
560289, 3
423776, 3
47810, 3
581640, 2
422273, 3
375663, 3
386314, 3
368852, 3
552140, 3
154264, 3
584458, 2
651186, 3
394528, 3
614843, 3
346942, 3
489383, 3
260556, 3
354753, 3
41402, 3
571776, 2
74545, 3
326860, 3
36914, 3
413645, 3
184131, 3
307026, 3
377969, 3
186252, 3
232155, 3
439791, 2
325447, 3
643424, 3
233467, 3
91139, 3
206114, 3
211604, 3
567207, 3
524807, 3
397423, 3
230387, 3
623201, 3
150660, 2
610068, 3
40876, 3
607514, 3
328568, 3
521095, 3
658369, 3
425723, 3
388772, 3
221411, 3
411272, 3
60723, 3
155929, 3
563970, 3
406259, 3
530216, 3
652909, 3
74436, 3
575165, 3
627104, 3
134572, 3
467072, 3
460738, 3
562792, 3
329091, 3
20254, 1
164195, 3
591456, 3
134621, 3
83258, 3
600872, 3
398121, 3
553982, 3
207310, 3
560538, 3
576148, 2
358191, 3
128457, 3
169556, 3
571814, 3
173127, 3
12954, 3
263889, 3
68643, 3
211745, 2
593605, 3
493116, 2
467429, 3
26961, 3
100506, 3
576454, 3
566335, 3
226333, 3
290050, 3
426308, 3
238902, 3
530412, 1
29526, 3
392274, 3
157494, 3
15572, 3
479788, 3
339971, 3
580863, 3
535583, 3
408554, 3
604480, 3
656959, 3
574423, 3
522199, 3
213632, 3
436749, 3
525641, 3
98502, 3
51596, 3
343656, 3
106418, 3
589, 3
40063, 3
458470, 3
167212, 3
471735, 3
249123, 3
634962, 3
493924, 3
46666, 3
420930, 3
178967, 3
12794, 3
207855, 3
569131, 3
455789, 3
44710, 3
644356, 3
277629, 3
99428, 3
629164, 3
295027, 3
386323, 3
93361, 3
371509, 3
342223, 3
120088, 2
82525, 3
210768, 3
299635, 3
324599, 3
290741, 3
357109, 3
456394, 3
559279, 3
237352, 1
49439, 3
108398, 3
270807, 3
355807, 3
51631, 3
36909, 3
404016, 3
273082, 3
45302, 3
538330, 3
332192, 3
575338, 3
330266, 3
13488, 3
375778, 3
223671, 3
1301, 3
577463, 3
447587, 3
460966, 3
84900, 3
628376, 3
68966, 3
549764, 3
83158, 3
247846, 2
232493, 3
446951, 3
514333, 3
181170, 3
5924, 3
119978, 3
635400, 3
103801, 3
283534, 3
122374, 3
94611, 3
578274, 3
652626, 3
188325, 3
398505, 3
634053, 3
523826, 3
531774, 3
276860, 3
546618, 3
153075, 3
139170, 3
395997, 3
323269, 3
224759, 2
653806, 2
315553, 3
439445, 3
438191, 3
199683, 3
477045, 1
112000, 3
110689, 3
618338, 3
368508, 3
637878, 2
436672, 3
431477, 2
474496, 1
193132, 3
38008, 2
578559, 3
646942, 2
352558, 3
144445, 3
159400, 3
322002, 3
85299, 3
485632, 3
466158, 3
537346, 3
244265, 3
147015, 3
352107, 3
44266, 3
329853, 3
85149, 3
301805, 3
508118, 3
648065, 3
471919, 3
549902, 3
149215, 3
380749, 3
593292, 3
484382, 3
511383, 3
326530, 3
69421, 3
310927, 3
609262, 3
627578, 3
464941, 3
255504, 3
396943, 3
225059, 3
277162, 3
274429, 3
588648, 3
474107, 3
304866, 2
386255, 2
54909, 3
47588, 3
338136, 3
149089, 3
651691, 3
348601, 3
569249, 3
3417, 3
104831, 3
263770, 1
162079, 3
659967, 3
591385, 3
247022, 3
294388, 3
315891, 3
333093, 3
474653, 3
506264, 3
199186, 3
363620, 3
407362, 3
38284, 3
272276, 3
33840, 3
511024, 3
660808, 3
656458, 3
46872, 3
651460, 3
395159, 3
277489, 3
613463, 3
250429, 3
11873, 3
660160, 3
168081, 3
348928, 3
460649, 3
450687, 3
450716, 3
468322, 3
350349, 3
483799, 3
517426, 3
423486, 3
381093, 3
86458, 3
332068, 3
285237, 3
633750, 3
27074, 3
31827, 3
430950, 3
112703, 2
57689, 3
655241, 3
129838, 3
431810, 3
652424, 3
566938, 3
581368, 3
589002, 3
574075, 3
659872, 3
33008, 3
10570, 3
619579, 3
219514, 3
435121, 3
276575, 3
296536, 3
238703, 3
551551, 3
207753, 3
475960, 3
234689, 3
649310, 3
432945, 3
400432, 1
31105, 3
397770, 3
68001, 1
571048, 3
188196, 3
63019, 3
207670, 3
599940, 3
19516, 3
333828, 3
647126, 3
133445, 3
125821, 3
349699, 3
142782, 3
266015, 3
439911, 3
393614, 3
512262, 3
477907, 3
267689, 2
632319, 3
630428, 3
282530, 3
20725, 3
117076, 3
141769, 3
647415, 3
2908, 3
393679, 3
296173, 3
521744, 3
518899, 3
191019, 3
486903, 3
365908, 3
53825, 3
346352, 3
308220, 3
197314, 3
205548, 3
513749, 3
499577, 3
130339, 2
648356, 3
633945, 3
470168, 3
480103, 3
641974, 3
560313, 3
274746, 3
205721, 2
243076, 3
579071, 3
476576, 3
279289, 3
639044, 3
146141, 3
206453, 3
177481, 3
436939, 3
392058, 3
172940, 3
605397, 3
629902, 3
613873, 3
222083, 3
260697, 3
422687, 3
640860, 3
352910, 3
380707, 3
593484, 3
307726, 3
324039, 3
218571, 3
269274, 3
617860, 3
385990, 3
229380, 3
589301, 3
431596, 3
108447, 3
210237, 3
399854, 3
279404, 3
222744, 3
57487, 3
237378, 3
71288, 3
211785, 3
100066, 3
163502, 3
106087, 3
115634, 3
488437, 3
133346, 3
170742, 3
191980, 3
73148, 3
365221, 3
435018, 3
456626, 3
649129, 3
572857, 3
295525, 3
293742, 3
275146, 3
402531, 3
401482, 3
123824, 3
601395, 3
207042, 3
227179, 3
255123, 3
50740, 3
537412, 3
442432, 3
206233, 3
381805, 3
466115, 3
110735, 3
436075, 2
311962, 3
607598, 3
566358, 3
363345, 3
535386, 3
66897, 3
212105, 2
444704, 3
444027, 3
98097, 3
316991, 3
396714, 3
39465, 3
387492, 3
568517, 3
154895, 3
349949, 3
181003, 3
302753, 3
602162, 3
288189, 3
4835, 3
36670, 3
304162, 3
402410, 3
129984, 3
67093, 3
493040, 3
497134, 3
646003, 3
575088, 1
132402, 3
99492, 3
388479, 3
652440, 3
536072, 3
211673, 3
218493, 3
423120, 3
538007, 3
426937, 3
493706, 3
596293, 3
378564, 3
313116, 3
423805, 3
186387, 3
517991, 3
657272, 3
463674, 3
363319, 3
93718, 3
396637, 3
660792, 3
84385, 3
141877, 2
355761, 3
17253, 3
142965, 3
180085, 3
397424, 3
120412, 3
224570, 3
389502, 3
184324, 3
477832, 3
410746, 3
122351, 3
127567, 3
601644, 3
261140, 3
593263, 3
370943, 3
372693, 3
281357, 3
119715, 3
212932, 3
237782, 3
349093, 3
374516, 3
105928, 3
167184, 3
197783, 2
630993, 3
645216, 3
457980, 3
349946, 3
456399, 3
204935, 3
187666, 3
112893, 3
612483, 3
365229, 3
544170, 3
648732, 3
639072, 3
598508, 3
408111, 3
610237, 3
303343, 3
261316, 3
33569, 3
6940, 3
179764, 3
210193, 3
536554, 3
275323, 3
127606, 3
126390, 3
98853, 3
298874, 3
535979, 3
363346, 3
502196, 3
164577, 3
448136, 3
115049, 1
523618, 3
301120, 3
414432, 3
286553, 3
396453, 3
566026, 3
331094, 2
396007, 3
311225, 3
359157, 3
329310, 3
551532, 3
33402, 3
333201, 3
32727, 3
535128, 3
607411, 3
254277, 1
650242, 3
322352, 3
569243, 3
401123, 3
591933, 3
180351, 3
548740, 3
522822, 3
57331, 3
105163, 3
144188, 3
90793, 3
197426, 3
89623, 3
495032, 3
404215, 3
3747, 3
541364, 3
104049, 3
455112, 3
563497, 3
483506, 3
81207, 2
591968, 3
82830, 1
245618, 3
631027, 3
329831, 3
506636, 3
425626, 3
339526, 3
274063, 3
435490, 3
103667, 3
205756, 3
81695, 3
98781, 3
123745, 3
414113, 3
272288, 3
57700, 3
45493, 3
338349, 3
536991, 3
583909, 3
409785, 3
327325, 3
511142, 3
227106, 3
544157, 3
73400, 3
212315, 3
628753, 3
516164, 3
647085, 3
310646, 3
464456, 3
30484, 3
129156, 3
197050, 3
398866, 3
153779, 3
578010, 3
173699, 3
121480, 3
321749, 2
410446, 3
146968, 3
265352, 3
386798, 3
245401, 3
74777, 3
427538, 3
216337, 3
539796, 3
218333, 3
659114, 3
467986, 3
554370, 3
482491, 3
543408, 3
174330, 3
448552, 3
240155, 3
615844, 3
380698, 3
548563, 3
388606, 3
362175, 3
662565, 3
19604, 3
409219, 3
263546, 2
423872, 3
362055, 3
8398, 3
258542, 3
304465, 3
433131, 3
440702, 3
449988, 3
616258, 3
313154, 3
538791, 3
498300, 3
616197, 3
144965, 3
495828, 3
513945, 3
116856, 3
546612, 3
452775, 3
24322, 3
612298, 3
647140, 3
577017, 3
433223, 3
97805, 3
375189, 3
244416, 3
243188, 3
264317, 3
415892, 3
522025, 3
296288, 3
663776, 2
230404, 3
91245, 3
502331, 3
554385, 3
28501, 3
422003, 3
365959, 3
644820, 3
620203, 3
294338, 3
276239, 3
588347, 3
978, 3
139941, 3
210529, 3
26224, 3
484305, 2
500512, 3
9763, 3
271248, 3
207153, 3
640348, 3
236763, 3
530964, 3
322407, 3
42110, 3
339628, 3
37002, 2
95796, 3
179891, 3
175141, 3
432187, 3
167796, 3
608636, 3
489393, 3
384985, 3
211448, 3
637257, 3
380010, 3
514203, 3
418803, 3
343126, 3
537220, 3
249257, 3
632525, 3
315140, 3
652067, 3
257925, 3
530315, 2
23844, 3
121727, 3
594061, 3
263837, 3
492918, 3
506925, 3
198854, 2
347140, 3
457755, 3
656624, 3
579746, 3
106620, 2
285089, 3
119035, 3
451817, 3
627631, 3
397995, 3
81607, 3
384013, 3
1125, 3
379099, 3
376051, 2
549473, 3
472430, 3
623845, 3
199925, 3
151495, 3
67928, 3
19005, 3
429515, 3
470080, 3
610908, 3
524082, 3
179955, 3
584684, 3
67751, 3
615146, 3
384889, 3
125923, 3
220066, 3
599901, 3
641823, 3
398343, 3
456643, 3
421825, 3
642816, 3
81508, 2
451423, 3
178561, 3
169582, 3
191774, 3
512842, 3
213322, 3
526962, 3
252620, 3
524832, 2
501277, 3
573408, 3
294892, 3
448869, 3
32139, 3
197096, 3
84825, 3
518860, 3
171063, 3
335499, 3
383571, 3
128277, 3
376023, 3
229624, 3
142971, 3
496526, 2
253528, 3
299092, 3
533118, 3
617267, 3
370196, 3
272967, 3
584758, 3
343702, 3
303359, 3
552030, 3
172006, 3
265309, 3
383719, 3
21220, 3
432145, 2
423357, 3
297390, 3
32022, 3
535377, 3
399065, 3
285961, 3
198401, 3
409782, 3
616946, 3
249860, 3
421717, 3
247239, 3
631917, 3
426793, 3
656966, 3
491974, 3
306635, 3
247027, 3
453089, 3
42719, 3
481541, 3
46776, 3
443710, 3
626309, 3
320931, 3
88391, 3
335408, 3
20193, 3
341804, 3
395282, 2
1050, 3
147871, 3
534514, 3
375390, 3
173702, 3
241294, 3
421082, 3
30387, 3
639313, 3
225486, 3
22345, 3
449205, 3
649948, 3
536881, 3
174775, 3
608489, 3
629111, 3
624757, 3
2492, 3
210612, 3
499925, 3
484800, 3
413594, 3
436615, 3
637722, 3
257587, 3
32601, 3
132544, 3
533062, 3
66220, 3
296555, 2
401792, 3
204989, 3
11589, 3
117945, 3
366612, 3
130172, 3
63949, 3
450068, 3
311712, 3
569162, 3
121706, 3
89352, 3
293753, 3
292022, 3
278813, 3
461377, 3
313041, 3
74255, 3
200489, 3
660876, 3
254958, 3
104874, 3
426048, 3
392162, 3
48568, 3
500182, 2
280560, 3
645607, 3
358834, 3
316172, 3
654610, 3
600962, 3
591467, 3
130866, 3
638934, 3
431930, 3
165523, 3
302448, 3
476381, 3
189054, 3
398027, 3
104658, 3
282602, 3
185944, 3
388345, 3
122673, 3
329743, 3
634740, 3
64633, 3
496648, 3
353690, 3
390734, 3
310408, 3
370052, 3
89401, 3
101491, 3
603182, 3
464539, 3
7794, 3
639037, 3
302351, 3
479438, 3
253205, 3
219485, 3
346604, 3
504610, 3
219686, 3
27494, 3
517214, 3
290067, 3
521999, 3
92537, 3
454828, 2
586073, 2
349538, 3
156742, 3
305979, 3
101828, 3
314775, 3
489594, 3
144352, 3
47898, 3
451138, 3
236814, 3
454400, 3
41914, 3
163005, 3
615350, 3
174781, 3
282091, 3
97221, 3
211265, 3
298235, 3
607615, 3
46812, 1
320576, 3
202783, 3
506256, 3
419458, 3
648676, 3
575983, 3
508861, 3
110223, 3
255424, 3
106568, 3
633925, 3
631711, 3
467750, 3
426349, 3
204903, 3
355447, 3
422664, 3
505511, 3
443595, 3
642972, 3
78019, 3
62249, 3
398293, 3
649013, 3
409673, 3
379978, 3
75803, 3
583239, 3
589047, 3
557135, 3
402256, 3
582102, 3
363591, 3
630965, 3
192636, 1
85446, 3
45148, 3
148589, 3
427426, 3
511733, 3
334045, 3
644450, 3
139585, 3
647007, 1
86415, 3
534709, 3
371771, 2
481678, 3
56817, 3
656984, 3
258748, 3
199129, 3
121361, 3
565735, 3
40337, 3
72087, 3
363981, 3
442801, 3
570299, 3
359344, 3
573210, 3
587138, 3
147218, 3
641119, 3
331138, 3
238994, 3
645559, 3
424030, 3
140946, 3
634234, 3
251151, 3
453859, 3
367560, 3
588490, 3
131388, 3
92125, 3
396280, 3
293594, 3
413883, 3
138339, 3
228272, 3
152635, 3
453965, 3
144591, 3
114558, 3
109742, 3
210595, 3
186187, 3
325668, 3
646222, 3
153319, 3
16692, 3
18618, 3
184868, 3
400193, 3
589286, 3
3067, 3
250538, 3
496852, 3
546858, 3
305577, 1
266867, 2
489909, 3
94315, 3
57479, 3
215785, 3
227092, 3
87517, 3
276439, 3
290333, 3
322664, 3
243054, 3
228126, 2
303413, 3
73552, 3
316006, 3
502909, 3
186686, 2
443118, 3
616970, 3
25552, 3
220250, 2
284652, 3
376762, 3
21706, 3
52402, 3
68111, 3
212672, 3
287521, 3
355073, 3
576129, 3
589366, 3
593137, 3
104279, 3
544490, 3
652353, 3
242183, 3
158634, 3
365195, 3
414161, 3
303014, 3
249231, 3
417923, 3
20545, 3
299194, 3
658222, 3
610069, 3
289877, 3
105821, 3
230913, 3
519367, 3
310891, 2
393808, 1
394189, 3
361536, 3
371619, 3
556716, 3
172723, 3
620717, 3
379457, 3
325339, 3
580507, 3
528221, 3
359640, 3
424991, 3
344032, 3
300949, 2
145668, 3
93693, 3
465651, 3
450823, 3
647125, 3
159050, 3
272783, 3
390430, 3
438954, 3
599173, 3
240801, 3
108823, 3
445771, 3
190210, 3
489597, 3
516273, 3
146239, 3
368047, 3
588048, 3
414864, 3
376815, 3
649596, 2
164608, 3
333674, 3
459596, 3
31866, 3
209578, 3
618742, 3
188396, 3
348723, 3
3900, 3
488677, 3
49431, 3
356108, 3
47710, 3
211248, 3
488805, 3
365812, 3
94174, 3
52899, 3
663991, 3
504457, 3
391190, 3
301422, 3
315364, 3
480451, 3
164534, 3
626491, 3
348609, 3
66712, 3
83964, 3
507663, 3
254138, 3
545316, 3
512803, 3
441556, 3
181377, 3
568311, 3
527844, 3
201317, 3
644716, 3
132364, 3
378614, 2
625185, 1
156566, 3
388400, 3
529360, 3
422451, 3
147381, 3
344784, 3
3678, 3
564248, 3
451116, 3
289047, 3
240756, 3
243629, 3
542486, 3
339488, 1
180908, 3
312129, 3
619799, 2
189053, 3
144244, 3
386894, 3
447676, 3
236310, 3
208125, 3
392931, 3
159323, 3
568349, 3
145772, 3
183778, 3
62296, 3
157181, 3
591010, 3
565127, 2
546384, 3
124437, 3
457672, 3
499403, 3
116623, 3
356164, 3
638490, 3
584872, 3
661571, 3
524823, 3
31670, 3
646915, 3
149985, 3
134986, 3
458484, 3
228870, 3
244092, 3
240910, 3
184675, 3
602235, 3
29192, 3
583093, 3
396394, 3
85238, 3
469387, 3
216419, 1
503983, 3
387460, 3
231862, 3
201927, 3
580970, 3
181176, 3
545953, 3
551722, 3
275409, 3
132573, 3
216399, 3
29975, 3
622286, 3
114578, 3
564413, 3
458532, 3
352503, 3
343292, 3
411787, 3
101865, 3
252563, 3
252616, 3
2646, 3
507496, 3
52485, 3
331771, 3
367970, 3
549510, 3
5390, 3
30614, 3
497862, 3
57688, 3
197621, 3
157595, 3
29193, 3
76327, 3
125431, 2
278653, 3
563366, 3
601471, 3
3053, 3
208019, 1
136620, 3
24515, 3
85340, 3
332986, 3
226, 3
45287, 3
348089, 3
337041, 3
532840, 3
167122, 3
71538, 3
495254, 3
177491, 3
489331, 3
645938, 3
192626, 1
731, 3
373089, 3
641161, 2
208893, 2
137389, 3
609113, 3
147143, 2
501834, 3
185560, 3
73649, 3
233298, 3
25802, 3
3316, 3
536729, 3
220247, 3
558069, 3
478813, 3
371717, 3
40228, 3
295653, 3
357507, 3
335059, 3
232599, 3
648795, 3
572734, 3
129035, 3
265375, 3
12882, 3
381463, 3
218826, 3
31290, 3
321636, 3
12815, 3
389451, 2
599133, 3
13719, 3
125211, 3
430519, 1
293687, 3
431667, 3
293195, 3
499620, 3
314304, 3
136235, 3
278644, 3
85505, 3
94872, 3
56324, 3
73525, 3
412479, 3
200326, 3
423039, 3
530326, 3
122145, 3
452445, 3
602998, 3
586126, 3
585616, 3
307791, 3
106909, 3
304847, 3
280877, 3
21214, 3
227479, 3
467334, 3
266031, 3
348819, 3
186919, 3
418642, 3
378371, 2
66721, 3
429764, 2
305778, 3
343064, 3
157671, 3
21801, 3
230908, 3
27715, 3
457584, 3
375874, 3
410353, 3
23124, 3
310413, 1
58110, 3
650833, 3
92521, 3
633222, 3
313656, 3
317158, 3
90913, 3
169856, 3
73419, 3
434659, 3
619978, 3
205533, 3
640478, 3
401414, 3
608399, 3
482425, 3
635542, 3
241607, 3
628534, 3
250013, 3
141203, 2
200995, 3
16391, 3
444299, 3
273583, 3
638074, 3
42964, 3
545270, 3
70056, 3
117146, 3
461664, 3
662136, 3
28126, 3
16798, 3
3715, 3
558028, 3
210829, 3
180340, 3
80149, 3
241064, 3
305802, 3
599880, 3
352852, 3
307189, 3
14481, 3
277965, 3
352167, 3
322093, 2
514664, 3
257284, 3
342892, 3
609932, 3
150488, 3
555307, 3
651251, 3
22577, 3
538120, 3
370477, 3
38939, 3
582014, 3
495043, 3
388032, 3
627196, 3
629532, 3
145980, 3
216296, 3
75735, 3
574522, 2
5884, 3
655607, 3
72651, 3
441257, 3
44607, 3
635547, 3
587218, 3
342514, 3
275763, 2
377184, 2
57228, 3
219347, 2
48169, 3
431922, 3
298680, 3
403010, 3
367518, 3
103862, 3
569744, 3
486523, 3
489633, 3
246895, 3
209630, 3
313480, 3
468229, 3
127229, 3
46416, 3
105125, 3
389499, 3
435681, 3
124316, 3
563177, 3
49858, 3
307826, 3
477570, 3
143626, 3
122015, 3
616483, 3
612187, 3
87394, 3
260045, 3
23281, 3
92476, 3
486475, 3
546200, 3
599603, 3
314353, 3
94380, 3
371939, 3
649631, 3
165525, 3
448197, 3
414790, 3
198133, 1
157434, 3
157270, 3
192313, 3
491030, 3
454671, 3
538809, 3
355434, 3
628525, 3
496841, 3
174933, 3
23369, 3
255449, 3
375679, 3
54133, 3
103756, 3
232056, 3
570956, 3
157643, 3
381624, 3
175057, 3
393015, 3
406783, 3
218820, 3
27717, 3
330187, 3
460625, 3
255722, 1
103754, 3
244713, 3
459465, 3
34, 3
20338, 3
311703, 3
69721, 3
168931, 2
634885, 3
536135, 3
663887, 3
288505, 3
113717, 3
587601, 3
642184, 3
250545, 3
494612, 2
618540, 3
317655, 3
298360, 3
390217, 3
454416, 3
492353, 3
202800, 3
103528, 3
1322, 3
477116, 3
300066, 3
601293, 3
295794, 3
580694, 3
486640, 3
230638, 3
38273, 3
460721, 3
316904, 3
645478, 3
367929, 3
128295, 3
98209, 3
387299, 3
638683, 3
343696, 3
18185, 3
136547, 3
285659, 3
314922, 3
476110, 3
266371, 3
32885, 3
541350, 3
621132, 3
261122, 3
167819, 2
655114, 3
258421, 2
657132, 3
550455, 3
572587, 3
344239, 3
542201, 2
535169, 3
621127, 3
253193, 3
563818, 3
137326, 3
512378, 3
332002, 2
408471, 3
228165, 3
128793, 3
520957, 3
384606, 3
155443, 3
38691, 3
653314, 3
27453, 3
64878, 3
493876, 3
554480, 2
411938, 3
565061, 3
94645, 3
149613, 3
650274, 3
392135, 3
587320, 3
158758, 3
570566, 3
354417, 3
249160, 3
219417, 3
159814, 3
224095, 3
651515, 3
8148, 3
384255, 2
534662, 3
165042, 3
552605, 3
19412, 3
402566, 3
128766, 3
252132, 2
466188, 3
195307, 3
466470, 3
441508, 3
34161, 3
5166, 3
19232, 3
662501, 3
609693, 3
399446, 3
564995, 2
144554, 3
211829, 2
408586, 3
373042, 3
342499, 3
299346, 3
323864, 3
179380, 3
10553, 3
638881, 2
182645, 3
120657, 3
2188, 3
355370, 3
576013, 3
12817, 3
592293, 3
126831, 3
76813, 3
10297, 3
308508, 3
402775, 3
320188, 3
553427, 3
528838, 3
482479, 3
196623, 3
569036, 3
456652, 3
573761, 3
208631, 3
350360, 3
500840, 3
405775, 3
244652, 3
330424, 3
231426, 3
544240, 3
547112, 3
465091, 3
214893, 3
315572, 3
96120, 3
502371, 3
516516, 3
182141, 3
171255, 3
158461, 3
156537, 3
384736, 3
308856, 3
29056, 3
232045, 3
322054, 3
232656, 3
566925, 3
423824, 3
481351, 3
145973, 3
90038, 3
514347, 3
412183, 3
139804, 3
380056, 3
563643, 3
568673, 3
106082, 3
129874, 3
451885, 3
385408, 3
446038, 3
9299, 3
208227, 3
280455, 3
271312, 3
388892, 3
112225, 3
195318, 3
136871, 2
50166, 3
450886, 1
271430, 3
198817, 3
70420, 3
484787, 3
56079, 3
640466, 3
536581, 3
665197, 3
643170, 3
449214, 3
67115, 3
148172, 3
320112, 3
391020, 3
352581, 3
590289, 3
571770, 3
249642, 1
520220, 3
623115, 3
446111, 3
126974, 3
152038, 3
107107, 3
234636, 3
445269, 1
294056, 3
215052, 3
430235, 3
393534, 3
526399, 3
23272, 3
300790, 3
569927, 3
47327, 3
277656, 3
528119, 3
6599, 3
541596, 3
56537, 3
407689, 3
220538, 3
605866, 3
648648, 3
81583, 3
365817, 3
474723, 2
403669, 3
473659, 3
416126, 3
336773, 3
193363, 3
254607, 3
520975, 3
490604, 3
643925, 3
459303, 3
51100, 3
130039, 3
150065, 3
169956, 3
353711, 3
229860, 3
574049, 3
537042, 3
210452, 2
29243, 3
605329, 3
556391, 3
504867, 3
467053, 3
598929, 3
506837, 3
622506, 3
576313, 3
98076, 3
167382, 3
362073, 3
141813, 3
124732, 3
142963, 3
150730, 3
229960, 3
106395, 3
625049, 3
566124, 3
128865, 3
379229, 3
296763, 3
506352, 3
457531, 3
97386, 3
662006, 3
260562, 3
617852, 3
321668, 3
240553, 3
616026, 3
341720, 3
651163, 3
273053, 3
440568, 3
135019, 3
570207, 3
221523, 3
268805, 3
333620, 3
348725, 3
229765, 3
532653, 3
85244, 2
665407, 3
321711, 3
284170, 3
574701, 3
231679, 3
515473, 3
108480, 3
67844, 3
402697, 3
36120, 3
490383, 3
23104, 3
13339, 3
469196, 3
422055, 3
325825, 3
210877, 3
506963, 3
214534, 3
393667, 3
27102, 3
512839, 3
238243, 3
406406, 3
46956, 3
98196, 3
382932, 3
269117, 3
278576, 3
114994, 3
219859, 3
219733, 3
72412, 3
5225, 3
428540, 2
592184, 3
156576, 3
394688, 2
168832, 3
309833, 3
78074, 3
311488, 2
69523, 3
222696, 3
128927, 3
387029, 3
32384, 3
251934, 3
103109, 3
162173, 3
630776, 3
615381, 3
343717, 3
639577, 3
150208, 3
417753, 3
145596, 2
567701, 3
454479, 3
439767, 3
93433, 3
400875, 3
308010, 3
100017, 3
478789, 3
339940, 3
168619, 1
553621, 3
344315, 3
420780, 3
342069, 3
351378, 2
399893, 3
276093, 3
662526, 3
657729, 3
353818, 3
448948, 3
509057, 3
184670, 3
219843, 3
587236, 3
491770, 3
89600, 3
380413, 3
194724, 3
653171, 3
548350, 3
338984, 3
508905, 3
155557, 3
433408, 3
27983, 3
210241, 3
218419, 3
157802, 3
247479, 3
318024, 3
646702, 3
39263, 3
569125, 3
442571, 3
8248, 3
270930, 3
131144, 1
204823, 3
110090, 3
227256, 3
635456, 3
83517, 3
517308, 3
397158, 3
92712, 3
446497, 3
324917, 3
404219, 3
217527, 3
654041, 3
619158, 3
475527, 3
393147, 3
78660, 3
501393, 3
8051, 3
301574, 3
638892, 3
498033, 2
128543, 3
520266, 3
301667, 3
384802, 3
541545, 3
247431, 3
145207, 3
131357, 3
275116, 3
193774, 3
103670, 3
270165, 3
84852, 3
161074, 3
141196, 3
614788, 3
55909, 3
95185, 3
228435, 3
272726, 3
87355, 3
32108, 3
382022, 3
114008, 3
600494, 3
586809, 1
296557, 3
216523, 3
350269, 3
48894, 3
443713, 3
267172, 3
24460, 3
277164, 3
74806, 3
627023, 3
124281, 3
4148, 3
199838, 3
574754, 3
211493, 3
152381, 3
303017, 3
19776, 3
602416, 3
537752, 3
186685, 3
141431, 1
473092, 3
134280, 3
411995, 3
260564, 3
385265, 3
868, 3
437302, 3
342853, 3
101211, 3
452634, 3
293764, 3
397062, 3
166111, 3
59286, 3
210122, 3
248843, 3
406217, 3
240848, 1
228441, 3
425080, 3
209118, 3
647183, 3
369486, 3
64562, 3
250214, 3
159767, 3
272503, 3
175863, 3
16160, 3
623067, 3
226226, 3
88215, 3
123762, 3
63132, 2
587872, 3
330832, 3
105907, 2
627185, 3
374091, 3
338502, 3
527359, 3
561740, 3
164207, 3
608251, 3
296576, 3
513450, 3
450536, 2
333274, 1
90637, 3
31493, 3
552285, 3
474105, 3
467060, 2
247361, 3
573393, 3
366224, 3
596642, 3
525257, 3
299993, 3
198724, 2
224888, 3
333650, 3
404151, 3
377764, 3
131790, 3
631930, 3
662018, 3
6821, 3
414607, 3
237164, 3
178340, 3
7700, 3
554494, 1
61986, 2
63720, 3
259159, 3
376746, 3
20510, 3
43352, 3
586810, 3
201861, 3
650537, 3
258762, 3
615152, 3
550383, 3
440963, 3
271938, 3
293710, 3
531670, 3
629086, 3
3000, 3
197773, 2
375824, 3
165346, 3
375174, 3
556453, 3
543349, 3
153971, 3
590481, 3
162875, 3
182831, 3
657878, 3
564496, 2
158102, 3
623833, 3
327143, 3
406448, 3
139185, 3
91522, 3
606036, 3
539387, 3
572685, 3
487716, 3
648800, 3
93140, 3
135982, 3
51068, 3
36921, 3
661628, 3
640219, 3
144733, 3
456386, 3
562502, 3
361736, 3
333172, 3
387356, 3
415645, 3
558926, 3
579601, 3
523348, 2
575771, 3
244193, 3
448456, 3
374843, 3
178850, 3
184457, 2
486634, 3
120478, 3
323184, 3
469401, 2
22169, 3
265486, 3
603605, 3
646557, 3
132537, 3
180531, 3
613252, 3
275462, 3
96967, 3
512212, 3
358330, 3
341657, 3
628546, 3
169799, 3
509706, 3
472330, 3
370216, 3
156623, 3
130137, 3
272985, 3
190048, 3
595213, 3
204937, 3
298812, 3
499956, 3
287083, 3
250391, 3
598310, 3
648329, 3
621311, 3
158521, 3
306388, 2
331461, 3
42757, 3
184848, 2
663921, 2
649566, 3
630064, 3
113634, 2
611490, 3
164114, 3
280282, 3
542391, 3
477549, 3
220870, 3
391244, 3
557834, 3
74594, 3
307016, 3
279743, 3
187578, 3
5500, 3
427607, 3
161881, 3
626655, 3
539783, 3
55176, 3
143570, 3
394892, 3
468038, 3
495003, 3
126524, 3
300074, 3
276705, 3
657631, 3
554129, 3
585752, 3
208471, 3
537308, 3
580769, 3
197446, 3
93724, 3
411079, 3
243840, 3
549808, 3
71351, 3
594817, 3
567192, 3
577006, 3
126675, 3
542764, 3
628585, 3
284031, 3
462631, 1
264329, 3
358264, 3
479426, 3
574484, 3
42276, 3
582073, 3
244909, 3
460078, 3
631546, 3
416483, 3
639392, 3
578324, 3
146954, 3
376373, 3
374243, 3
75254, 3
612645, 2
309702, 3
382671, 3
40901, 3
318187, 3
502833, 3
304990, 3
599106, 1
513479, 3
159655, 3
452371, 3
560469, 3
613320, 3
324183, 3
196029, 3
245321, 3
274021, 3
96204, 3
49900, 3
22587, 3
613255, 3
359266, 3
592028, 3
539282, 3
515813, 2
181319, 3
505610, 3
162908, 3
156611, 3
601878, 3
359416, 3
478241, 3
309916, 3
550707, 3
566563, 3
69352, 3
595216, 3
345581, 3
480164, 3
365290, 3
403053, 3
81810, 3
263445, 3
479642, 3
632584, 3
295859, 1
625851, 3
415067, 3
230630, 3
479024, 3
4404, 3
397170, 3
601127, 3
242182, 3
171443, 3
521650, 2
103070, 3
176378, 3
25469, 3
452448, 3
372704, 3
343727, 3
204667, 3
32991, 3
365358, 3
269131, 3
357353, 3
195615, 3
509159, 3
643873, 3
204960, 3
426869, 3
284110, 3
355666, 3
567752, 3
64108, 3
297895, 3
576149, 2
607023, 2
500106, 3
236393, 3
632950, 3
485574, 3
646758, 3
144862, 3
478868, 3
446657, 3
577136, 3
374362, 3
597596, 3
336417, 3
218849, 3
587801, 3
189111, 3
501415, 3
182449, 3
555588, 3
435211, 3
618394, 3
591095, 3
65731, 3
494752, 3
281398, 3
225210, 3
310412, 3
630640, 3
139802, 3
32496, 3
627905, 3
581005, 3
413972, 3
298347, 3
455614, 3
134337, 3
192695, 3
567252, 3
382108, 3
136508, 3
254215, 1
578207, 3
143179, 3
178320, 3
99845, 3
456504, 3
619866, 3
92718, 3
518592, 3
81956, 3
435549, 3
198613, 3
421978, 3
428407, 3
637424, 3
76159, 3
164433, 3
289556, 3
644865, 3
371751, 3
257434, 3
203654, 3
215308, 3
181042, 3
446633, 3
162419, 3
58858, 3
64216, 3
639866, 3
199828, 3
51839, 3
505855, 3
617889, 3
271475, 3
199195, 3
394611, 3
69567, 3
388057, 3
63961, 3
478099, 3
631252, 3
251020, 3
563485, 3
36907, 3
230786, 3
119546, 3
307032, 3
496455, 3
641007, 3
55861, 3
655672, 3
625529, 3
370377, 3
554753, 3
57048, 3
465156, 3
320303, 3
166855, 3
432255, 3
105268, 3
218714, 3
24954, 3
262197, 3
1550, 3
210466, 3
146103, 3
66276, 3
457924, 3
216183, 3
612207, 3
130592, 3
226839, 3
45280, 3
220398, 2
172933, 3
297351, 3
187170, 3
76916, 3
580180, 3
107436, 3
471681, 3
207846, 1
160346, 3
488744, 3
417030, 3
501522, 3
528822, 3
476568, 3
362054, 3
190092, 3
279535, 3
531306, 3
242686, 3
371138, 3
143495, 3
530741, 3
185702, 3
615874, 3
39561, 3
605698, 3
123429, 3
176315, 3
518641, 3
214896, 3
449339, 3
286512, 3
384829, 3
603542, 3
113884, 3
363261, 3
629854, 3
322950, 3
514526, 3
258647, 3
131140, 3
640810, 3
280617, 3
236627, 3
182732, 3
656118, 3
217344, 3
174247, 3
439191, 3
377990, 3
183099, 3
542172, 3
552151, 3
190873, 3
95473, 3
229232, 3
287653, 3
329331, 3
404423, 3
112546, 3
527248, 2
591243, 3
384475, 3
72064, 3
3775, 3
208259, 3
353695, 3
354198, 3
54934, 3
168495, 3
232497, 3
641896, 3
152345, 3
108733, 3
330314, 3
156378, 3
39028, 3
133522, 3
508846, 2
531952, 3
130665, 3
282517, 3
470301, 3
371664, 3
218363, 3
208217, 3
644906, 3
593379, 3
223837, 3
96038, 2
521304, 3
47727, 3
315439, 3
567281, 2
57606, 3
590448, 3
219329, 3
226466, 3
171952, 3
536117, 3
482368, 3
544169, 3
446245, 3
315815, 3
314842, 3
204117, 3
511828, 3
23145, 3
541286, 3
2121, 3
555576, 3
560563, 3
86257, 3
416964, 3
297944, 3
90562, 3
279202, 3
112903, 3
14053, 3
76186, 3
311007, 3
483679, 3
539798, 3
46352, 3
506466, 3
170233, 3
627614, 3
612735, 3
305673, 3
77718, 3
465576, 3
595883, 3
423599, 3
176447, 3
221388, 3
64007, 3
90040, 3
210482, 3
518623, 3
116301, 3
614798, 3
131442, 3
529857, 1
633973, 3
505944, 3
48605, 3
565657, 3
360160, 3
349574, 3
636755, 3
506127, 3
226794, 3
189484, 3
175626, 3
289237, 3
270698, 3
524920, 3
334719, 3
486509, 3
206566, 3
64969, 3
228935, 3
448171, 3
494351, 3
604756, 3
278929, 3
304653, 3
199652, 3
581449, 3
351027, 3
196027, 3
167058, 3
67262, 3
561030, 3
574686, 2
510851, 3
306448, 3
21832, 3
104549, 3
21209, 3
64968, 3
217457, 3
57391, 3
377068, 2
375237, 3
527338, 3
158498, 3
622889, 2
596506, 3
379447, 3
264489, 3
283254, 3
519910, 3
591567, 3
545152, 3
570097, 3
347981, 3
71985, 3
27795, 3
19911, 3
449736, 3
520902, 3
583715, 3
503719, 1
558787, 3
56774, 3
240873, 3
359711, 3
360922, 3
19535, 3
275870, 3
388136, 3
45623, 3
548899, 3
383892, 3
202932, 3
52430, 3
257028, 3
581093, 3
255606, 3
493978, 3
248071, 3
337038, 3
17555, 3
635898, 3
223227, 3
544775, 3
521137, 3
271571, 3
376083, 3
430022, 3
138090, 3
353459, 2
388095, 3
192278, 3
598113, 3
621302, 3
6962, 3
356276, 3
364207, 3
303640, 3
376817, 3
11946, 3
7575, 2
549128, 3
481109, 3
60608, 3
250064, 3
614027, 3
280683, 3
629307, 3
648954, 3
596862, 3
642897, 3
190513, 3
444767, 3
80023, 3
601196, 1
361014, 3
299031, 3
383092, 3
618082, 3
558291, 3
385360, 3
630580, 3
451387, 3
489693, 3
575522, 1
633029, 3
467846, 3
107129, 3
551755, 3
193965, 3
594993, 3
613866, 2
587723, 3
40240, 3
541483, 3
449255, 3
292143, 3
359801, 3
54309, 3
549227, 3
174961, 3
251708, 3
638541, 3
289807, 3
298820, 3
631200, 3
658673, 3
13515, 3
100903, 3
661304, 3
252731, 3
486771, 3
456669, 3
29055, 3
590263, 3
378994, 3
493702, 3
112176, 3
499561, 3
581913, 3
633596, 3
141173, 3
3391, 3
299749, 3
271999, 3
538649, 3
252012, 2
64614, 3
528066, 3
197340, 3
271309, 3
343539, 3
617759, 3
56869, 3
502859, 3
636012, 3
357791, 3
28733, 3
568306, 3
127888, 3
200089, 3
361688, 3
237426, 3
458616, 3
271046, 3
106222, 3
390169, 3
424801, 2
397897, 3
630257, 3
500682, 3
44351, 3
505228, 3
471154, 3
516654, 3
305837, 3
171355, 3
232696, 3
93927, 3
363432, 3
67092, 3
513710, 3
268716, 2
398327, 3
184501, 3
233577, 3
397584, 3
169959, 3
170970, 3
397364, 3
182564, 2
315803, 3
100988, 3
281838, 3
428730, 3
63100, 3
265343, 2
498020, 3
144825, 3
492200, 3
478534, 3
583381, 3
220601, 3
614348, 3
584072, 3
75797, 3
595618, 3
174612, 3
260733, 3
536161, 3
53376, 3
320496, 3
348832, 3
487001, 3
495964, 3
287907, 3
255344, 3
446116, 3
625762, 3
12460, 3
90828, 3
187260, 3
140008, 3
192138, 2
372647, 3
105046, 2
128859, 3
576550, 3
108255, 3
158698, 3
587392, 3
243108, 3
513650, 3
472878, 3
463035, 3
399905, 3
275650, 3
57549, 3
495184, 3
433011, 3
513533, 3
23885, 3
199301, 3
259311, 3
259408, 2
274303, 3
503010, 3
583608, 3
171516, 3
116226, 3
373953, 3
160673, 3
598219, 3
401368, 3
543400, 3
294982, 3
41447, 3
310740, 3
261672, 2
309626, 3
120559, 3
167757, 3
194225, 3
256408, 3
334, 3
478033, 3
618048, 3
635695, 3
543336, 3
119059, 3
544816, 3
262796, 3
500374, 3
57592, 3
315642, 3
34721, 3
457074, 3
282804, 3
152412, 3
446920, 3
481664, 3
593384, 3
584053, 3
660329, 2
458272, 3
87419, 3
199434, 3
187999, 3
12907, 3
646770, 3
521385, 3
401598, 3
360355, 3
606928, 3
75354, 3
325710, 3
567039, 3
537842, 3
78742, 3
502472, 3
375218, 3
158078, 3
550475, 3
196335, 3
265761, 3
242964, 3
527519, 3
567526, 3
476620, 3
357528, 3
86894, 3
486021, 3
466842, 2
457701, 3
99287, 3
534238, 3
618568, 3
406571, 3
585627, 2
140403, 2
263902, 3
465461, 3
457959, 3
281885, 3
551477, 3
95786, 3
189658, 3
156141, 3
614715, 3
344066, 3
490397, 3
150080, 3
31630, 3
200974, 3
47228, 3
604934, 3
968, 3
148635, 3
542221, 3
123548, 3
275505, 3
485330, 3
44403, 3
81370, 3
337966, 3
233248, 3
488745, 3
306097, 3
87213, 3
93212, 3
42490, 3
79228, 3
371068, 3
481255, 3
366235, 3
375369, 3
359739, 3
420467, 3
299481, 3
620051, 3
287378, 3
354819, 3
661572, 3
123071, 3
296156, 3
33379, 3
355513, 3
192733, 3
296656, 3
596307, 3
22134, 3
17016, 3
239134, 3
228124, 3
485889, 2
372236, 3
312926, 3
61147, 3
470588, 3
607717, 3
289953, 3
293317, 3
283099, 3
271764, 3
434525, 3
213938, 3
560853, 2
242609, 3
563154, 3
43253, 3
216857, 3
518711, 3
105973, 3
403581, 3
659310, 3
258579, 3
465552, 3
399234, 3
539583, 3
258827, 3
105941, 3
477232, 3
407448, 3
143525, 3
367740, 3
663772, 2
188933, 3
123568, 3
137423, 3
241419, 3
229894, 3
573962, 3
617906, 3
47518, 3
258815, 3
147238, 3
99447, 3
624436, 3
436225, 3
477395, 1
644839, 3
589100, 3
288823, 3
30763, 3
203698, 3
581263, 3
519386, 3
489329, 3
98989, 3
386325, 3
153324, 3
232290, 3
632785, 3
505084, 3
644926, 3
120668, 3
371590, 3
78688, 3
590054, 3
584031, 3
322289, 3
305880, 3
349287, 3
609044, 3
203233, 3
420351, 3
546436, 3
510745, 2
367456, 3
112190, 3
257289, 3
327578, 3
658581, 3
486718, 3
588794, 3
293242, 3
11688, 3
263528, 3
389737, 3
345990, 3
649164, 3
550311, 3
519257, 3
182290, 3
38883, 3
400560, 3
168137, 3
277942, 3
66142, 3
421794, 3
575385, 3
405718, 3
466299, 3
522235, 3
638278, 3
325780, 3
171967, 3
322896, 3
612560, 3
599878, 3
282516, 3
185881, 3
409543, 3
378093, 3
550146, 3
189928, 3
555841, 3
640864, 3
573632, 3
534953, 3
235955, 3
152357, 3
565397, 3
429740, 3
83556, 3
302175, 3
513352, 3
51603, 2
264050, 3
197669, 3
549949, 3
156191, 3
392131, 3
383855, 3
442783, 3
532554, 3
459005, 3
350019, 3
289996, 3
468540, 3
442761, 3
161930, 3
243357, 3
610313, 3
272282, 3
358743, 3
393158, 3
185443, 3
158793, 3
244757, 3
24233, 3
381932, 3
364596, 3
377861, 3
520830, 3
621843, 3
460042, 3
111031, 3
548383, 3
353643, 3
607739, 3
364963, 3
13257, 3
315359, 3
534536, 3
512891, 3
438659, 3
426056, 3
250970, 3
587607, 3
324979, 3
259020, 3
309998, 3
214768, 3
217857, 3
48785, 3
407425, 3
476004, 1
448558, 3
201471, 2
279303, 3
430845, 3
294456, 3
35941, 3
353036, 3
560006, 3
618831, 3
228141, 3
278976, 3
374420, 3
550983, 3
29034, 3
611601, 3
165151, 3
658555, 3
117228, 3
444441, 3
158195, 3
664862, 3
32698, 3
512882, 3
112891, 3
399786, 3
282239, 2
223263, 3
314999, 3
351140, 3
429836, 3
374585, 3
557956, 3
597980, 3
363001, 3
45696, 3
585663, 3
652887, 3
531282, 3
363755, 3
196944, 3
1172, 3
38015, 3
23912, 3
633615, 3
319728, 3
648970, 3
580989, 3
123969, 3
83671, 3
146289, 3
515727, 3
58441, 3
562309, 3
11318, 3
113351, 3
323920, 3
326074, 3
280237, 3
113997, 3
424562, 3
34234, 2
646882, 2
545727, 3
604747, 3
611450, 2
229696, 3
177200, 3
87163, 3
22945, 3
327697, 3
630634, 3
38699, 3
487472, 3
47163, 3
522768, 3
316414, 3
70456, 3
631809, 3
374050, 3
276901, 3
38217, 3
543399, 3
189275, 3
403734, 3
657793, 3
22941, 3
495427, 3
490592, 3
54070, 3
392593, 3
80562, 3
526578, 3
434378, 3
4018, 3
72503, 3
249215, 3
456054, 3
437949, 3
568057, 3
307426, 3
463239, 3
562150, 3
616992, 3
627671, 3
303004, 3
642928, 3
121391, 3
518147, 3
418242, 3
188188, 2
415594, 3
430264, 3
172431, 3
277994, 3
516720, 3
494697, 3
488093, 3
513618, 3
173862, 3
662304, 2
181892, 3
200778, 2
541348, 3
406504, 3
404917, 3
13455, 3
316593, 3
386613, 2
388761, 3
88902, 3
435833, 3
135641, 3
318114, 3
495098, 3
143814, 3
163398, 3
249794, 3
354259, 3
6192, 3
519590, 3
64585, 3
338173, 3
56799, 3
156077, 3
447845, 3
101325, 3
480252, 3
83707, 2
590905, 3
435416, 3
176721, 3
426024, 3
103219, 3
132701, 3
50309, 3
157487, 3
246013, 3
459569, 3
371251, 3
577714, 3
346190, 3
351946, 3
363077, 3
146911, 3
380748, 1
632550, 3
183691, 2
507118, 3
97597, 3
647090, 3
660931, 3
632554, 2
309707, 3
421185, 3
231244, 3
353374, 3
450656, 3
62239, 3
513254, 3
297397, 3
100435, 3
173196, 3
531919, 3
503111, 3
436736, 2
296765, 3
539505, 3
645603, 3
280628, 3
484448, 3
250402, 2
78811, 3
155641, 3
54687, 3
99901, 3
299745, 3
567613, 3
110185, 3
217779, 3
370812, 3
654460, 3
477218, 2
582555, 3
96996, 3
136737, 3
47543, 3
306440, 3
585059, 2
637151, 1
642254, 3
96260, 3
77040, 3
33134, 3
88109, 3
145728, 3
470800, 3
628600, 3
327898, 3
1395, 3
243725, 3
201962, 3
55898, 3
659931, 3
217425, 3
20936, 2
401162, 3
259395, 2
135751, 3
370728, 3
313084, 3
302595, 3
214946, 3
115442, 3
169835, 3
445754, 3
622210, 3
152675, 3
428987, 3
542554, 3
379613, 3
354274, 3
299869, 3
364590, 3
172737, 3
259239, 1
473328, 3
244392, 3
525567, 3
450399, 2
600555, 3
273431, 3
498172, 3
425623, 3
376309, 3
582103, 3
192486, 3
156758, 3
156224, 3
58216, 3
589650, 3
392781, 3
44874, 3
621024, 3
612512, 3
432703, 1
527072, 3
58707, 3
282887, 3
115300, 3
146862, 3
633597, 3
352055, 3
282305, 3
550816, 3
476013, 2
459088, 3
406429, 3
541146, 3
439666, 1
209489, 3
146544, 3
321598, 3
282563, 3
507306, 3
209256, 3
246176, 3
396955, 3
644274, 3
262338, 2
119835, 3
392993, 3
258351, 3
436691, 2
490128, 3
187038, 3
291702, 3
471388, 2
98468, 3
37354, 3
552932, 3
78786, 3
504044, 2
440079, 3
277304, 3
428864, 3
452065, 3
551945, 3
96363, 3
389986, 3
404127, 3
522483, 3
149455, 3
374729, 3
161369, 3
3789, 3
140551, 2
562511, 3
365565, 3
120278, 2
497375, 3
259555, 3
622069, 3
331529, 3
584037, 2
145279, 3
199278, 3
245547, 3
141478, 3
589464, 3
296506, 3
288694, 3
628072, 3
110842, 1
366018, 3
106230, 3
206811, 3
177060, 3
335993, 2
614946, 3
501947, 3
304950, 3
266064, 3
590839, 3
57394, 3
586824, 3
193871, 3
507025, 3
48538, 3
287214, 3
334210, 3
117316, 3
512203, 3
382399, 3
341531, 3
648188, 3
87914, 3
620964, 3
286767, 3
536687, 3
216756, 3
594083, 3
312983, 3
188793, 3
88432, 3
365420, 3
171711, 3
383650, 3
187384, 3
627203, 2
255586, 3
167837, 3
147610, 3
306325, 3
274680, 3
364068, 3
552125, 3
150276, 3
189636, 3
504062, 3
496216, 3
454866, 3
95577, 3
392535, 3
143025, 3
663747, 3
192482, 3
200492, 3
232279, 3
422389, 3
123952, 2
581219, 3
262898, 3
202274, 3
478056, 3
179017, 3
173340, 3
349258, 3
366120, 3
410069, 3
178057, 3
383146, 3
181689, 3
240583, 3
652680, 3
253552, 3
405173, 3
488931, 3
412763, 3
414412, 3
511647, 3
349878, 3
253232, 3
497810, 3
24128, 3
406048, 3
534727, 3
408152, 3
621265, 3
309688, 3
436537, 3
120551, 3
522537, 3
139573, 3
213713, 3
470660, 3
185089, 3
457912, 3
51545, 2
590276, 3
575759, 3
173959, 3
2772, 3
370745, 3
582115, 3
21824, 3
228507, 3
192776, 3
519562, 3
145399, 3
219785, 3
105781, 3
485274, 3
439482, 3
155315, 3
248568, 3
584192, 3
655999, 3
606517, 3
181566, 3
372500, 3
294332, 3
497073, 3
406675, 3
298247, 3
534993, 3
118472, 3
124646, 3
466124, 3
508702, 3
13340, 3
591623, 3
339450, 3
582462, 3
570465, 3
78453, 3
413989, 3
313898, 3
509271, 3
546620, 3
180190, 3
131802, 3
546994, 3
441026, 1
178452, 3
73536, 1
654762, 3
333021, 3
384917, 3
345543, 3
33116, 3
279514, 3
638943, 3
423618, 3
111912, 3
283191, 3
557781, 3
129263, 3
356395, 2
664528, 2
483833, 3
544171, 3
131609, 3
361266, 3
109633, 3
659765, 2
438427, 3
487324, 3
236969, 3
442652, 3
59749, 3
654722, 3
501280, 3
94179, 3
19821, 3
550630, 3
233386, 3
202162, 3
209480, 2
313812, 3
192256, 1
15281, 3
193927, 3
189505, 3
281058, 3
325877, 3
123954, 3
62858, 3
642316, 3
263518, 3
590548, 3
355036, 3
191047, 3
286506, 3
651266, 3
392442, 3
36858, 3
478223, 2
322375, 3
97310, 3
379315, 3
469934, 3
574274, 3
489750, 3
286748, 3
548029, 3
101885, 3
497917, 3
594754, 3
137754, 2
584624, 3
629220, 3
215362, 1
196107, 3
282264, 3
2698, 3
488063, 3
288250, 3
374629, 3
640620, 3
311138, 3
538703, 3
409458, 3
515590, 3
111678, 3
580301, 3
148610, 3
385668, 3
503452, 3
445699, 3
185260, 3
2311, 3
540972, 3
315173, 3
17346, 3
205805, 3
405462, 3
218011, 3
181499, 3
568897, 3
477598, 3
228193, 3
514981, 3
696, 3
439588, 3
210252, 3
420017, 3
193145, 3
155993, 3
88141, 3
587947, 3
491562, 3
424014, 3
602535, 3
79854, 3
606598, 3
419179, 3
291082, 3
525357, 3
56770, 3
16882, 3
274836, 3
632652, 3
528665, 1
446863, 2
630813, 1
370755, 3
560961, 3
637740, 3
236322, 3
179374, 2
652390, 3
42390, 3
282891, 3
269071, 3
475039, 3
66248, 3
576908, 3
405838, 3
85204, 3
44145, 3
316657, 3
550944, 3
243932, 3
168164, 3
187403, 3
331307, 3
48298, 3
636560, 3
449784, 3
449530, 2
483217, 3
609405, 2
524896, 1
531290, 3
445607, 3
259233, 3
173106, 3
86086, 3
622885, 1
74420, 3
128139, 3
663602, 3
363493, 3
541769, 3
569148, 3
528244, 3
45824, 3
212453, 3
519483, 3
342671, 3
193175, 3
434701, 3
589688, 3
291912, 3
439629, 3
600222, 3
233594, 3
259056, 3
195763, 3
494881, 3
318668, 3
548776, 3
9122, 3
574558, 2
609270, 3
101026, 3
127028, 3
540775, 3
130026, 2
37039, 3
3465, 3
156152, 3
34971, 3
505742, 3
85391, 3
272236, 3
406785, 3
571136, 3
520453, 3
561069, 3
141730, 3
283648, 3
233880, 3
206824, 3
158875, 3
85388, 3
356221, 3
68005, 3
506861, 3
656929, 2
129187, 3
486709, 3
611020, 3
595462, 3
74417, 3
38563, 3
258487, 2
57138, 3
539879, 3
351479, 3
69063, 3
146499, 3
89324, 3
412110, 3
303467, 3
294027, 3
254234, 3
414479, 3
293899, 3
598786, 3
661277, 3
424681, 3
114529, 3
225608, 3
599335, 3
73586, 3
425130, 3
32726, 2
586775, 3
126965, 3
105684, 3
402895, 3
192946, 3
588902, 3
78985, 3
166932, 3
611587, 3
24218, 3
158435, 3
99873, 3
337844, 3
601913, 3
268363, 3
214608, 3
605292, 3
164031, 3
246876, 3
469993, 3
429197, 3
520693, 3
562224, 3
392891, 3
481332, 3
200429, 2
232761, 3
23216, 3
538252, 3
292177, 3
117365, 3
60228, 3
16549, 3
384929, 3
381958, 3
268145, 3
220208, 3
104652, 3
427964, 3
24388, 3
117590, 3
279919, 2
441258, 3
607578, 3
176409, 3
636732, 3
5756, 3
321778, 3
635807, 3
504123, 3
192763, 3
663495, 3
650773, 3
165161, 3
552921, 3
240248, 3
53083, 3
592672, 3
61524, 3
387838, 3
328438, 3
648957, 3
248988, 3
356998, 3
557773, 3
185613, 3
436981, 3
537859, 3
511766, 3
326263, 3
483904, 3
114697, 3
601598, 3
372844, 3
346494, 3
314554, 3
619081, 3
614204, 3
580164, 3
416425, 3
645870, 2
400148, 3
348676, 3
140735, 3
474424, 3
309259, 3
479922, 3
407393, 3
134395, 3
218629, 3
328411, 3
438725, 3
289654, 3
251324, 3
125051, 3
217839, 3
599917, 3
605618, 3
199995, 3
43133, 3
55675, 3
266326, 3
618235, 3
117379, 3
614434, 3
610933, 3
505896, 3
160904, 3
272064, 3
280302, 3
366904, 3
337356, 3
247585, 3
267798, 3
422543, 3
12614, 3
663628, 3
170788, 3
572729, 3
20732, 3
386069, 3
430889, 3
2724, 3
276443, 3
525068, 3
529799, 3
181638, 3
246268, 3
29208, 3
475155, 2
161868, 3
215787, 3
347975, 3
171797, 3
475335, 3
177478, 3
148879, 3
398058, 3
455640, 3
326714, 3
6388, 3
189337, 3
364122, 3
211453, 3
183316, 3
614680, 3
301397, 3
259429, 3
262009, 3
121275, 3
231531, 3
250152, 3
645085, 2
139620, 3
528387, 3
386970, 3
271713, 3
149330, 2
18526, 3
433747, 3
119154, 3
412485, 3
422036, 3
116586, 3
541338, 3
261202, 3
575723, 3
384561, 3
334129, 3
196273, 3
127368, 3
436948, 3
134355, 3
108789, 3
576017, 3
245099, 3
632616, 3
509487, 3
323618, 3
252382, 3
573538, 2
649700, 3
427211, 3
296164, 3
102396, 3
125479, 3
611855, 3
191146, 3
254396, 3
179565, 3
141903, 3
136877, 3
404414, 3
366091, 3
625628, 3
24822, 3
591259, 3
87181, 3
223569, 3
167428, 3
489252, 3
661900, 3
367439, 2
213654, 3
415372, 3
603380, 3
59695, 3
319687, 3
90599, 2
360822, 3
255728, 3
438020, 3
644744, 3
251032, 2
306378, 3
328583, 3
443611, 3
642582, 3
459491, 3
346802, 3
419582, 3
567932, 3
98082, 3
127044, 3
457097, 3
148781, 3
612072, 3
81638, 3
77882, 3
458967, 3
641268, 3
179479, 2
604512, 3
649080, 3
346640, 3
399572, 3
477779, 3
220827, 3
638056, 3
633599, 3
393965, 2
286416, 3
169126, 3
99257, 3
375534, 3
105890, 3
88552, 3
20375, 3
487509, 3
178559, 3
636750, 3
40324, 3
539679, 3
194365, 3
78317, 3
315218, 3
612028, 3
411431, 3
661175, 3
78475, 3
28503, 3
261897, 3
387888, 3
457004, 3
85716, 3
347048, 3
167915, 3
403631, 3
490147, 3
160531, 3
356728, 3
389066, 3
357174, 3
403776, 3
211749, 3
148673, 2
316928, 3
110976, 3
496457, 3
381819, 3
57380, 3
458630, 3
628907, 3
556021, 3
395122, 3
249467, 3
31758, 3
443586, 3
67299, 3
498504, 3
165710, 2
556409, 3
191666, 2
641009, 3
327331, 3
654169, 3
347094, 3
519199, 3
538410, 3
194078, 3
212534, 1
198608, 2
654670, 3
161344, 3
643377, 3
244345, 3
145472, 3
331685, 3
157865, 3
643478, 3
402411, 3
236859, 3
452092, 2
311054, 3
429499, 3
170848, 3
289641, 3
478815, 3
609894, 3
608356, 3
536120, 3
219034, 3
320471, 3
552975, 3
396630, 3
591504, 3
75023, 3
228166, 3
17468, 3
303719, 3
231726, 3
576372, 3
592757, 3
417304, 3
216424, 3
307279, 3
162206, 3
615014, 3
50086, 2
112946, 3
118145, 3
119497, 3
296709, 3
467841, 3
563512, 3
339951, 2
645727, 3
363176, 3
49181, 3
405039, 3
404508, 3
609168, 3
28119, 3
312301, 3
600953, 3
250050, 3
374588, 3
142222, 3
598393, 3
190803, 3
250088, 3
423795, 3
285692, 3
441315, 1
40505, 3
190601, 3
149558, 3
566362, 3
82128, 3
401194, 3
417363, 3
70993, 3
632643, 3
399744, 3
53398, 3
99210, 3
648154, 3
79945, 3
133483, 3
84172, 3
458963, 3
665148, 3
287518, 3
267949, 3
138808, 3
568549, 3
217652, 2
340004, 3
351550, 3
494852, 3
297701, 3
421080, 3
181357, 1
51753, 3
585937, 3
230193, 3
310331, 3
102189, 3
358254, 3
486826, 3
593056, 3
258694, 3
437545, 3
176248, 3
100518, 3
245579, 3
156946, 3
4940, 3
411851, 3
346957, 3
392392, 3
77866, 3
324294, 3
436172, 3
234399, 3
182066, 2
506317, 3
443999, 3
652001, 2
130289, 3
531641, 3
439278, 3
281180, 3
649866, 3
466119, 3
402974, 3
134923, 3
10313, 3
473829, 3
227313, 3
180094, 3
90011, 3
259782, 3
226342, 3
58353, 3
542673, 3
316337, 3
421531, 3
219415, 3
550669, 3
361446, 3
380462, 3
63090, 3
596199, 3
588746, 3
264762, 3
528334, 3
340831, 3
461143, 3
387289, 3
345596, 3
111025, 3
15085, 3
632330, 3
300504, 3
297817, 3
551072, 3
331667, 3
343592, 3
641339, 3
552629, 3
616205, 3
519554, 3
595943, 3
504322, 3
595688, 3
112219, 3
375481, 3
224566, 3
89004, 3
543388, 3
155103, 3
68636, 3
506088, 3
345533, 3
115603, 3
482, 3
645200, 3
227378, 3
209832, 3
182654, 3
114426, 3
521436, 3
93358, 3
642891, 3
130717, 2
543532, 3
220460, 3
314120, 3
117633, 3
341509, 3
245734, 3
531028, 3
131358, 3
161255, 3
116648, 3
382657, 3
474807, 3
502299, 3
319368, 3
417349, 3
320368, 3
64109, 3
561884, 3
523508, 3
549629, 3
484292, 3
154648, 3
495185, 3
350222, 3
497533, 3
509144, 3
198512, 3
86380, 3
293184, 3
225758, 3
229507, 1
200289, 3
208579, 3
56270, 3
64845, 3
321468, 2
463067, 2
414503, 3
558923, 3
40836, 3
334756, 3
465627, 3
301630, 3
409829, 3
649462, 3
336889, 3
479191, 3
132523, 3
420228, 3
306030, 3
253076, 3
658548, 3
373395, 3
19258, 3
587939, 3
182675, 3
512708, 3
333, 3
152491, 3
99938, 3
317576, 3
409100, 3
121667, 3
415012, 3
281338, 3
540234, 3
148065, 3
436824, 3
438126, 3
8761, 3
522596, 3
214034, 3
389393, 3
122533, 3
301352, 2
502756, 3
288133, 3
663305, 3
424795, 3
70055, 3
98107, 3
193290, 3
402391, 3
487078, 3
241715, 3
167810, 3
253842, 3
608837, 3
342647, 3
177285, 3
215840, 3
314884, 3
358556, 3
516578, 3
578491, 3
556983, 3
363156, 3
217395, 3
168850, 3
360530, 3
140175, 3
465221, 3
36608, 3
290481, 3
605996, 3
431985, 3
59586, 3
50535, 3
38974, 3
44556, 3
247927, 3
113306, 3
398403, 3
13579, 3
179430, 3
91464, 3
430614, 3
230742, 3
620340, 2
570266, 3
257062, 3
31663, 3
375147, 3
111403, 3
62698, 3
472581, 3
543333, 3
142124, 3
375310, 3
230153, 3
125594, 3
428830, 3
502518, 3
510060, 3
129551, 2
218156, 3
266716, 3
154229, 3
651561, 3
454298, 3
108564, 3
3161, 3
616853, 3
461522, 3
317203, 3
437405, 3
459857, 3
273606, 3
381156, 3
54328, 3
60922, 3
565054, 3
577222, 3
562063, 3
70054, 3
245602, 3
597139, 3
555790, 3
101540, 3
71390, 3
590497, 3
575612, 3
200577, 3
545732, 3
434244, 3
408348, 3
528523, 3
299771, 3
532303, 3
455927, 3
420796, 3
157779, 3
379720, 3
280089, 3
429694, 3
653400, 3
419268, 3
261645, 3
23604, 3
497096, 3
29802, 3
205430, 3
636881, 3
26274, 3
207752, 1
29556, 3
371381, 3
308890, 3
18639, 3
639358, 3
457789, 3
279643, 3
645253, 3
326061, 3
616347, 3
68362, 3
558839, 3
317979, 3
623668, 3
406859, 3
533543, 3
593290, 3
329068, 3
12356, 3
30258, 3
595382, 3
215848, 3
521603, 2
513867, 3
513281, 3
37677, 3
547399, 3
171452, 3
321720, 3
296868, 2
84451, 3
310947, 3
630356, 3
648770, 3
160599, 3
455251, 3
474330, 3
643103, 3
384654, 3
165675, 3
275312, 3
69684, 3
154063, 3
637580, 3
528518, 3
474030, 3
3178, 3
159660, 3
288088, 3
543778, 3
141217, 3
644105, 3
151682, 3
57383, 3
292792, 3
546928, 3
432441, 3
244538, 3
470582, 3
601201, 3
220830, 3
453856, 2
135803, 3
535619, 3
579396, 3
77485, 3
3382, 3
54214, 3
553029, 3
202644, 3
366751, 2
433019, 3
470361, 3
204754, 3
401156, 3
504822, 3
97391, 3
298791, 3
124056, 3
419517, 3
277223, 3
399848, 3
93009, 3
587003, 3
358047, 3
184044, 1
227138, 3
235158, 3
473644, 3
65036, 3
50391, 3
165524, 3
218296, 3
95229, 3
275621, 3
632293, 3
433745, 3
237684, 3
323650, 3
306465, 3
513383, 3
83338, 3
1361, 3
508741, 3
202859, 3
20913, 3
556894, 3
483350, 3
470395, 3
158113, 3
41727, 3
548384, 3
536509, 3
623469, 3
87305, 3
380128, 3
201339, 3
221308, 3
407212, 3
170118, 3
463421, 3
656378, 3
257130, 3
390704, 3
172924, 3
112467, 3
593093, 3
602188, 3
649202, 3
471318, 3
176105, 3
265017, 3
137622, 3
486362, 3
103045, 3
215459, 3
536568, 3
167398, 3
66935, 3
177873, 1
470331, 3
231053, 3
449939, 3
122732, 3
51283, 3
370936, 3
572642, 3
350859, 3
26934, 3
582795, 3
575821, 2
512223, 3
599086, 3
616879, 3
434444, 3
495373, 3
389179, 3
304686, 3
407815, 3
21098, 3
640482, 3
476422, 3
503645, 3
67770, 3
567471, 3
269429, 3
30732, 3
577443, 3
173062, 3
51780, 3
380285, 3
9024, 3
177981, 3
328362, 3
311042, 3
122755, 3
228222, 3
260313, 3
564656, 3
578772, 3
89911, 3
360721, 3
575199, 3
482724, 3
507634, 3
644610, 2
345021, 3
409449, 3
376898, 3
661366, 3
544526, 3
620668, 3
51475, 3
233307, 3
214626, 3
109607, 3
138762, 3
307216, 3
44698, 3
479019, 3
33988, 3
578845, 3
505379, 3
127657, 3
483333, 3
389960, 3
410111, 3
409599, 3
571202, 3
128024, 3
558340, 3
295181, 3
4767, 3
233125, 3
546102, 3
438465, 3
593416, 3
324532, 3
8633, 3
644071, 3
616910, 3
387428, 3
171483, 3
177628, 3
292339, 3
382275, 3
442500, 3
535717, 3
488323, 3
381185, 3
228844, 3
151059, 3
165904, 3
287141, 3
229745, 3
184217, 3
156304, 3
470465, 2
623436, 3
393624, 2
297574, 2
583531, 3
352189, 3
342963, 3
569312, 3
629808, 3
463660, 3
615488, 3
512443, 3
526161, 3
162599, 3
13553, 3
44660, 3
154295, 3
130447, 3
290605, 3
210311, 3
108400, 3
174670, 3
399443, 3
527563, 3
447711, 3
479491, 3
497336, 2
45513, 3
182680, 3
131444, 3
393815, 3
539458, 3
189451, 3
490432, 3
368149, 3
29636, 3
332471, 3
214527, 3
643000, 3
257399, 2
375047, 3
180808, 3
165334, 3
530399, 3
132741, 3
317025, 3
35802, 3
208117, 3
551182, 3
468825, 3
39885, 3
333125, 3
239890, 3
639603, 3
133303, 3
443388, 3
498146, 3
631974, 3
352940, 3
252718, 2
206790, 3
15450, 3
620242, 3
259505, 1
156469, 3
9774, 3
309535, 3
137834, 3
421620, 3
514826, 3
591116, 3
400726, 3
516819, 3
142692, 3
223203, 3
15506, 3
193054, 3
573143, 3
244231, 3
377769, 3
304207, 3
439516, 3
460954, 3
341409, 3
455912, 3
305398, 3
432144, 3
224208, 1
359520, 3
534390, 3
569207, 3
60079, 3
422719, 3
297815, 3
342064, 3
345527, 3
489344, 3
185667, 3
335634, 3
112345, 3
380414, 3
39948, 3
150709, 2
81218, 3
130607, 3
415040, 3
41513, 3
399107, 3
466002, 3
453863, 3
493775, 3
128736, 3
289657, 3
418435, 3
122896, 3
322936, 3
663781, 3
335072, 3
71314, 3
629228, 3
265342, 3
248190, 3
558998, 3
445122, 3
567963, 3
308005, 3
503662, 3
4701, 3
617333, 3
203018, 3
566479, 3
519298, 3
237003, 1
493226, 3
373877, 3
504201, 3
482008, 3
362845, 3
145620, 3
439998, 3
398667, 3
421664, 3
327746, 3
251983, 3
7983, 3
489852, 3
566738, 3
454186, 3
294902, 3
467482, 3
497935, 3
256543, 3
101362, 3
136357, 3
152401, 3
533065, 3
9434, 3
630166, 3
37822, 3
239007, 3
284831, 3
151417, 3
466440, 3
13567, 3
97568, 3
595471, 3
64976, 3
660125, 3
508075, 3
402135, 3
257469, 3
63352, 3
242837, 3
113090, 3
184420, 3
453811, 3
113437, 3
246329, 3
321565, 2
349660, 3
232358, 3
135422, 3
537994, 3
22862, 3
580113, 3
442840, 3
160231, 3
267681, 3
427234, 2
580503, 3
33774, 3
574307, 3
146057, 3
186821, 3
558018, 3
15747, 3
249373, 3
590473, 3
74938, 1
228640, 3
624116, 3
521671, 3
120218, 3
35126, 3
633905, 3
255388, 3
202541, 3
562113, 2
437571, 3
232304, 3
401636, 3
301179, 3
87435, 3
151934, 3
103203, 3
594748, 3
582658, 3
56942, 3
428855, 3
371830, 3
263976, 3
540501, 3
108287, 3
505262, 3
418285, 3
428675, 1
291401, 3
331889, 3
216747, 3
187532, 3
518499, 2
630377, 3
424563, 3
474898, 3
520582, 3
459564, 3
423535, 3
428985, 3
368267, 3
498897, 3
378344, 3
566384, 3
502418, 3
355802, 3
139562, 3
400209, 3
453636, 3
211529, 3
409240, 3
345249, 3
211521, 3
251940, 3
279732, 3
303945, 3
62258, 3
586483, 3
396089, 3
74431, 3
111431, 3
53134, 3
328816, 3
86622, 3
505900, 3
242047, 3
59224, 3
394741, 2
323287, 3
155858, 3
358144, 3
29104, 3
257630, 3
639781, 3
503395, 3
515807, 3
649510, 3
228808, 1
267486, 3
403223, 3
52258, 3
313286, 3
335189, 3
410280, 2
186980, 3
425184, 3
654075, 3
118941, 3
633212, 3
598339, 3
191849, 3
283425, 3
175094, 3
237107, 3
486620, 3
149139, 3
130029, 3
428336, 3
581199, 3
238487, 3
535237, 3
203461, 3
590145, 3
326971, 3
121898, 3
648592, 3
462666, 3
367089, 3
187338, 3
588807, 3
122166, 3
414563, 3
589976, 3
423642, 3
174714, 3
496863, 3
590052, 3
78626, 3
627049, 3
438807, 3
380582, 3
303452, 3
284169, 3
170279, 3
371398, 3
562799, 3
78835, 3
661001, 3
125639, 3
678, 3
449294, 3
3726, 3
28203, 3
376145, 3
77029, 3
103434, 3
281268, 3
109624, 3
488421, 3
185459, 3
157101, 3
72360, 3
15579, 3
331380, 3
302524, 3
312468, 3
80728, 2
6628, 3
415524, 3
298614, 3
633625, 3
488381, 1
417257, 3
330981, 3
305290, 3
53261, 3
637426, 3
647730, 3
641932, 3
299034, 2
551865, 3
473432, 3
325898, 3
165296, 3
420176, 3
615226, 3
85922, 3
258101, 3
541282, 3
111639, 3
641516, 3
114252, 3
424447, 3
302397, 3
457309, 3
488747, 1
152060, 3
53097, 3
103215, 3
143371, 3
538399, 3
178517, 3
36743, 3
190338, 3
354873, 3
112846, 3
142919, 3
57959, 3
266893, 3
617767, 3
82851, 3
466460, 3
259812, 2
628639, 3
147674, 3
290502, 3
91434, 3
316019, 3
214478, 3
326582, 3
178299, 3
610000, 3
488400, 3
348801, 3
369505, 3
254244, 3
406041, 3
61002, 3
250651, 3
589008, 3
245482, 3
369103, 3
427343, 3
169575, 3
100516, 3
362427, 3
567248, 3
573275, 3
239922, 3
214086, 3
510465, 3
558201, 3
6840, 3
138181, 3
276449, 3
299963, 2
234094, 3
90530, 3
332368, 3
49702, 1
595490, 3
544123, 3
41357, 3
600742, 2
268121, 3
137979, 3
125085, 3
471796, 3
250182, 3
175132, 3
182965, 3
654147, 3
9718, 3
386188, 3
177574, 3
557037, 3
533254, 3
556692, 3
442831, 3
576835, 3
403358, 3
485032, 3
588458, 3
19777, 3
293417, 3
472310, 3
388334, 3
132952, 3
433694, 3
433002, 3
354770, 3
650781, 3
496589, 3
357371, 3
354634, 2
594620, 3
343972, 1
52235, 3
388456, 2
60641, 2
335124, 3
250029, 3
64270, 3
409266, 3
520342, 3
661053, 3
363712, 3
623953, 3
631444, 3
426692, 3
144873, 3
41350, 3
309736, 3
63574, 3
251726, 3
469883, 3
189832, 3
486618, 3
38437, 3
173515, 3
423770, 3
85612, 3
646981, 3
186710, 3
205415, 3
34521, 3
401509, 3
340215, 3
382974, 3
148116, 3
69939, 3
575580, 3
449877, 2
356173, 3
248182, 1
267063, 3
640002, 3
539113, 3
431133, 1
635709, 3
351758, 3
242801, 3
513673, 3
473923, 3
396884, 1
494009, 3
596291, 3
181290, 3
1812, 3
518615, 3
429798, 1
654266, 3
419009, 3
420297, 3
13714, 3
15224, 3
118223, 3
154690, 3
380612, 3
417130, 3
511152, 3
451390, 3
158999, 3
203587, 3
562374, 3
122296, 3
101936, 3
314367, 3
19092, 3
524281, 2
540135, 3
140319, 3
662843, 3
183725, 3
325458, 3
364608, 3
179548, 2
377047, 3
380091, 3
83073, 3
382013, 3
596081, 3
49220, 3
230017, 3
348883, 3
93396, 3
517503, 3
374102, 3
578817, 1
145747, 2
455464, 3
461036, 3
70478, 3
6032, 3
577381, 3
47695, 3
135291, 3
577142, 3
189746, 3
661886, 3
4504, 3
418604, 3
338641, 3
510435, 3
277057, 3
125804, 3
332720, 3
542493, 3
315039, 2
261618, 3
577972, 2
510058, 3
359212, 3
569146, 3
577047, 3
402976, 3
605315, 3
629357, 3
377262, 3
538681, 3
397069, 3
165066, 3
353620, 3
192295, 3
619754, 3
144924, 3
242151, 3
47522, 3
579998, 3
170274, 3
621363, 3
134232, 3
58664, 3
165705, 3
539407, 3
567851, 1
335775, 3
11243, 3
605269, 3
198586, 3
370854, 2
385888, 3
362184, 3
444739, 3
637191, 2
517091, 3
33863, 3
562819, 3
181108, 3
37813, 3
376685, 3
651903, 3
564021, 3
380411, 3
103651, 3
524499, 3
339483, 3
125176, 3
366337, 3
389408, 3
279, 3
384884, 2
555241, 3
431969, 3
609517, 3
503137, 3
14937, 3
266878, 3
520005, 3
109234, 3
121736, 3
657, 3
161348, 3
204651, 3
314572, 3
174255, 3
8372, 3
653157, 3
275533, 3
73126, 3
639275, 3
5259, 3
533417, 3
11627, 3
197883, 2
67366, 3
345471, 3
652417, 3
550657, 3
619101, 3
496780, 3
268750, 3
547194, 3
643259, 2
268474, 3
351934, 3
156768, 3
584999, 3
28533, 3
78421, 3
508467, 3
297358, 3
147939, 3
153099, 3
260020, 3
122333, 3
441977, 3
664177, 3
62542, 3
46311, 3
626949, 3
339928, 3
217426, 3
97646, 3
246906, 3
536344, 3
325195, 3
140270, 3
223885, 3
386258, 3
263028, 3
97218, 3
55858, 3
228016, 3
167310, 3
57206, 3
423162, 3
48671, 3
446994, 2
645055, 3
568573, 3
216934, 1
138815, 3
121164, 3
268595, 3
617669, 3
50815, 3
509432, 3
403372, 3
5662, 3
26428, 3
461836, 2
438500, 3
215141, 3
58178, 3
233240, 3
171008, 3
427874, 3
515233, 3
474444, 3
482071, 3
564478, 3
316545, 3
331064, 3
421557, 3
203512, 3
160515, 3
358326, 3
445145, 3
434154, 3
313606, 2
519201, 3
591018, 3
549711, 3
636933, 3
258245, 3
519125, 3
44189, 3
326110, 3
131938, 3
17360, 3
499891, 3
335274, 3
323353, 3
516222, 3
214002, 3
58756, 2
509005, 3
323781, 2
143928, 3
88700, 3
47736, 3
402075, 3
153531, 3
606340, 3
149788, 3
399970, 3
239313, 3
524240, 3
185145, 3
39009, 3
151537, 3
383435, 3
308452, 3
272443, 3
73129, 3
362946, 3
457473, 3
325161, 1
374940, 3
439692, 1
131441, 3
592271, 3
516914, 3
31418, 3
36478, 3
577608, 3
382972, 3
471370, 3
152575, 3
349756, 3
209071, 2
468408, 3
176613, 3
421873, 3
69253, 3
271787, 3
366646, 3
395645, 3
72133, 3
268153, 3
598950, 3
136484, 3
585131, 3
640483, 3
146059, 3
66783, 3
464705, 2
152058, 3
140440, 3
333027, 3
286574, 3
303080, 3
343499, 3
346153, 3
269894, 3
623785, 3
648431, 3
164643, 3
444220, 3
110672, 3
180043, 3
298686, 3
443969, 3
390286, 3
147819, 2
403456, 3
13843, 3
516840, 3
518144, 3
229676, 3
330267, 3
552414, 3
525649, 3
282589, 3
392924, 3
354721, 3
385872, 3
224743, 3
241642, 3
587747, 1
325114, 3
484466, 3
175090, 3
48225, 3
287019, 3
431269, 3
22272, 3
399179, 3
514375, 3
331809, 3
49183, 3
185818, 3
203706, 3
267647, 3
122133, 3
480953, 3
638843, 3
416655, 3
633725, 3
260057, 3
447360, 3
409843, 3
598274, 3
376757, 1
533152, 3
270656, 3
661221, 3
300803, 3
592934, 3
284633, 3
56530, 3
508476, 3
446164, 3
435411, 3
540220, 3
340960, 3
22550, 3
422872, 3
561510, 3
379169, 3
218860, 3
25415, 3
63192, 3
258690, 3
400226, 3
13740, 3
257530, 3
611610, 3
196007, 3
126543, 3
223284, 3
630058, 2
203499, 3
30892, 3
332746, 3
176973, 3
8989, 3
352122, 3
436306, 3
625405, 3
158979, 3
431137, 3
387020, 3
77126, 3
411240, 3
564730, 3
590361, 3
426258, 3
466018, 3
32645, 3
632270, 3
113490, 3
8838, 3
172479, 3
659734, 3
540462, 3
399057, 3
582590, 3
614844, 3
580844, 2
575556, 3
514014, 3
509932, 3
538317, 3
610966, 3
566181, 3
568315, 3
326105, 3
126707, 3
432297, 1
642337, 3
299544, 3
123856, 3
447086, 3
364044, 3
384319, 3
603511, 3
18874, 3
50024, 3
558976, 3
464875, 3
661580, 3
600474, 3
550253, 3
595839, 3
472638, 3
405625, 3
107324, 3
579127, 3
408786, 3
212513, 3
422304, 3
1118, 3
61510, 3
141390, 3
255597, 3
98249, 3
499916, 3
97853, 3
125666, 3
176028, 3
591434, 3
569219, 3
13241, 3
547946, 3
392962, 3
37416, 3
472407, 3
17654, 3
189942, 3
37808, 3
658317, 3
98439, 3
286844, 3
191797, 3
468639, 3
209861, 3
404227, 3
542709, 3
279579, 3
403891, 3
536774, 3
569346, 3
201592, 3
236950, 3
496451, 3
407401, 3
182945, 3
636521, 3
235800, 3
305619, 3
402011, 3
621902, 3
451624, 3
566823, 3
401767, 3
136375, 3
650239, 3
587435, 3
277487, 3
526840, 3
650442, 3
380327, 3
144467, 2
649647, 3
612752, 3
556003, 3
133290, 3
663367, 3
643867, 3
640343, 3
478976, 3
484001, 3
391519, 3
228532, 3
517174, 3
326776, 3
361151, 2
274178, 3
104411, 3
319750, 3
308640, 3
490170, 3
480824, 3
593085, 3
501663, 3
92398, 3
219157, 3
198828, 3
249088, 3
64090, 3
617342, 3
351795, 3
287365, 3
145516, 3
639725, 3
257143, 3
260207, 3
541615, 3
263616, 3
490439, 3
647175, 3
194246, 3
974, 3
387132, 3
604175, 3
583918, 3
569808, 3
398041, 3
165828, 3
76650, 3
538771, 3
222127, 3
321851, 3
99590, 3
580922, 3
498662, 3
300772, 3
274315, 3
203062, 3
645462, 3
654951, 2
582106, 3
486327, 3
86949, 3
257219, 3
258801, 3
614478, 3
56833, 3
474538, 3
502382, 3
534575, 3
509877, 3
349134, 3
204505, 3
272803, 3
444601, 3
57188, 3
334491, 3
646567, 3
439744, 3
419363, 3
230255, 3
527579, 3
619255, 3
613514, 3
635918, 3
344588, 3
425464, 3
180024, 3
245634, 3
29267, 3
206437, 3
441134, 1
517030, 3
185931, 3
325121, 3
318550, 3
105106, 3
130186, 3
496617, 3
370037, 3
69795, 3
642445, 3
25782, 3
345128, 3
475000, 3
522410, 3
203707, 3
419775, 3
44557, 3
278157, 3
389649, 3
255387, 3
161388, 3
228834, 3
190205, 3
382155, 3
110727, 3
289856, 3
394322, 3
568059, 3
101719, 3
88899, 3
95675, 3
547235, 3
655246, 3
647816, 3
267532, 3
49416, 2
321880, 2
619802, 3
466673, 3
452748, 3
418160, 3
291691, 3
615734, 3
377703, 3
451062, 3
513835, 3
234167, 3
269278, 3
581235, 3
489447, 3
582442, 3
140420, 3
377430, 3
188111, 3
111893, 3
538526, 3
641171, 3
432755, 3
501644, 3
165666, 3
620929, 3
91942, 3
214217, 3
285401, 3
453257, 3
610149, 3
270715, 3
566139, 3
345487, 2
483257, 3
68640, 3
225514, 3
579446, 3
371281, 3
304749, 3
554400, 3
353358, 3
281279, 3
484195, 3
247276, 3
566512, 3
183272, 3
463835, 3
112998, 3
258389, 3
190810, 3
568129, 3
605026, 3
142033, 3
250418, 3
323989, 3
651239, 3
217373, 3
413441, 3
204888, 3
123703, 3
484593, 3
118990, 3
489091, 3
378392, 3
163200, 3
442921, 3
146781, 3
223791, 3
333367, 3
603860, 3
67812, 3
419400, 3
268059, 3
586079, 2
504998, 3
565161, 3
544568, 3
365544, 3
615868, 3
230795, 3
452997, 3
502499, 3
241137, 3
659406, 3
515270, 3
462133, 3
482891, 3
439537, 3
448259, 3
42911, 3
636762, 3
429455, 3
194988, 3
373681, 3
568617, 3
419696, 3
340692, 3
509881, 3
501315, 3
129496, 3
85791, 3
605565, 3
419848, 3
94797, 3
405920, 3
431816, 3
391548, 3
85578, 3
429741, 2
488319, 3
179665, 3
103479, 3
264857, 3
231882, 3
432332, 3
294451, 3
233630, 3
600568, 3
517197, 3
418373, 3
607500, 2
358726, 3
2316, 3
382712, 3
556293, 3
204412, 3
633657, 3
10256, 3
306564, 3
262453, 2
216902, 1
463693, 3
458280, 3
203589, 3
112499, 3
234971, 3
121396, 3
658946, 3
471373, 3
153830, 3
446927, 3
581676, 3
116641, 3
115551, 3
217932, 3
376778, 3
50494, 3
49548, 1
473446, 3
403351, 3
197040, 3
525559, 3
28371, 3
512721, 3
419243, 3
561387, 3
493193, 3
447205, 3
55944, 3
516064, 3
482490, 3
182852, 1
622269, 2
392456, 2
464603, 3
432403, 3
599984, 3
653597, 3
59602, 2
222972, 3
221922, 3
251229, 3
349226, 3
313450, 3
119590, 3
314499, 3
6193, 3
501890, 3
3463, 3
611221, 3
322704, 3
456635, 3
491889, 3
104737, 3
27804, 3
282901, 3
486456, 3
422869, 3
83283, 3
199744, 3
122738, 3
174538, 3
107121, 3
306317, 3
58793, 3
159649, 3
357915, 3
590769, 3
25380, 3
220811, 3
329765, 3
359841, 3
268344, 3
9947, 3
583327, 3
34536, 3
175358, 3
522512, 3
544930, 3
110270, 3
163487, 3
245276, 3
650515, 3
105741, 3
385349, 3
446056, 3
579321, 3
402933, 3
539296, 3
391765, 3
110304, 3
404934, 3
487514, 3
198892, 3
542078, 3
130065, 3
541624, 3
101129, 3
483716, 3
511523, 3
355094, 3
117072, 3
128012, 3
58675, 3
240666, 3
357425, 3
94689, 3
312336, 3
400556, 3
19653, 3
450131, 3
243021, 3
540134, 3
91015, 3
656227, 3
71652, 3
79422, 3
341100, 3
483563, 3
554816, 3
595282, 3
328971, 3
77482, 3
580084, 3
418960, 3
548009, 3
49287, 3
90183, 3
65650, 3
154629, 3
11970, 3
284144, 3
410903, 3
531130, 3
81066, 3
330420, 3
47133, 3
39174, 3
213804, 3
122658, 2
506364, 3
445014, 3
634300, 3
216834, 3
322310, 3
324779, 3
34431, 3
439526, 3
112673, 3
216308, 3
548008, 3
75930, 3
601349, 3
219899, 3
475717, 3
48795, 3
465727, 3
65874, 3
507715, 3
94027, 3
325410, 3
372421, 3
642887, 3
374266, 3
474269, 3
555234, 3
340986, 3
602145, 3
181128, 3
350398, 3
630469, 3
412862, 3
53481, 3
392217, 3
351646, 2
386337, 3
331098, 3
475379, 3
409384, 3
584006, 3
209615, 3
489573, 3
138006, 3
294483, 3
113281, 3
491902, 2
437088, 3
89187, 3
523112, 3
656278, 2
447456, 3
112115, 3
377705, 3
79028, 3
58860, 3
655771, 3
302436, 3
131604, 3
513570, 3
266084, 3
260790, 2
428838, 3
418082, 3
345149, 3
81448, 1
398902, 3
512263, 3
276188, 3
237088, 3
636967, 3
113595, 3
272287, 3
302530, 3
576137, 2
143258, 3
572966, 3
258532, 3
55698, 3
134050, 3
230264, 3
90377, 3
25855, 3
289870, 3
459493, 3
618538, 3
587053, 3
639627, 3
134719, 3
525597, 3
169246, 3
515330, 3
339511, 1
391488, 3
185028, 3
629655, 3
349082, 3
109763, 3
588204, 3
498207, 3
20134, 3
522131, 3
414272, 3
292391, 3
517223, 3
276859, 3
447714, 3
490997, 3
233860, 3
441847, 3
304211, 3
660064, 2
590123, 3
299004, 3
37642, 3
103629, 3
335764, 3
341580, 3
300271, 3
561668, 3
425692, 3
286784, 2
83816, 2
120753, 3
195551, 3
574183, 3
463204, 3
266865, 3
477918, 3
250673, 3
577447, 3
526481, 3
312816, 3
98561, 3
534905, 3
340773, 3
501913, 3
142718, 3
293176, 3
625929, 3
232381, 3
403404, 3
4832, 3
555709, 3
427131, 3
544083, 3
63126, 3
142754, 3
220109, 3
223189, 3
570382, 2
50514, 3
537683, 3
617023, 3
312261, 3
61459, 3
645711, 3
493510, 3
613476, 3
422924, 3
554844, 3
634668, 3
169713, 3
220652, 3
34596, 3
186752, 3
12207, 3
290482, 3
588178, 3
130725, 3
261133, 3
283844, 3
133930, 3
619483, 3
545334, 3
585605, 2
466587, 3
192118, 3
96957, 3
50318, 1
503439, 3
276629, 3
415811, 3
62753, 3
552502, 3
99222, 3
330485, 3
527043, 2
57299, 3
336127, 3
414080, 3
615317, 3
523167, 3
179269, 3
630964, 3
636898, 3
458752, 3
612526, 2
532080, 3
32063, 3
279299, 3
10050, 3
148221, 3
133561, 3
508816, 3
346793, 3
271665, 3
454588, 3
516928, 3
565692, 3
538251, 3
117062, 3
454208, 3
580721, 3
513363, 3
504378, 2
91498, 3
224725, 3
251118, 3
150549, 3
297731, 2
75874, 3
103393, 3
238893, 3
34546, 3
568939, 3
133908, 3
16499, 3
392279, 3
296109, 3
94172, 3
67913, 3
476269, 3
127388, 3
97784, 3
638982, 3
452190, 3
504923, 3
425239, 3
586739, 3
655145, 2
337942, 3
275028, 3
405201, 3
362852, 3
346660, 3
518915, 3
293540, 3
115939, 3
61199, 3
416856, 3
228794, 3
636448, 3
365495, 3
588870, 3
328227, 3
242029, 3
607089, 3
199514, 3
307614, 3
525613, 3
159179, 3
331680, 3
334790, 3
378644, 3
52745, 3
195570, 3
240484, 2
326527, 3
517523, 3
2106, 3
316137, 3
305122, 3
237167, 3
341648, 3
400788, 3
659412, 3
414705, 3
391193, 3
370781, 3
521042, 3
103238, 3
313523, 3
650344, 3
164567, 3
291143, 3
78180, 3
607187, 3
244238, 3
254883, 3
497373, 3
345205, 3
126539, 3
482485, 3
562115, 3
605660, 3
281588, 3
425314, 3
268220, 3
144071, 3
360505, 3
594561, 2
512096, 3
653019, 3
600109, 3
475801, 3
419107, 3
158778, 3
56210, 3
378247, 2
494921, 3
515165, 3
548055, 3
327017, 3
273825, 3
459228, 3
126988, 3
316724, 3
622856, 3
652615, 3
442205, 3
615138, 3
158495, 3
431218, 2
515042, 3
540996, 3
157891, 3
559582, 3
47127, 3
427450, 3
358781, 3
473993, 3
600267, 3
381229, 3
101236, 2
126496, 3
401712, 3
425213, 3
409442, 3
215417, 3
216708, 3
117649, 2
25438, 3
32417, 3
307451, 3
536689, 3
567643, 3
105458, 3
325291, 3
619166, 3
339145, 3
369411, 3
506931, 3
203879, 3
103947, 3
598733, 3
100358, 3
381035, 3
116529, 3
247529, 1
252320, 3
662835, 3
330680, 3
394163, 3
655497, 3
395467, 3
93557, 3
100049, 3
603784, 3
240378, 3
598940, 3
257336, 3
287957, 3
539091, 3
501114, 3
547002, 3
75069, 1
831, 3
76457, 3
287241, 3
425549, 3
453657, 3
488699, 3
472810, 3
81447, 3
369245, 3
571738, 3
627519, 3
310174, 3
208648, 3
346475, 3
596914, 3
58243, 3
259444, 3
572037, 3
520679, 3
284004, 3
568780, 1
622272, 3
367494, 3
607354, 3
330284, 3
603353, 3
457614, 3
517127, 3
292633, 3
284531, 3
320470, 3
140654, 3
22212, 3
277590, 3
225504, 3
14018, 3
159564, 3
287323, 3
172222, 3
411519, 3
487379, 3
336125, 3
432715, 3
427783, 3
485390, 3
400592, 3
612288, 2
229677, 3
220498, 3
630744, 3
277237, 3
262878, 3
35254, 3
461865, 3
662966, 3
196793, 3
274666, 3
95073, 3
4081, 3
484407, 3
651270, 3
310634, 3
176788, 3
382012, 3
262523, 3
529938, 3
168133, 3
357497, 3
250093, 3
614318, 3
182819, 3
50286, 3
238949, 3
659442, 3
398982, 3
249608, 3
217974, 3
146079, 3
361252, 3
145175, 3
609802, 3
55611, 3
31457, 3
292173, 3
268624, 3
115927, 3
627541, 3
527725, 3
369909, 3
417344, 3
264518, 3
140909, 2
441029, 3
262674, 3
130152, 3
560244, 3
159874, 3
101217, 3
83214, 3
434907, 3
93543, 3
607894, 3
603961, 3
50177, 3
339875, 3
526382, 3
74492, 3
424404, 3
348744, 3
343556, 3
22136, 3
476774, 3
593265, 3
342605, 3
158148, 3
427053, 3
487199, 3
475576, 3
406999, 3
476292, 1
622984, 3
475262, 3
373298, 3
436710, 3
558547, 3
386552, 2
602161, 3
472613, 3
517609, 1
481723, 3
503359, 3
639390, 3
390745, 3
494968, 3
553927, 2
442679, 3
2030, 3
409628, 3
43326, 3
326972, 3
447807, 3
387577, 3
533064, 3
510767, 3
253040, 3
242626, 3
224503, 3
363652, 3
519158, 3
600356, 3
497798, 3
13936, 3
225439, 3
317600, 3
432767, 3
590652, 3
661170, 3
390855, 3
31515, 3
597657, 3
468616, 3
460564, 3
269527, 3
272107, 3
304782, 3
517726, 3
313312, 3
574860, 3
38427, 3
162224, 3
415402, 3
416367, 3
663217, 3
66749, 3
594005, 3
480475, 3
220315, 3
440093, 3
362927, 3
342488, 3
362778, 3
594983, 3
280249, 3
306289, 3
443343, 3
329948, 3
526362, 3
150292, 3
509586, 3
321860, 3
497693, 3
36009, 3
318195, 3
544594, 3
23576, 3
182914, 3
524406, 3
405569, 3
216812, 3
31644, 3
238495, 3
25413, 3
209273, 3
526693, 3
574431, 3
250468, 3
74744, 3
634980, 3
483789, 3
321502, 3
402596, 3
79109, 1
106705, 3
176009, 3
262500, 3
256633, 3
240178, 3
317896, 3
361757, 3
453420, 3
569184, 3
451838, 3
400687, 3
27394, 3
173162, 3
214427, 3
326809, 3
101363, 3
231553, 3
540073, 3
353714, 3
192286, 3
173526, 3
645929, 3
511483, 3
111496, 3
279488, 3
101817, 3
9071, 3
226535, 3
97174, 3
149603, 3
196694, 3
84086, 1
660543, 3
642162, 3
469448, 3
621941, 3
14504, 3
523287, 3
16691, 3
267240, 3
334785, 3
601660, 3
503206, 3
515920, 3
435509, 3
63676, 3
637418, 3
2219, 2
622344, 3
587922, 3
539992, 3
52627, 3
416629, 3
367223, 3
384082, 3
326758, 3
664377, 3
576849, 3
264446, 3
430992, 3
198262, 3
503501, 3
281768, 3
528908, 3
255559, 3
515628, 3
231227, 3
406278, 3
296608, 3
123451, 3
104699, 3
428578, 3
592163, 3
553602, 3
199238, 3
7891, 3
266711, 3
448024, 3
657628, 3
68836, 3
237215, 3
117088, 3
500912, 3
281955, 3
459831, 3
277737, 3
583131, 3
197417, 3
633313, 3
664656, 3
37707, 3
304802, 3
358758, 3
327104, 3
406538, 3
210197, 3
274580, 3
224235, 1
14023, 3
505566, 3
21945, 3
150569, 3
24914, 3
273783, 3
177836, 3
595457, 3
26125, 3
77665, 3
534074, 3
271431, 3
125470, 3
396835, 3
108013, 3
617930, 3
474422, 3
590175, 2
5570, 3
191124, 3
155836, 3
223004, 3
367098, 3
390107, 3
412630, 3
429074, 2
638959, 2
469976, 3
379123, 3
582785, 3
460309, 3
166412, 3
388629, 3
522351, 3
299940, 3
152726, 3
54435, 3
184510, 3
275499, 3
507848, 3
323357, 3
584061, 3
338317, 3
12417, 3
440250, 3
98460, 1
325753, 3
221111, 3
510304, 3
403860, 3
347845, 3
387911, 3
306634, 3
435226, 3
615367, 3
449950, 3
417034, 3
434837, 3
219135, 3
240374, 3
473336, 1
658499, 3
588373, 1
522583, 3
632031, 3
110631, 3
550271, 3
26194, 3
207821, 2
366437, 3
221451, 3
123510, 3
339789, 3
66232, 3
338813, 3
384185, 2
68133, 3
492974, 3
628052, 3
299283, 3
396072, 3
52869, 3
596906, 2
663231, 2
338394, 3
562048, 3
468272, 3
572071, 3
623036, 3
483609, 3
117998, 3
184984, 3
591091, 3
96899, 3
399645, 3
119857, 3
92349, 3
487540, 3
42785, 3
449424, 3
19968, 3
476029, 3
5251, 3
220891, 3
396355, 3
135550, 3
16495, 3
249414, 3
407835, 3
409862, 3
330782, 3
121510, 3
641285, 3
542438, 3
442285, 3
21859, 3
353492, 2
604694, 3
380968, 1
554651, 2
425428, 3
384924, 2
41932, 3
416435, 3
481599, 2
558165, 3
87236, 3
351559, 3
369154, 3
509536, 3
204758, 3
203671, 3
210513, 3
543797, 3
551976, 3
85644, 3
185660, 3
506454, 3
200626, 3
303786, 3
207873, 3
639474, 3
246894, 3
164019, 3
543536, 3
288031, 3
378206, 3
431051, 3
101340, 3
266659, 3
208762, 3
408088, 3
244272, 3
356574, 3
653217, 3
608886, 3
358295, 3
7382, 3
54002, 3
280430, 3
514419, 3
577275, 3
421028, 3
141726, 3
62660, 3
260190, 3
349904, 3
362306, 3
118011, 3
230082, 3
657035, 3
663688, 2
394699, 3
263230, 3
92667, 3
346944, 3
365352, 3
36873, 3
337976, 3
489356, 3
529503, 3
209524, 3
377745, 3
607705, 3
528704, 3
182094, 2
17731, 3
275263, 3
109590, 3
449068, 3
32537, 3
357767, 3
168062, 3
12804, 3
650906, 3
32797, 2
475546, 3
128404, 3
215223, 3
457068, 3
155054, 3
495938, 3
105144, 3
52955, 3
93539, 3
207159, 3
498585, 3
35467, 3
279357, 3
35488, 2
579870, 3
523027, 3
207649, 3
397492, 3
6471, 3
429729, 3
576777, 3
248643, 3
453999, 3
301232, 3
141310, 3
102538, 3
342840, 3
468337, 3
163728, 3
82084, 3
181285, 3
214019, 3
74637, 2
60581, 3
235360, 2
118415, 3
311590, 3
552195, 3
546526, 3
392400, 3
509952, 3
213732, 3
1109, 3
99471, 3
358242, 2
429691, 3
117090, 3
425136, 3
542768, 3
631206, 3
362659, 3
295807, 3
550586, 3
491502, 3
417291, 3
173308, 3
553844, 3
397894, 3
350649, 3
467414, 3
167137, 3
54718, 3
151998, 3
612035, 3
197897, 3
333757, 3
450630, 3
40924, 2
442468, 3
200856, 3
450733, 3
599342, 3
25922, 3
533614, 3
211406, 2
396938, 3
554249, 3
31462, 3
625698, 3
244776, 3
216428, 3
259296, 2
402383, 3
391044, 3
362048, 3
626326, 3
323611, 3
22723, 3
487675, 3
481885, 3
253377, 3
77782, 3
472461, 3
207528, 3
585914, 3
458941, 3
59929, 3
321687, 3
127305, 3
597185, 3
49965, 3
346069, 3
460555, 3
92446, 3
221058, 3
400045, 3
468745, 3
447122, 2
182668, 3
557453, 3
33206, 3
335105, 3
446280, 3
417984, 3
522632, 3
462080, 3
415028, 3
238742, 3
200622, 3
521055, 3
243500, 3
652832, 3
462737, 3
95898, 3
289795, 1
68056, 3
58898, 3
614410, 3
599813, 3
229659, 3
236001, 3
440371, 3
303450, 3
161084, 3
560493, 3
661328, 3
490752, 3
215484, 3
356487, 3
80200, 3
67269, 3
373501, 3
538268, 3
361102, 2
239656, 3
397240, 3
121218, 3
184108, 3
22029, 3
213462, 3
489457, 3
50928, 2
248700, 3
577348, 3
425977, 3
607881, 3
623624, 3
641169, 3
526323, 3
116680, 3
114020, 3
396889, 3
206385, 3
264368, 3
315591, 3
145495, 3
211526, 3
560330, 3
604840, 3
216773, 3
537302, 3
429066, 3
305732, 3
213001, 3
363216, 2
142592, 1
38843, 3
638034, 3
42926, 3
617435, 3
20933, 3
7761, 3
133688, 3
288138, 3
194179, 3
325209, 3
358998, 1
607888, 3
449616, 3
242431, 3
138320, 3
66766, 3
534323, 2
32992, 3
643335, 3
344605, 3
297539, 3
58897, 3
129614, 3
411349, 3
563424, 3
3110, 3
473210, 3
348341, 3
627768, 3
523669, 3
270486, 3
18144, 3
532094, 2
71172, 3
525115, 3
75159, 3
279244, 3
67264, 3
653471, 3
167978, 3
367557, 3
528912, 3
267473, 3
396516, 3
92970, 3
607042, 3
345226, 3
445502, 3
547366, 3
29383, 3
544510, 2
179620, 3
383006, 3
130974, 3
493925, 3
471236, 3
95592, 3
117703, 3
203033, 3
645676, 3
89834, 3
333307, 3
123365, 3
212856, 3
80769, 3
601573, 3
284497, 3
176305, 3
110499, 3
187467, 3
133645, 3
539637, 3
325946, 3
329533, 3
407555, 3
202986, 3
530702, 3
535401, 3
417741, 3
467857, 3
374671, 3
307265, 3
280703, 3
231721, 3
424946, 3
371075, 3
258944, 3
186916, 3
347179, 3
336372, 3
174885, 3
440897, 3
473129, 3
371150, 3
1325, 3
227675, 3
30981, 3
656747, 2
195801, 3
164652, 3
115970, 3
546359, 3
295046, 3
463661, 3
470265, 3
547588, 3
38452, 3
72696, 3
635132, 3
479774, 3
453742, 3
385751, 3
265370, 3
342267, 2
308951, 3
87418, 3
105215, 3
49658, 3
552595, 3
60092, 3
377300, 3
258210, 3
296749, 3
527828, 3
319637, 3
399447, 2
120068, 3
23026, 3
638879, 3
492487, 3
661777, 3
124778, 3
1643, 3
122642, 3
465983, 3
521125, 2
497968, 3
105321, 3
429200, 3
390243, 3
528110, 3
523474, 3
486449, 3
214778, 3
5713, 3
92432, 3
34525, 3
300621, 3
2494, 3
67795, 3
138714, 3
198132, 2
613831, 3
624808, 3
349127, 3
34881, 3
549309, 3
356637, 3
534914, 3
342723, 3
311942, 3
162527, 3
248420, 3
604791, 3
655557, 3
44277, 3
308606, 3
561374, 3
215028, 3
455514, 3
612502, 3
654674, 3
494973, 3
252204, 3
399640, 3
251720, 1
447886, 3
586306, 2
401118, 3
73177, 3
544020, 3
434146, 2
158599, 3
596151, 3
463582, 3
659617, 3
403495, 3
321090, 1
273003, 3
312581, 3
218587, 3
404695, 3
521737, 3
64354, 3
584895, 1
167157, 3
454892, 3
21660, 3
213831, 3
365794, 3
662832, 3
219410, 3
128007, 2
296170, 3
69432, 3
271525, 3
27825, 3
398568, 3
375298, 3
144761, 3
566340, 3
419264, 3
463325, 3
264695, 3
307308, 2
401602, 3
565610, 3
83349, 3
491168, 3
465959, 3
245710, 3
85098, 3
643243, 3
191032, 3
476138, 3
68118, 3
238704, 3
588183, 3
229051, 3
388569, 3
521595, 3
594877, 3
370947, 3
387497, 3
67717, 3
649430, 3
294718, 3
604546, 3
310585, 3
547765, 3
472777, 3
428822, 3
262653, 2
156154, 3
489392, 3
495167, 3
661049, 3
332012, 3
479266, 3
269430, 3
122627, 3
456015, 3
104594, 1
191530, 3
206245, 3
626428, 3
428306, 3
603085, 3
336933, 3
441899, 3
518023, 3
220235, 3
392967, 3
471391, 3
170051, 3
255687, 3
71372, 3
413444, 3
179637, 3
362666, 3
428201, 3
596434, 3
68969, 3
512712, 3
287865, 3
287976, 3
173872, 3
545746, 3
139638, 3
640439, 1
36549, 2
430940, 3
413060, 3
131204, 3
92284, 3
442949, 3
611095, 3
576408, 3
262885, 3
461796, 3
540760, 3
225613, 3
341203, 3
209543, 3
51626, 3
220022, 3
475362, 3
397689, 3
7035, 3
407369, 3
656196, 1
262260, 3
498037, 3
605891, 3
138696, 3
17230, 3
370766, 3
539810, 3
91992, 3
152204, 3
239972, 3
376396, 3
70567, 1
172205, 3
227359, 3
423545, 3
451424, 2
440339, 3
441443, 3
311448, 2
81498, 3
528544, 3
305531, 3
168848, 2
52354, 3
600333, 3
230137, 3
429451, 3
639416, 3
618512, 3
419295, 3
617134, 3
444077, 3
36970, 3
302308, 3
17738, 3
445713, 3
513379, 3
327100, 3
12440, 3
477488, 1
439330, 3
437416, 3
659454, 3
632797, 3
529618, 3
41122, 3
69256, 3
50210, 3
501346, 3
582058, 3
226300, 3
124916, 3
617182, 3
186652, 3
130677, 3
325679, 3
246792, 3
420870, 3
364456, 3
359384, 3
574002, 3
444746, 3
477620, 3
547141, 3
22225, 3
298926, 3
495274, 1
71050, 3
550768, 3
412628, 3
266745, 3
129905, 3
7593, 3
322334, 2
277642, 3
66089, 3
33641, 3
85298, 3
491816, 3
158014, 3
546615, 3
611008, 1
636756, 3
169089, 3
150763, 3
58713, 3
516239, 3
515407, 3
554932, 3
644, 3
644213, 3
142506, 3
631946, 2
617564, 3
398486, 3
299273, 3
145027, 3
198713, 3
230311, 3
306815, 3
560687, 3
473418, 3
282001, 3
661294, 3
302042, 3
462115, 3
96415, 3
182430, 3
509110, 3
91047, 3
420265, 3
629751, 3
449945, 2
152052, 3
259299, 3
381995, 3
428964, 3
418341, 3
146888, 3
626318, 3
586825, 2
604137, 3
243669, 3
366898, 3
548476, 3
216568, 1
309307, 3
315415, 3
512496, 3
545426, 3
560671, 3
628615, 3
533002, 3
12787, 3
390219, 3
659040, 3
212973, 3
220934, 3
508473, 3
214575, 3
204873, 3
92046, 3
618100, 3
273545, 3
191360, 2
141847, 3
402279, 3
118760, 3
267711, 2
378724, 3
165549, 3
645441, 3
621133, 3
316567, 3
664095, 2
191879, 3
269511, 3
109870, 3
626890, 3
629103, 3
416714, 3
439858, 3
477668, 1
432728, 2
181746, 3
536394, 3
606235, 2
280220, 3
395897, 3
346595, 3
631669, 3
321215, 2
546579, 3
360491, 3
24338, 3
85020, 3
634089, 3
353614, 3
547432, 3
528826, 3
20381, 3
330690, 3
590287, 3
363893, 3
604096, 3
498410, 1
242229, 3
205197, 3
416956, 3
289708, 3
58434, 3
596893, 3
661403, 3
72184, 3
122264, 3
381532, 3
28942, 3
443939, 3
133846, 3
43292, 3
105346, 3
140731, 3
528695, 3
96488, 3
186118, 3
365251, 3
504263, 3
318631, 3
362909, 3
563848, 3
42842, 3
227797, 3
128952, 3
404545, 3
172977, 3
508902, 3
462282, 3
154028, 3
473016, 3
363748, 3
147149, 3
143511, 2
487119, 3
24094, 3
662163, 3
421000, 3
566030, 3
452251, 3
307681, 3
4154, 3
49713, 2
364375, 3
71118, 3
471542, 3
407289, 3
436663, 3
283927, 3
525703, 3
280204, 3
517507, 3
317830, 3
399021, 3
60140, 2
360972, 3
512492, 3
195166, 3
104024, 3
37696, 2
520808, 3
404981, 3
498593, 3
190247, 3
577073, 3
623669, 2
299547, 3
172778, 3
109908, 3
587720, 3
455202, 3
665283, 3
371050, 3
302109, 3
561595, 3
117612, 3
137432, 3
384894, 3
106400, 3
269127, 3
482265, 3
480465, 3
656544, 3
288926, 3
466613, 3
511749, 3
130956, 3
181914, 3
516296, 3
520891, 3
154595, 3
487423, 3
582455, 3
93861, 3
227247, 3
198287, 3
244892, 3
150868, 1
180673, 3
658394, 3
311156, 2
558698, 3
415507, 3
113862, 3
209076, 3
643100, 3
423641, 3
632063, 3
161531, 3
86653, 3
186424, 1
232718, 3
426657, 3
343704, 3
325350, 3
297274, 3
162496, 2
14933, 3
513473, 3
521479, 3
115712, 3
409264, 3
578687, 3
564675, 3
44682, 3
45396, 3
226634, 3
196138, 3
210904, 3
472433, 3
212888, 3
234604, 3
505163, 3
543544, 3
96049, 3
627673, 2
354132, 3
471415, 3
221418, 3
623730, 3
82429, 3
319634, 3
448299, 3
314479, 3
606643, 1
123887, 3
131443, 3
570760, 3
231539, 3
471984, 2
525737, 3
8650, 3
553473, 3
584363, 3
637054, 3
37640, 3
490937, 3
298676, 3
636248, 3
654091, 3
296503, 3
273099, 3
628520, 3
410379, 3
652220, 3
541171, 3
524023, 3
370513, 3
235089, 3
86956, 3
454799, 3
609029, 3
344917, 3
260947, 3
508392, 3
184167, 3
155703, 3
206695, 3
177401, 3
531509, 3
121466, 3
446673, 3
268848, 3
311425, 2
492788, 3
446543, 3
282481, 3
111468, 3
23924, 3
16031, 3
386481, 1
19446, 3
338744, 3
302757, 3
199151, 3
192103, 3
418574, 3
74829, 3
10384, 3
495091, 3
555102, 3
49737, 3
123994, 3
146168, 3
630666, 3
630947, 3
161347, 3
19931, 3
638656, 3
434000, 3
611254, 3
577958, 3
269576, 3
184021, 3
610167, 1
211814, 3
277391, 3
20042, 3
605939, 3
374760, 3
255285, 3
329461, 3
420511, 3
279326, 3
346617, 3
523481, 2
302601, 3
389158, 3
462007, 3
246378, 1
230331, 3
456897, 3
313747, 3
632149, 3
348740, 3
122664, 3
421015, 3
183452, 3
187811, 3
575928, 3
460392, 3
401615, 3
279420, 3
648421, 3
621640, 3
4284, 3
445752, 3
101758, 3
607926, 3
305192, 3
588978, 3
381015, 3
649111, 3
626862, 3
352847, 3
558865, 2
34989, 3
92950, 3
51182, 3
235245, 3
68985, 3
184648, 3
272090, 3
557966, 3
317521, 3
417007, 3
423068, 3
284762, 3
407082, 3
434550, 3
303160, 3
151466, 3
655511, 1
507367, 3
580750, 3
474159, 3
324119, 3
290181, 3
379437, 3
155749, 3
551713, 3
574520, 3
622320, 3
34674, 3
527653, 3
528275, 3
449846, 3
417686, 3
546573, 3
220272, 3
275895, 3
122825, 3
364502, 3
522767, 3
368847, 3
248621, 1
432211, 3
531084, 3
498747, 3
633010, 3
235000, 3
140492, 3
430490, 3
352850, 3
369528, 3
315621, 3
657987, 3
571600, 3
564568, 3
26983, 3
443193, 3
438694, 3
475953, 3
502623, 3
489603, 3
481116, 3
583540, 3
123147, 3
127800, 3
421930, 3
602433, 3
350038, 3
386180, 3
236650, 3
79429, 3
388956, 3
275016, 3
147958, 3
644655, 3
641698, 3
537749, 3
627880, 3
135957, 3
376485, 3
329101, 3
16234, 3
333739, 3
658097, 3
498372, 3
244128, 3
535122, 3
586376, 3
215594, 3
644713, 3
595818, 3
272542, 3
516453, 3
88418, 3
95765, 3
565613, 3
520299, 3
161331, 3
652122, 3
141697, 3
189245, 3
645948, 3
309865, 3
377341, 3
148418, 3
475084, 3
652786, 3
260747, 3
374911, 3
554997, 3
663650, 1
541227, 3
336595, 3
229540, 3
188641, 3
507595, 3
406721, 3
611318, 3
304178, 3
509442, 3
191548, 3
50190, 3
629424, 3
82060, 3
602155, 3
579283, 3
430796, 3
259376, 2
424097, 3
165213, 3
193136, 3
231761, 3
294682, 3
642674, 3
158689, 3
590938, 3
42594, 3
459903, 3
52405, 3
234749, 3
492847, 3
595737, 1
198337, 3
108121, 3
400562, 3
475608, 3
421448, 3
113745, 3
371583, 1
627533, 3
32960, 3
311125, 3
656293, 3
326328, 1
643236, 3
234841, 3
450371, 3
439500, 3
370400, 3
540077, 3
559117, 3
248043, 3
496490, 3
438150, 3
251581, 3
338537, 3
652041, 3
393491, 3
163469, 3
564187, 3
336391, 3
309141, 3
316043, 3
107368, 3
227068, 3
138271, 2
484390, 3
418131, 3
501044, 3
307027, 3
217486, 3
351248, 3
508498, 3
293977, 3
184663, 3
617804, 3
422600, 3
446675, 3
89158, 3
513188, 3
36311, 3
301727, 3
5496, 3
62205, 3
518819, 3
7987, 3
606835, 3
403853, 3
506231, 3
379906, 3
100399, 3
132339, 3
259890, 3
54677, 3
324139, 3
646879, 3
663734, 3
137460, 3
279368, 3
428747, 3
8507, 3
120564, 3
220476, 2
299809, 3
164770, 3
415654, 3
134747, 3
337230, 3
404430, 3
433759, 3
570499, 3
355850, 3
294190, 3
484416, 3
285204, 3
610321, 1
44714, 3
662175, 3
46663, 3
392885, 3
484969, 3
207223, 3
198126, 3
397750, 3
100949, 3
636423, 3
424248, 3
239658, 3
86317, 3
573827, 3
466359, 3
573678, 3
53821, 3
259386, 3
177606, 3
180698, 3
25933, 3
433218, 3
642364, 3
390426, 2
39050, 3
248169, 2
549536, 3
170645, 3
45011, 3
180344, 3
530208, 3
409812, 3
128900, 3
125484, 3
515823, 3
143655, 3
520864, 3
80694, 3
126934, 3
615194, 3
632188, 3
300671, 2
509535, 3
217855, 3
651066, 3
366367, 3
325554, 3
277862, 3
358527, 3
507931, 3
463972, 3
601850, 3
259550, 3
279218, 3
438380, 3
72956, 3
468191, 3
354224, 3
362725, 3
246600, 3
604896, 3
594781, 1
628502, 3
281826, 3
581122, 3
624688, 2
292875, 3
195679, 3
380659, 3
137764, 2
307611, 3
49836, 3
616269, 3
116688, 3
320763, 3
134726, 3
34838, 3
425908, 2
88758, 3
625725, 3
46949, 3
329800, 3
422851, 3
261865, 3
407935, 3
511497, 3
477345, 3
571481, 3
527603, 3
93008, 3
655827, 3
142964, 3
635061, 3
7388, 3
74922, 3
146667, 3
160535, 3
427672, 3
214316, 3
27567, 3
552085, 3
380159, 3
637339, 3
116943, 3
633678, 3
58685, 3
556884, 3
218302, 3
12890, 3
78080, 3
365067, 3
113572, 3
482678, 3
590870, 3
238802, 1
441047, 1
552131, 3
635062, 3
514719, 3
174643, 3
625278, 2
261157, 3
175744, 3
279313, 3
85479, 3
450923, 3
454463, 2
592447, 3
318931, 3
849, 3
177343, 3
128987, 3
247206, 3
425084, 3
187702, 2
39007, 3
67604, 3
177620, 3
280887, 3
336867, 3
323761, 3
7584, 3
370564, 3
15032, 3
92502, 3
265412, 1
57056, 3
628628, 3
128790, 3
80132, 3
606961, 3
230981, 3
340450, 3
512363, 3
78972, 3
102399, 3
407178, 3
115884, 3
526530, 3
447995, 3
456063, 3
574197, 3
635925, 3
384821, 3
334194, 3
448216, 3
254874, 3
200710, 3
544779, 3
157021, 3
306571, 3
400603, 3
345530, 3
270347, 3
172332, 3
408755, 3
49473, 3
324924, 3
49182, 3
332048, 2
71581, 3
168171, 3
514722, 3
399785, 3
441107, 3
255282, 3
404780, 3
497285, 3
304409, 3
341477, 3
489330, 3
8527, 3
635097, 3
369903, 3
273761, 3
353320, 3
409040, 3
153117, 3
514298, 3
429075, 3
504375, 3
639227, 3
593158, 3
292521, 3
95254, 3
134824, 3
392458, 3
317142, 3
460893, 3
450868, 3
500482, 2
584527, 3
636976, 3
210586, 1
204722, 3
453841, 3
471450, 3
316155, 3
625512, 3
121861, 3
238953, 3
364553, 3
280067, 3
524649, 3
118547, 3
38205, 3
658980, 3
135349, 3
190302, 3
455244, 3
39617, 2
448613, 3
320156, 3
588711, 3
101001, 3
53164, 3
480334, 3
394035, 3
363862, 3
107470, 3
437563, 3
135415, 2
355052, 3
209009, 3
109004, 3
165293, 3
192716, 3
103884, 3
616895, 3
514794, 2
605477, 3
430251, 3
45878, 3
200971, 3
483311, 3
573868, 3
596849, 3
307831, 3
512752, 1
341938, 3
402677, 3
172990, 2
547325, 3
573292, 3
623165, 3
66954, 3
53280, 3
138249, 3
491522, 3
152642, 3
41431, 3
373249, 3
384725, 3
363619, 3
539117, 3
539067, 3
402129, 3
436426, 3
435590, 3
352066, 3
531312, 3
381980, 3
162888, 3
375804, 3
38664, 3
247172, 3
424451, 3
63157, 3
425730, 3
490784, 3
240872, 3
309889, 3
155038, 3
426760, 3
219649, 3
553056, 3
24716, 3
342659, 1
25312, 3
261990, 3
319130, 3
441791, 3
400836, 3
8355, 3
100736, 3
335176, 3
108875, 3
640883, 3
597749, 3
517389, 3
180334, 3
200630, 2
126340, 3
482182, 3
504069, 1
652128, 2
227471, 3
646720, 3
298197, 2
20768, 3
179094, 3
38885, 3
341698, 3
146695, 3
78808, 3
50102, 3
49478, 2
406838, 3
303752, 3
545870, 3
223571, 3
448369, 3
424905, 3
196938, 3
630598, 3
393958, 3
297280, 3
379382, 3
486337, 3
475944, 3
36178, 3
599008, 3
498740, 3
505767, 3
379440, 3
117575, 3
83487, 3
194574, 3
308795, 3
206537, 3
172830, 3
248476, 3
434939, 3
114038, 3
331938, 2
16110, 3
299624, 3
52379, 3
599711, 3
369786, 3
512630, 3
516212, 3
516386, 3
258039, 3
34147, 3
350230, 3
605772, 3
578289, 3
367278, 3
448747, 3
333727, 2
324745, 3
582050, 3
611852, 3
15581, 3
65566, 3
52029, 3
317938, 3
176431, 3
480864, 3
445597, 3
288485, 3
144614, 1
352561, 3
260744, 3
619438, 2
578581, 3
27967, 3
61450, 3
29024, 3
612786, 3
331112, 3
469238, 3
130036, 3
501838, 3
388376, 3
125445, 3
1248, 3
206380, 3
65784, 3
155660, 3
182783, 3
586666, 3
278222, 3
326724, 3
438669, 3
663121, 3
109288, 3
223968, 3
223390, 3
378790, 3
130831, 3
271064, 3
166088, 3
475146, 3
434508, 3
144326, 3
324901, 3
6676, 3
564224, 3
281016, 3
302719, 3
321251, 2
79333, 3
566535, 3
126441, 3
39297, 3
167902, 3
208706, 3
209158, 3
498733, 3
354266, 2
186192, 3
272165, 3
306980, 3
445481, 3
577203, 3
490606, 3
250202, 3
485202, 2
264686, 3
308706, 3
400334, 3
129029, 3
269144, 3
397257, 3
82680, 3
26958, 3
312344, 3
165021, 3
271235, 3
157473, 3
282160, 3
662785, 3
562296, 2
267518, 3
415190, 3
538555, 3
88229, 3
95734, 3
604842, 3
332097, 3
394595, 3
78810, 3
134195, 2
42971, 3
454495, 3
69676, 3
263067, 3
206264, 3
510366, 3
654011, 1
307834, 3
538199, 3
189479, 3
361060, 3
157086, 3
204155, 3
268510, 3
302208, 3
444804, 3
595812, 3
518643, 3
17725, 3
159785, 3
105910, 3
475159, 3
20060, 3
588100, 2
331818, 3
417873, 3
5095, 3
27588, 3
320364, 3
393464, 1
651332, 3
627592, 3
33277, 3
436776, 3
73509, 3
383651, 3
272280, 3
134205, 3
146495, 1
549781, 3
80745, 3
602143, 3
140006, 3
129727, 3
268644, 3
570503, 3
392419, 3
237706, 3
86494, 3
622382, 3
34207, 3
507531, 3
1439, 3
624529, 3
250530, 3
520920, 3
620693, 3
282250, 3
91939, 3
458137, 3
244305, 3
152896, 3
476613, 3
395370, 3
415533, 3
339692, 3
292848, 3
176335, 3
129131, 3
362904, 3
491659, 3
187332, 3
46077, 3
354826, 3
198518, 3
171071, 3
625393, 3
570244, 3
98412, 3
91179, 3
116489, 3
48090, 3
229846, 3
280871, 3
664939, 3
494138, 3
475306, 3
159392, 3
135081, 3
82828, 3
478058, 3
375087, 3
664173, 1
611172, 3
147074, 3
170803, 3
601669, 3
289959, 3
180984, 3
488252, 3
17156, 3
660284, 3
262843, 3
82263, 3
590862, 3
664908, 3
212459, 3
288646, 3
403715, 3
337305, 3
503620, 3
89727, 3
63943, 3
186262, 3
408222, 3
588483, 3
84635, 3
454310, 3
489046, 2
557172, 3
494833, 3
236464, 3
545343, 3
443462, 3
560975, 3
95131, 3
61153, 3
503173, 3
499417, 3
528276, 3
321776, 3
291746, 3
170188, 3
400263, 3
306801, 3
240077, 3
234165, 3
35038, 3
153934, 3
129164, 3
229146, 3
417251, 3
558431, 3
327277, 3
299714, 3
409556, 3
255682, 3
330732, 3
550274, 3
230347, 3
533927, 3
482067, 3
605793, 3
407710, 3
251705, 3
155449, 3
456464, 3
333622, 3
406597, 3
427718, 3
317509, 3
549689, 3
516944, 3
98800, 3
566845, 3
560174, 2
595849, 3
53321, 3
84415, 3
278199, 3
556846, 3
566887, 3
514717, 3
327773, 3
426952, 3
522545, 3
587113, 2
322907, 3
157685, 3
597873, 3
591830, 3
627714, 3
498213, 3
118931, 3
400370, 3
147931, 3
432888, 3
514881, 3
59360, 3
50731, 3
209777, 3
295501, 3
574953, 3
183888, 3
437340, 3
82319, 3
476627, 3
513859, 3
237531, 3
582690, 3
612021, 2
170740, 3
375605, 3
336068, 3
79692, 3
332921, 3
182403, 3
196682, 3
266551, 3
10868, 3
568278, 2
11662, 3
576248, 3
311346, 3
428899, 2
663384, 3
500210, 3
143835, 3
225036, 3
25159, 3
162472, 3
453068, 3
435281, 3
336341, 3
274034, 3
596592, 3
365720, 3
389506, 3
472123, 3
593297, 3
123033, 3
27376, 3
416288, 3
192962, 3
502538, 3
358411, 3
652146, 3
74273, 3
648936, 3
234353, 3
479610, 3
65172, 3
152535, 3
24458, 3
158679, 3
65934, 3
569328, 3
607892, 3
463883, 3
644522, 3
278221, 3
645297, 3
398503, 3
381823, 3
565675, 3
163697, 3
323190, 3
227916, 3
641038, 3
214443, 3
67935, 3
633006, 3
27801, 3
452949, 3
298758, 3
406019, 3
1836, 3
582384, 3
609878, 3
244649, 3
204656, 3
175581, 3
51454, 3
180572, 3
656313, 3
433528, 3
390035, 3
330203, 3
353888, 3
255818, 3
50662, 2
589068, 3
550665, 3
219669, 3
5859, 3
507880, 3
421357, 3
27297, 3
568398, 3
457660, 3
39400, 3
338077, 3
62274, 3
616107, 3
121613, 3
141905, 3
219169, 3
202746, 1
513725, 3
218944, 3
545442, 3
318154, 3
389580, 3
514319, 3
528202, 3
212892, 3
160473, 3
60348, 3
551859, 3
78546, 3
45773, 3
478835, 2
16493, 3
292187, 3
37278, 3
200271, 3
373354, 3
20521, 3
365137, 3
506749, 3
270611, 3
595863, 3
199145, 3
602784, 3
302344, 2
344187, 3
173919, 3
379362, 3
466118, 3
361812, 3
427535, 3
124992, 3
599258, 3
310759, 1
151561, 3
310274, 3
609398, 3
488847, 3
240949, 3
574454, 3
88997, 3
70861, 3
364426, 2
386837, 3
511954, 3
646386, 2
461204, 3
153056, 3
433604, 2
398153, 3
151897, 3
600844, 3
218488, 3
498866, 3
307460, 3
297595, 3
50746, 3
529117, 3
334053, 3
458359, 3
392430, 3
329814, 3
597945, 2
450579, 3
278095, 3
505455, 3
422153, 3
96823, 3
376632, 3
394856, 3
39681, 3
289512, 3
532866, 3
549637, 3
113390, 3
304484, 3
491518, 3
129783, 3
557808, 3
638939, 3
663391, 3
301359, 3
16722, 3
283923, 3
276912, 3
450066, 3
469552, 3
108887, 3
273423, 3
32648, 3
659091, 3
448985, 3
279351, 3
543000, 3
416052, 3
258486, 3
237700, 3
403678, 3
53664, 1
140686, 3
65376, 3
97222, 3
53950, 3
335263, 3
155491, 3
221473, 3
138453, 3
56261, 3
117453, 3
251646, 3
335873, 3
469589, 3
225550, 3
266272, 3
365801, 3
509688, 3
473334, 3
394668, 3
498603, 3
404857, 3
306485, 3
172144, 3
488901, 3
664534, 2
490097, 3
613905, 3
275777, 3
162716, 3
114043, 3
488951, 3
88405, 3
468818, 3
317416, 3
617618, 3
2050, 3
475771, 3
237931, 3
419362, 3
28349, 3
16690, 3
198024, 3
398049, 3
642696, 3
622109, 3
483293, 3
492569, 3
659045, 3
552251, 3
112374, 3
321939, 2
63542, 3
603619, 3
309928, 3
192713, 2
169924, 3
54488, 3
574019, 3
301102, 3
227935, 3
128921, 3
469551, 3
475536, 3
480571, 3
55263, 3
217380, 3
41404, 3
131339, 3
71202, 3
541406, 3
182123, 3
47135, 3
360010, 3
188030, 3
357348, 3
227300, 3
55832, 3
132486, 3
599202, 3
39538, 3
209133, 3
361931, 3
644383, 2
502443, 3
615210, 3
106523, 3
59614, 3
616393, 3
461144, 3
65233, 3
297015, 3
415013, 3
450070, 3
363212, 3
564563, 3
362410, 3
596316, 3
59769, 2
316884, 3
62471, 3
553619, 3
72957, 3
600666, 3
14547, 3
269868, 3
665311, 3
377200, 2
448362, 3
607077, 3
573216, 3
203776, 3
16169, 3
432481, 3
284171, 3
33832, 2
213761, 3
150113, 1
410695, 3
217943, 3
620686, 3
631526, 3
336965, 3
136230, 3
330410, 3
445077, 3
440544, 3
149147, 3
141630, 3
482063, 3
385260, 3
376712, 3
236572, 3
555381, 3
108551, 3
479704, 3
507247, 3
247684, 3
6917, 3
260224, 3
496720, 3
23425, 3
157826, 3
447642, 3
576197, 3
128724, 3
483642, 3
138904, 3
220648, 3
329034, 3
542889, 3
393127, 3
383810, 3
30507, 3
615898, 2
250448, 3
576596, 3
413788, 3
507645, 3
160352, 3
181366, 3
65181, 3
418313, 3
346712, 3
174507, 3
146833, 3
517416, 3
144541, 3
628014, 3
535372, 3
101234, 3
459476, 3
343817, 3
591214, 3
340451, 3
330129, 3
390413, 3
403149, 3
590367, 3
342940, 1
230107, 3
124631, 3
317651, 2
510784, 3
9303, 3
259277, 3
292060, 3
577628, 3
380764, 3
56496, 3
635924, 3
33558, 3
660181, 3
481195, 3
300268, 2
288699, 3
180712, 3
127140, 3
145010, 3
454542, 3
262039, 3
113509, 3
236601, 3
5670, 3
568350, 3
596708, 3
617124, 3
301748, 3
565056, 2
167622, 3
665001, 3
430436, 3
309873, 3
411262, 3
554938, 3
528676, 3
136425, 3
213364, 3
569894, 3
219584, 3
81600, 3
596059, 3
387380, 3
372988, 3
283348, 3
357424, 3
29583, 3
59302, 3
383901, 3
325495, 3
211324, 3
356556, 3
473228, 3
304594, 3
111650, 3
279163, 3
595378, 3
254369, 2
411300, 3
20184, 3
179706, 3
134992, 3
485500, 3
217169, 3
159579, 3
620268, 3
156430, 3
283299, 3
2995, 3
358885, 3
552733, 3
395748, 3
653278, 3
222890, 3
328029, 3
336877, 3
56306, 2
51468, 3
541418, 3
87921, 3
32936, 1
500864, 3
255260, 3
188882, 3
522573, 3
639790, 3
72837, 3
250194, 3
605170, 3
479500, 3
88809, 3
220314, 3
323732, 3
188866, 3
437290, 3
594473, 3
586947, 3
294454, 3
179557, 3
288049, 3
368447, 3
443171, 3
309015, 3
487407, 2
568798, 3
452674, 3
276961, 3
362007, 3
42209, 3
240442, 3
508256, 3
209649, 3
483363, 3
440424, 3
228352, 3
280335, 3
147553, 3
183522, 3
399116, 3
544514, 3
341325, 3
358417, 3
29414, 3
475644, 3
430730, 3
156826, 3
91136, 3
217292, 3
108494, 3
575164, 3
642198, 3
313819, 3
480852, 3
300580, 2
374434, 3
450995, 3
348172, 3
224014, 3
409482, 3
211059, 3
287909, 3
415593, 3
474647, 3
572775, 3
270941, 3
161759, 3
639549, 3
577864, 3
42653, 3
563813, 3
578544, 3
42991, 3
158386, 3
262559, 3
256194, 3
429270, 3
489375, 3
177037, 2
357458, 3
377639, 3
440834, 3
323485, 3
574644, 3
352338, 3
606613, 3
605360, 3
630190, 3
550599, 3
453184, 3
452885, 3
255199, 3
564419, 3
31151, 3
117932, 3
313180, 3
52457, 3
47002, 3
254260, 3
40829, 3
377820, 3
493249, 3
145643, 3
529788, 1
539802, 3
226018, 3
404002, 3
34517, 3
169136, 3
326054, 3
306334, 3
77502, 3
468980, 3
490153, 3
623079, 3
228850, 3
287673, 3
435638, 3
48772, 3
278604, 3
23807, 3
208740, 3
73774, 3
242369, 3
172772, 3
519655, 2
440680, 3
553862, 3
652806, 3
308464, 3
313885, 3
280246, 3
199433, 3
268254, 3
42840, 3
276773, 3
236578, 3
127194, 3
312447, 3
256664, 3
206556, 3
607873, 3
201988, 3
478091, 3
308118, 3
217139, 3
599770, 3
545333, 3
529505, 3
66132, 3
664098, 2
214971, 3
80015, 3
206665, 3
576247, 3
387039, 3
65421, 3
569976, 3
216092, 3
68805, 3
255858, 3
359379, 3
569878, 3
474369, 3
146522, 3
184936, 3
47196, 3
252686, 3
595703, 3
120572, 3
193251, 3
255332, 3
245532, 3
268870, 3
29310, 3
457709, 3
24873, 3
610469, 3
262383, 3
412731, 3
580019, 3
599320, 3
70609, 3
391778, 3
107827, 3
326021, 1
503461, 3
197870, 3
546360, 3
416747, 3
174265, 3
331846, 3
63293, 3
119562, 3
561082, 3
488257, 2
494083, 3
555296, 3
52517, 3
413196, 3
196225, 3
609310, 3
661672, 3
139140, 3
484798, 3
232318, 3
149311, 3
95171, 3
517001, 3
315041, 3
30373, 3
497743, 3
323142, 3
511044, 3
361181, 3
409290, 3
199077, 3
222692, 3
201019, 3
152881, 3
634919, 3
382519, 3
468867, 3
616669, 3
485382, 3
495881, 3
378304, 3
486234, 3
501979, 3
567057, 2
309638, 3
412604, 3
102206, 3
36450, 3
554998, 3
345168, 3
125278, 3
355383, 3
640677, 3
192569, 3
645270, 3
583631, 3
249932, 3
664610, 3
359238, 3
57274, 3
427108, 3
369510, 3
93797, 3
24925, 3
162740, 3
108367, 3
656466, 3
426624, 3
368868, 3
461502, 3
72015, 1
31605, 3
313352, 3
605657, 3
234804, 2
440832, 1
469318, 3
500626, 3
97149, 3
451321, 3
441022, 3
40947, 2
89592, 3
218334, 3
618488, 3
423433, 3
653891, 3
117540, 3
269447, 3
270, 3
14796, 3
210130, 3
642558, 3
226534, 3
59642, 3
205759, 3
7224, 3
587912, 3
6507, 3
390002, 3
244916, 3
421045, 3
310966, 3
652980, 2
553671, 3
69059, 3
654800, 3
403250, 3
230592, 3
249390, 3
413102, 3
601334, 3
414696, 3
216249, 3
107084, 3
103922, 3
339839, 3
553303, 3
499874, 3
502361, 3
239179, 3
451247, 3
215990, 3
84658, 3
123455, 3
35045, 3
642896, 3
68734, 3
37767, 2
340570, 2
43006, 3
142591, 1
56596, 3
322649, 2
508537, 3
352873, 3
337443, 3
316750, 3
164054, 3
180763, 3
54223, 3
397357, 3
177233, 3
252910, 3
279804, 3
279522, 3
241523, 3
51760, 3
482389, 3
568391, 3
39075, 3
638457, 3
210654, 3
487067, 3
2934, 3
382799, 3
236762, 3
3787, 3
653949, 3
366969, 3
612703, 3
23692, 3
357651, 3
414754, 3
275404, 3
118750, 3
448240, 3
461711, 3
286655, 3
47161, 3
601880, 3
477738, 3
191559, 3
327317, 3
327927, 3
154076, 3
122227, 3
414355, 3
3175, 3
334635, 3
284699, 3
597527, 3
539550, 3
646388, 3
157311, 3
287051, 3
46065, 3
252655, 3
282502, 3
168123, 3
82700, 3
218283, 3
295957, 3
654298, 3
10933, 3
430682, 3
521258, 3
213526, 3
111368, 3
237082, 3
393106, 3
655401, 3
102068, 3
37517, 3
3644, 3
10327, 3
365607, 3
174570, 3
650743, 3
153832, 3
464937, 3
265058, 3
203320, 3
327584, 3
112365, 3
577970, 3
383044, 2
285788, 3
599024, 3
618646, 3
611329, 2
214453, 2
28143, 3
634657, 3
477587, 1
109159, 3
155753, 3
534512, 3
663795, 3
328575, 3
632641, 3
345539, 3
657104, 3
373794, 3
506206, 3
470386, 3
407630, 3
236199, 3
256548, 3
590523, 3
284108, 3
15206, 3
565256, 3
125985, 3
547649, 3
378280, 3
124095, 3
403616, 3
524798, 3
560999, 3
446387, 3
424070, 3
453596, 3
17241, 3
8746, 3
614633, 3
334953, 3
313948, 3
39863, 3
600911, 3
478338, 3
126832, 3
396374, 3
205435, 3
488665, 3
340221, 3
629170, 3
335116, 3
561129, 1
165174, 3
331166, 3
54747, 3
641373, 3
592848, 3
357321, 3
547412, 3
270999, 3
639585, 3
643956, 3
10625, 2
384198, 3
365799, 3
355154, 3
590034, 3
377578, 3
269599, 3
487870, 3
588445, 3
646148, 3
510390, 3
625055, 3
366043, 3
498292, 3
460788, 3
165178, 3
315203, 3
224776, 3
158201, 3
508492, 3
497078, 3
336544, 2
617190, 3
284091, 3
81004, 3
288371, 3
662575, 3
76926, 3
104183, 3
365996, 3
473765, 3
282385, 3
561717, 3
353964, 3
351381, 3
627085, 3
537565, 2
191834, 3
643986, 3
435622, 3
319352, 3
402905, 3
649407, 3
296929, 3
318548, 3
591999, 3
592516, 3
132292, 3
92062, 3
497123, 3
462549, 2
552266, 3
319843, 3
173425, 3
424092, 3
404837, 3
24586, 3
287069, 3
165307, 3
426525, 2
399115, 3
74640, 3
310381, 3
40114, 3
407020, 3
281222, 3
335488, 3
361329, 3
641263, 3
166632, 3
216429, 3
439947, 3
58888, 3
128731, 3
420318, 3
646241, 3
422485, 3
543649, 3
34735, 3
602726, 3
312478, 3
33798, 3
16001, 3
394254, 3
458846, 3
607778, 3
20785, 3
198316, 3
137310, 3
201269, 3
501692, 3
542019, 3
249021, 3
156188, 3
52667, 3
651754, 3
260286, 3
496550, 3
176928, 3
466992, 1
236400, 3
165070, 3
127, 3
4727, 3
26941, 3
564080, 3
275816, 3
66429, 3
273938, 3
633072, 3
267638, 3
84891, 3
288753, 3
272273, 3
477360, 3
378609, 3
479592, 3
548366, 3
53830, 3
477943, 3
51187, 3
146648, 3
444234, 3
7275, 3
46975, 3
229414, 3
26157, 3
99467, 3
33168, 3
50546, 3
214537, 3
435414, 3
471057, 3
100557, 3
569218, 3
214552, 3
478318, 3
11686, 3
382469, 3
128891, 3
347862, 3
214327, 3
4541, 3
599536, 3
507771, 3
105892, 3
657554, 3
156287, 3
496787, 3
2980, 3
52057, 3
60876, 3
160986, 3
444954, 3
168983, 3
357572, 3
589429, 3
385737, 3
144858, 3
412988, 3
119086, 3
47745, 3
426284, 3
586945, 2
365422, 3
304489, 3
159735, 3
182787, 3
305999, 3
423790, 3
479671, 3
439034, 3
105358, 3
446944, 3
424459, 3
439698, 3
308036, 3
546621, 3
345840, 3
65138, 3
260428, 1
498005, 3
593719, 3
205445, 3
287034, 3
189868, 3
136584, 3
340034, 3
118548, 3
454022, 3
375172, 3
114818, 3
28540, 3
388276, 2
615035, 3
564932, 2
19448, 3
214398, 3
516276, 3
185299, 3
241292, 3
143647, 3
48322, 3
15515, 3
619973, 1
578654, 3
244692, 1
1705, 3
312010, 2
235558, 3
663900, 3
282915, 3
619229, 3
97558, 3
19650, 3
146759, 3
280393, 3
535675, 3
272513, 3
597274, 3
524667, 2
294952, 3
44462, 3
637607, 3
555557, 3
304396, 3
289894, 3
270203, 3
497474, 3
575, 3
525548, 3
391159, 3
423173, 3
226034, 3
265651, 3
413778, 3
289304, 3
524317, 3
512760, 3
321836, 1
528002, 3
324632, 3
331732, 3
71615, 3
415967, 3
420635, 3
118894, 3
335746, 3
564295, 3
243636, 3
338251, 3
324543, 3
70726, 3
551937, 3
32592, 3
159986, 3
558497, 3
479484, 2
507521, 2
236446, 3
67416, 3
251478, 3
487901, 3
5860, 3
64657, 3
196615, 3
624942, 3
225580, 3
502903, 3
278229, 3
291963, 3
397886, 3
339474, 3
506424, 3
621472, 3
174139, 3
659390, 3
321159, 2
23105, 3
441608, 3
503900, 3
627171, 3
66064, 3
158478, 3
633261, 3
601533, 3
105440, 3
444502, 3
337233, 3
216837, 3
510181, 3
568189, 3
507181, 3
229250, 3
206187, 3
662645, 3
246634, 3
298616, 3
421307, 3
190907, 3
519980, 3
20956, 3
358946, 3
78386, 3
62044, 3
157251, 3
361011, 3
68554, 3
397908, 3
248730, 3
615240, 3
85071, 3
38944, 3
284677, 3
198105, 3
558488, 3
469535, 3
103923, 3
203484, 3
232015, 3
401704, 3
444706, 3
650938, 3
308098, 3
471695, 3
217274, 3
106886, 3
405305, 3
140594, 3
216324, 3
330651, 3
649751, 3
373500, 3
288494, 3
268957, 3
312592, 3
610403, 2
7962, 3
136001, 3
602213, 3
148133, 3
190615, 3
127962, 2
642715, 3
272621, 3
275930, 3
364408, 3
495523, 3
298986, 3
342400, 3
198309, 3
633446, 3
74509, 3
261333, 3
628674, 3
166906, 3
148543, 3
15442, 3
205738, 3
665393, 3
194200, 3
264166, 3
330290, 3
365873, 3
387474, 3
488469, 3
362649, 3
583505, 3
633891, 3
274116, 3
650523, 3
79400, 3
517885, 3
362154, 3
408342, 3
420243, 3
179834, 3
422941, 3
500808, 3
660002, 3
575900, 3
53943, 3
310393, 3
361589, 2
220447, 3
237789, 3
341545, 3
378510, 3
662541, 1
466578, 3
51714, 3
174283, 3
478385, 3
367781, 3
171844, 3
456271, 3
396269, 1
435276, 3
36564, 3
116867, 3
650186, 3
179015, 3
608365, 3
650690, 3
581869, 2
172356, 3
218975, 3
263825, 3
455827, 3
40306, 3
69045, 3
507375, 3
607867, 3
218720, 3
590631, 3
82940, 3
433258, 3
166084, 3
378783, 3
543757, 3
160329, 3
314253, 3
327385, 3
40598, 3
373481, 3
592008, 3
366608, 3
154927, 3
419543, 3
53252, 3
328026, 3
519028, 3
619993, 3
401505, 3
403606, 3
558214, 3
273652, 3
634741, 3
494006, 3
507538, 3
639737, 3
664820, 3
395511, 2
644856, 3
158804, 3
54669, 3
439574, 3
580468, 3
175787, 3
313437, 3
614692, 3
225096, 3
347458, 3
478090, 3
647468, 3
362282, 3
471981, 3
476565, 3
393697, 3
165870, 3
212673, 3
50380, 3
363630, 3
399529, 3
508220, 3
1265, 3
490312, 3
111276, 3
102098, 3
489837, 3
363159, 3
261119, 3
277271, 3
180582, 3
186165, 3
43414, 3
238861, 2
300494, 3
384574, 3
653775, 3
417650, 3
529009, 3
55316, 3
315329, 3
566582, 3
662811, 3
455960, 3
83298, 3
101117, 3
104889, 3
96258, 3
475143, 1
333291, 3
97147, 3
342919, 3
342634, 3
434926, 3
504285, 2
65321, 3
429370, 3
616898, 3
86055, 3
469877, 3
540492, 3
310406, 3
204756, 3
561427, 2
18643, 3
250023, 3
7424, 3
410099, 3
392881, 3
94826, 3
126411, 3
416816, 3
506026, 3
307610, 3
579311, 3
402644, 3
238959, 3
424356, 3
125602, 3
206229, 3
15685, 3
418456, 3
227657, 3
491010, 3
31243, 3
135155, 1
247315, 3
319667, 3
506055, 3
456645, 3
613183, 3
574964, 3
602956, 3
46205, 3
511385, 3
471839, 3
147999, 3
236750, 3
81424, 3
62, 3
575386, 3
274478, 3
560660, 3
228864, 3
121628, 3
86537, 3
308123, 3
606831, 1
639289, 3
563576, 3
308238, 3
494456, 3
142864, 3
379705, 3
588866, 3
663539, 3
323414, 3
133166, 3
571584, 3
645908, 1
601260, 3
57824, 3
274214, 3
432218, 3
644789, 3
502915, 3
632779, 3
386174, 3
26327, 3
622280, 3
595664, 3
372329, 3
24876, 3
380978, 1
537632, 3
96826, 3
591097, 3
253345, 3
252676, 3
549824, 2
542431, 3
466810, 3
34861, 3
432891, 3
449314, 3
577296, 3
449149, 3
570142, 3
545587, 3
608263, 3
326879, 3
64803, 3
131970, 3
342183, 3
484263, 3
348001, 3
542563, 3
20400, 3
28652, 3
15632, 3
385381, 3
321991, 3
490865, 3
507452, 3
414621, 3
622669, 3
113810, 3
390370, 3
220493, 3
156211, 3
618252, 3
425647, 3
280438, 3
624963, 3
221563, 3
167811, 3
9254, 3
659352, 3
156668, 3
360263, 3
26314, 3
633433, 3
202209, 3
339130, 3
434795, 3
9524, 3
618874, 2
450075, 3
343751, 3
199835, 3
479080, 3
229988, 3
51262, 3
171945, 3
179654, 3
635000, 3
54588, 3
487661, 3
520714, 3
36716, 3
235130, 3
500621, 3
7177, 3
178210, 3
356859, 3
91993, 3
655465, 1
15562, 3
601282, 3
523759, 2
626497, 3
446778, 3
602612, 3
373991, 3
170990, 3
343103, 3
579674, 3
236348, 3
564644, 3
245284, 3
604426, 3
131495, 3
584265, 3
179988, 3
488538, 3
392152, 3
33665, 3
199467, 3
517679, 3
491260, 3
333649, 3
592203, 3
559327, 3
639486, 3
12174, 3
488364, 2
303176, 3
139788, 3
506091, 3
273656, 3
146882, 3
322459, 2
534455, 3
661943, 3
180244, 3
146491, 3
595697, 3
582661, 3
473374, 3
160164, 3
655168, 3
80931, 3
580431, 3
155681, 3
415200, 3
355787, 3
103869, 2
436392, 3
215137, 3
477199, 3
239733, 3
138347, 3
16633, 3
490181, 3
621478, 3
577274, 3
455397, 2
72689, 3
127069, 3
143855, 2
320393, 3
91549, 3
289165, 3
515253, 3
458319, 3
606579, 3
38888, 3
504367, 3
213919, 3
411490, 3
249913, 3
487489, 3
325957, 3
204655, 3
463018, 3
176224, 3
339009, 3
618793, 3
568551, 3
37512, 3
137798, 3
193969, 3
369067, 2
154780, 3
283036, 3
518094, 2
261338, 3
489844, 3
451937, 3
653811, 3
579554, 3
573092, 3
56803, 3
495556, 3
164039, 3
195138, 3
218812, 3
153599, 3
533012, 3
229920, 3
273069, 3
342458, 3
223513, 1
342552, 3
472487, 3
304652, 2
348547, 3
629356, 3
358336, 3
224644, 3
647870, 3
658595, 2
476607, 3
167347, 3
555233, 3
446921, 3
144284, 3
283410, 3
521260, 3
274096, 3
574330, 3
151523, 3
619482, 3
32243, 3
40464, 3
621725, 3
586642, 3
636537, 2
611534, 3
460503, 3
144635, 3
633551, 2
180303, 3
88689, 3
266052, 3
20805, 3
525027, 3
249725, 3
640247, 3
432619, 3
559156, 3
152190, 3
315889, 3
566395, 3
501038, 3
221623, 2
288127, 3
301999, 3
563523, 3
456145, 3
527910, 3
334521, 3
306159, 3
412456, 3
127214, 3
524157, 3
336818, 3
577024, 3
349310, 3
208404, 3
260466, 3
468079, 3
526622, 3
342717, 3
69271, 3
197513, 3
401454, 3
551230, 3
338146, 3
209026, 3
21491, 3
224457, 3
598723, 3
374020, 3
520015, 3
433213, 3
287052, 3
373990, 3
375506, 3
127890, 3
122592, 3
386811, 3
85771, 3
297823, 3
393198, 3
415264, 3
438969, 3
95625, 3
397117, 3
664705, 3
352820, 3
27745, 3
81753, 3
546800, 3
341523, 3
116759, 3
154099, 3
336144, 3
544697, 3
268539, 3
186066, 3
252872, 3
499558, 3
431999, 3
421861, 3
572902, 3
273394, 3
322097, 3
9407, 3
587554, 3
294223, 3
290760, 3
650138, 3
229126, 3
497028, 3
259414, 3
278043, 3
166256, 3
267218, 3
300358, 3
562768, 3
190747, 3
250887, 3
6740, 3
172128, 3
617456, 3
641716, 3
230829, 3
32928, 3
342215, 3
173856, 3
248296, 3
8936, 3
174350, 3
252381, 3
235076, 3
14662, 3
427843, 3
242849, 3
460817, 1
306286, 3
601365, 3
491905, 3
147764, 3
464237, 3
522519, 3
306516, 3
424290, 3
84566, 3
273529, 3
342156, 3
329566, 3
308559, 3
452813, 3
400598, 3
442186, 3
157970, 3
437760, 3
239345, 3
508299, 3
164438, 3
549154, 3
181278, 2
493999, 3
145235, 3
314857, 3
595427, 3
316014, 3
630951, 3
380224, 3
247607, 3
373116, 3
523187, 3
422947, 3
131949, 3
189311, 3
14978, 3
607607, 3
83222, 2
567184, 2
421708, 3
411401, 3
621617, 3
636742, 3
528430, 2
85893, 1
46973, 3
240879, 3
48504, 3
145351, 3
189229, 2
420556, 3
136855, 3
365540, 3
491870, 3
42378, 3
494691, 3
391715, 3
432825, 3
464141, 3
110683, 3
416323, 3
162845, 3
483483, 3
634261, 3
177740, 1
41626, 3
629881, 3
4964, 3
389874, 3
372315, 3
289033, 3
71292, 3
197370, 3
189271, 3
229981, 3
281892, 3
172112, 3
70395, 3
304411, 3
35982, 3
401635, 3
192059, 3
220770, 3
387231, 3
585308, 3
281998, 3
329246, 3
377338, 3
203982, 3
83891, 3
465969, 3
186531, 3
87559, 1
472883, 3
541097, 3
286910, 3
648598, 3
468692, 3
94047, 3
417690, 3
367535, 3
546259, 3
594937, 3
36754, 3
257262, 3
384141, 3
420137, 3
25465, 3
327358, 3
406372, 3
355047, 3
523921, 3
561420, 3
168503, 3
326142, 3
548430, 3
123840, 3
253100, 3
575693, 3
550387, 3
443115, 3
149343, 3
185596, 3
277109, 3
627725, 3
58710, 3
633101, 3
443813, 3
532209, 3
303325, 3
584285, 3
130453, 3
63947, 3
531374, 3
168659, 3
626595, 3
94369, 3
190544, 3
538543, 3
470913, 3
499785, 3
589995, 3
483999, 3
48864, 3
611391, 3
219954, 3
660899, 2
188040, 3
179252, 3
413913, 3
391439, 3
124432, 3
474572, 3
161356, 3
144584, 3
211535, 3
402487, 3
384290, 3
598271, 2
199241, 3
83957, 2
353433, 3
61492, 2
305669, 3
660075, 3
136708, 3
587464, 3
126983, 3
268697, 3
568251, 3
531328, 2
294264, 3
364072, 1
415329, 3
50725, 2
148672, 3
402945, 3
408149, 3
492169, 3
158771, 3
251929, 3
65544, 3
292558, 3
317721, 3
343360, 3
222118, 3
151739, 3
136006, 3
481936, 3
581395, 3
510575, 3
432434, 3
289126, 3
554583, 3
252806, 3
295647, 2
315011, 3
382780, 3
295730, 2
374359, 3
328292, 3
377037, 3
213487, 3
652917, 3
481592, 3
353560, 3
270029, 3
641727, 3
204861, 3
198743, 2
135842, 3
600746, 3
649482, 3
542730, 3
199169, 3
311181, 3
653489, 3
426739, 3
73039, 3
612356, 3
133967, 3
76893, 3
189867, 3
132003, 3
555157, 3
497949, 3
441921, 3
650546, 3
411901, 3
84511, 3
109132, 3
638645, 3
214509, 3
212697, 3
198188, 3
595154, 3
187807, 3
443661, 3
129651, 3
393997, 3
139502, 3
609486, 3
347989, 3
280485, 3
282935, 3
186760, 3
214780, 3
199351, 2
98001, 3
341198, 3
213278, 3
72860, 3
251829, 3
226872, 3
78092, 3
246499, 3
394471, 3
647517, 3
52070, 3
324727, 3
164559, 3
433102, 3
107132, 3
170450, 3
39805, 3
10489, 2
542754, 3
560807, 3
69107, 3
511005, 3
95190, 2
440147, 3
244037, 3
374865, 3
96337, 3
31001, 3
379629, 3
40465, 3
326533, 3
144703, 3
629918, 3
249075, 3
504630, 3
415935, 3
34605, 3
248614, 3
558400, 3
364677, 3
343692, 3
526097, 3
324113, 1
190307, 3
175714, 3
185154, 3
593604, 3
650548, 3
571927, 3
528947, 3
349877, 3
526106, 3
77477, 3
501850, 3
144786, 3
2554, 3
178478, 3
144544, 3
513350, 3
480227, 3
384449, 3
551785, 3
486037, 3
562030, 3
520380, 3
15639, 3
89660, 3
1017, 3
434042, 3
391073, 3
616264, 3
476882, 3
3441, 3
348414, 3
558532, 3
637829, 3
82519, 3
282750, 3
36332, 3
56923, 3
494162, 3
340419, 3
149783, 3
266078, 2
386559, 3
212899, 3
23856, 3
299124, 3
60151, 3
343974, 3
334544, 3
47905, 3
318621, 3
362529, 3
96971, 3
304618, 3
198990, 3
284130, 3
117799, 3
387013, 3
358221, 3
148646, 3
244607, 3
663337, 3
291924, 3
279791, 3
571173, 3
43976, 3
165327, 3
293333, 3
269699, 3
175593, 3
21351, 3
611406, 3
70273, 3
563515, 3
501143, 3
242297, 3
435337, 3
94670, 3
321984, 2
3940, 3
659776, 2
255341, 3
32461, 3
627442, 3
230674, 3
476906, 3
606411, 3
42315, 3
637736, 3
565920, 3
239153, 3
500459, 3
336994, 3
126811, 2
310626, 3
316649, 3
348613, 3
265335, 3
408743, 3
152004, 3
41766, 3
310776, 1
267347, 3
254506, 3
623855, 3
541082, 3
493425, 3
476632, 3
499318, 3
177626, 3
592878, 2
417060, 3
493256, 3
327706, 3
446026, 3
266194, 3
342969, 3
494428, 3
495296, 3
631056, 3
202286, 3
508270, 3
607159, 3
629238, 3
141662, 3
236683, 3
659364, 3
527216, 3
325889, 3
200821, 3
63525, 3
452894, 3
566919, 3
26145, 3
70162, 3
584153, 3
91510, 3
627745, 3
490660, 3
353136, 3
440391, 3
164573, 3
152210, 3
455552, 3
135079, 3
340579, 3
474995, 3
646573, 3
554411, 3
85969, 3
243064, 3
435873, 3
513374, 3
385282, 3
648809, 3
35821, 3
598891, 3
421940, 3
639217, 3
470680, 3
83200, 3
121324, 3
371145, 3
191937, 3
131723, 3
33091, 3
197926, 3
259886, 2
185573, 3
351569, 3
268570, 3
155371, 3
90163, 3
381880, 3
214031, 3
603523, 3
572081, 3
336051, 3
413486, 3
355124, 3
372519, 3
446526, 3
140785, 3
257935, 3
42346, 3
530699, 3
150349, 3
173289, 3
265978, 3
250612, 3
35938, 3
601080, 3
137684, 3
4956, 3
308283, 3
148341, 3
489094, 3
139681, 3
457761, 3
208525, 3
242709, 3
146686, 3
353975, 3
384851, 3
31600, 3
630579, 3
543048, 3
243013, 3
38529, 3
308578, 3
153116, 3
240115, 2
473458, 3
482825, 3
305235, 3
105789, 3
36437, 3
227773, 3
57815, 3
558968, 3
72975, 3
251872, 3
515133, 3
11083, 3
149626, 3
613605, 3
475168, 3
606924, 3
381736, 3
435641, 3
83156, 3
15904, 3
479656, 3
85221, 3
193118, 3
118566, 3
72971, 3
57533, 3
147286, 3
514363, 3
579126, 3
44678, 3
478694, 3
229548, 3
580737, 3
639662, 3
387469, 3
55905, 3
246910, 3
350564, 3
111092, 3
630750, 3
415802, 3
334188, 3
646960, 3
526411, 3
328970, 3
284223, 3
420551, 3
161305, 3
410575, 3
89704, 3
5092, 3
628661, 3
370199, 3
41575, 3
349560, 3
206482, 3
576116, 3
22249, 3
583101, 3
282694, 3
306704, 3
77291, 3
534434, 3
241410, 3
139937, 3
596647, 2
584161, 3
80897, 3
538457, 3
613284, 3
174027, 3
228188, 3
611362, 3
408398, 3
518624, 3
297039, 3
522206, 3
365075, 3
502584, 3
25215, 3
504547, 3
335342, 3
249921, 3
19845, 3
191392, 3
551407, 3
294780, 3
157833, 3
45336, 3
483938, 3
614022, 3
186937, 3
432109, 3
465334, 3
437224, 3
138269, 3
93060, 2
526967, 3
85806, 3
486987, 3
60182, 3
546218, 3
418394, 3
181608, 2
486831, 3
621836, 3
347672, 3
568752, 3
312820, 3
72776, 3
270166, 3
468620, 3
493376, 3
3342, 3
440101, 3
91028, 3
220124, 3
283186, 3
110974, 3
273175, 3
514430, 3
12982, 3
507434, 3
10995, 3
314547, 3
71690, 3
78139, 3
131785, 3
147806, 3
120189, 3
481385, 3
87198, 3
545155, 3
8682, 3
135353, 3
641713, 3
7606, 3
487753, 3
69167, 3
184281, 2
394037, 3
615073, 3
449420, 3
223032, 3
580577, 3
21461, 3
539248, 3
621170, 3
201532, 3
377642, 3
193427, 3
262710, 3
404532, 3
336569, 3
325657, 3
458475, 3
398209, 3
376275, 3
401978, 3
491195, 3
314286, 3
85515, 3
637408, 3
645821, 3
201723, 3
456080, 3
647821, 3
412605, 3
487906, 3
417679, 3
331149, 3
660418, 3
516120, 3
500258, 3
623753, 3
189244, 3
600977, 3
103069, 3
579610, 3
322956, 3
321584, 1
310964, 3
249470, 3
602785, 2
435323, 3
619685, 3
71417, 3
262267, 3
518681, 3
267631, 3
395968, 3
182836, 3
521188, 3
257459, 3
303730, 3
132803, 3
483713, 3
503506, 3
49903, 3
208509, 3
281272, 3
147545, 2
658274, 3
614311, 3
107090, 3
556298, 3
335048, 3
509982, 2
171048, 3
138522, 3
339050, 3
653446, 3
43049, 3
335656, 3
383544, 3
16527, 3
47638, 3
32490, 3
35220, 3
106139, 3
220828, 3
538637, 3
256694, 3
271826, 3
643459, 3
10488, 3
394644, 3
587308, 3
296884, 3
534658, 3
100309, 3
421141, 3
518052, 3
541510, 3
576945, 3
322428, 3
232550, 3
541990, 3
143678, 3
252160, 3
649313, 3
606495, 3
111503, 3
70133, 3
620793, 2
295751, 3
441982, 3
573727, 3
479732, 3
24202, 3
631226, 3
562438, 3
653496, 3
184109, 3
600417, 3
253509, 3
187814, 3
229477, 3
229919, 3
265570, 3
150100, 3
417785, 3
62359, 3
526, 3
600066, 3
642840, 3
293697, 3
401215, 3
178094, 3
82397, 2
176817, 3
183618, 3
7849, 3
362224, 3
443948, 3
551249, 3
204379, 3
132563, 3
399734, 3
165437, 3
350603, 3
75968, 3
593291, 3
46849, 3
212893, 3
647532, 3
653827, 3
495856, 2
356169, 3
652414, 3
522685, 1
277866, 3
204845, 3
471434, 3
68647, 3
442208, 3
93423, 3
125566, 3
121681, 3
185010, 3
153613, 3
364172, 3
636215, 3
171039, 3
239280, 3
603372, 3
171327, 3
233326, 3
271618, 3
596548, 3
545985, 3
68827, 3
281666, 3
432485, 3
515345, 3
272525, 3
32938, 3
434229, 3
142606, 3
478171, 3
199220, 3
64743, 3
28099, 3
226569, 3
538711, 3
296701, 3
3974, 3
601759, 3
170921, 3
54901, 3
487435, 3
134421, 3
321181, 3
451823, 3
20075, 3
329254, 3
583251, 3
221604, 3
401238, 3
553883, 3
513620, 3
235809, 3
396389, 3
356058, 3
61680, 3
592798, 3
208747, 3
188738, 3
362561, 3
655154, 3
489208, 3
327497, 3
224567, 3
197148, 3
155473, 3
640978, 3
320947, 2
338745, 3
400848, 3
237634, 3
127306, 3
637676, 3
510017, 3
39078, 3
300019, 3
223853, 3
133585, 3
289411, 3
236196, 3
45946, 3
440716, 3
586625, 3
570091, 3
354494, 3
156445, 3
257484, 3
225623, 3
619228, 3
306051, 2
611127, 2
61049, 3
560405, 3
499655, 3
161486, 3
33920, 3
615238, 2
251142, 2
151662, 3
420859, 3
35448, 3
221495, 3
168375, 2
46695, 3
187745, 3
85431, 3
622742, 3
115922, 3
39478, 3
99266, 3
622455, 3
41799, 2
9815, 3
490137, 3
586537, 3
622961, 3
110981, 3
218051, 3
572725, 3
199857, 2
377927, 3
201184, 3
93521, 3
629853, 3
398910, 3
502776, 3
477547, 3
16995, 3
534566, 3
380471, 3
468797, 3
437555, 3
475028, 3
336172, 3
201358, 3
48811, 3
365768, 3
165612, 3
86515, 3
171908, 3
145614, 3
267469, 3
539095, 3
495424, 3
87940, 3
457618, 2
491654, 3
316098, 3
145885, 3
486930, 3
65742, 3
290961, 3
519130, 3
585224, 2
244899, 3
516669, 3
324781, 3
264498, 3
303142, 3
360604, 3
415837, 3
50112, 3
333360, 1
26075, 3
497290, 3
212251, 3
196725, 3
278009, 3
422090, 3
44389, 3
435328, 3
556057, 3
282826, 3
350643, 3
43246, 3
300179, 3
82671, 3
473691, 3
510548, 3
281989, 3
654846, 2
300715, 3
476589, 3
411985, 3
277340, 3
553345, 3
124777, 3
611753, 3
648011, 3
533383, 3
489899, 3
366692, 3
120949, 3
19569, 3
173511, 3
278489, 3
629388, 3
367605, 3
228100, 3
130419, 3
65477, 3
49851, 3
46747, 3
143509, 3
434604, 3
457208, 3
306561, 3
38714, 3
568026, 3
335460, 2
347553, 3
465585, 2
651798, 3
435186, 3
579264, 3
317205, 3
324387, 3
109256, 3
444506, 3
612750, 2
524641, 3
475488, 3
436270, 3
75161, 3
507324, 3
286320, 3
571392, 3
275652, 3
528522, 3
150087, 3
68177, 3
360860, 3
597509, 1
641046, 3
4088, 3
533426, 3
22429, 3
482046, 3
513523, 3
568543, 3
335810, 3
623364, 3
532194, 2
15319, 3
5144, 3
664618, 3
85976, 3
55834, 3
265752, 3
618369, 3
440670, 3
454509, 3
435205, 3
244206, 3
312351, 3
357581, 2
480453, 3
125895, 3
559172, 2
111088, 3
314165, 3
230095, 3
287663, 3
106581, 3
144272, 3
537570, 3
424093, 3
608085, 3
578803, 3
514779, 3
430994, 3
658648, 3
72700, 3
234004, 3
80169, 3
392981, 3
324027, 3
3036, 3
550920, 3
301176, 2
160309, 3
516829, 3
126857, 3
272205, 2
192346, 3
597234, 3
489485, 1
201858, 3
451305, 3
660106, 3
323922, 3
305625, 2
551575, 3
332477, 3
548149, 3
527307, 3
358081, 3
469717, 3
161812, 3
494949, 3
275723, 3
588630, 3
66315, 3
137328, 3
140018, 1
316197, 3
197404, 3
234431, 3
134059, 3
363006, 3
601937, 3
179498, 3
221147, 3
167876, 3
375523, 3
513410, 3
74324, 3
106073, 3
115915, 3
189517, 3
33462, 3
111956, 3
625488, 3
506342, 3
264718, 3
2773, 3
91017, 3
336408, 3
379861, 3
607557, 3
509663, 3
365916, 3
508949, 3
439755, 3
339391, 3
45646, 3
150125, 3
389541, 3
142629, 3
604564, 3
69693, 3
558418, 3
570756, 2
16785, 3
512302, 3
444029, 3
647742, 3
131407, 3
94438, 3
59643, 3
278205, 3
192648, 3
539591, 3
95353, 3
8511, 3
606729, 3
327599, 3
474529, 3
573360, 3
128701, 3
167160, 3
571740, 3
375266, 3
352504, 3
488250, 3
123979, 3
292239, 2
642603, 3
383494, 3
407354, 3
168120, 3
349648, 3
282593, 3
207412, 3
42500, 3
487735, 3
512086, 3
410384, 3
30248, 3
12139, 3
590215, 3
139564, 3
587042, 3
14556, 3
81615, 3
458019, 3
140373, 3
242959, 3
342157, 3
238035, 3
353485, 3
319196, 3
280747, 3
531005, 3
643987, 3
118136, 3
549422, 3
216546, 3
346088, 3
452726, 3
170596, 3
380422, 3
399888, 3
645484, 3
357178, 3
240267, 3
630275, 3
537872, 3
268764, 3
410957, 3
523544, 3
54384, 3
496946, 3
248928, 3
422803, 3
319440, 3
345875, 3
217100, 3
2967, 3
243705, 3
109274, 3
152247, 3
484619, 2
340609, 3
580822, 3
261629, 3
229641, 3
108191, 3
531183, 3
245858, 3
195090, 1
132252, 3
335880, 3
209067, 3
469624, 3
113948, 3
338594, 3
460219, 3
137299, 3
140852, 2
16198, 3
92717, 3
581570, 3
182880, 3
257165, 3
141782, 3
646602, 3
467499, 3
397680, 3
481393, 3
216783, 3
379685, 3
518358, 3
173443, 3
406569, 3
515602, 3
484002, 3
272982, 3
296651, 3
379066, 3
487786, 3
391200, 3
467602, 3
6036, 3
590583, 3
477877, 1
236152, 3
118961, 3
138728, 3
282603, 3
479070, 3
425195, 3
435652, 3
524221, 3
460471, 3
367036, 3
280034, 3
488613, 3
564643, 3
635640, 3
285603, 3
161175, 3
609710, 3
397187, 3
483770, 3
327311, 3
72193, 3
17667, 3
16589, 3
67198, 3
585031, 3
59626, 2
89760, 3
633044, 3
67074, 3
422474, 3
290560, 3
623405, 3
80934, 3
605304, 3
459499, 3
119291, 3
40233, 3
136250, 3
440145, 3
656063, 2
88933, 3
433753, 3
229749, 3
618162, 3
82444, 3
587024, 3
608766, 3
640106, 3
246381, 3
426408, 3
101588, 2
554658, 3
347496, 3
124627, 3
244124, 3
594402, 3
528769, 3
448354, 3
130711, 3
321290, 3
73814, 3
501024, 3
314507, 3
204737, 3
251136, 3
428214, 3
602149, 3
102701, 3
384108, 2
231006, 3
191217, 3
447306, 2
225598, 3
45429, 3
200841, 3
193324, 3
126485, 3
283123, 3
637879, 3
191569, 3
467971, 3
657418, 3
344130, 3
482612, 3
101876, 3
500798, 2
441616, 3
619833, 3
511541, 3
396033, 3
480502, 3
128317, 3
105920, 3
382849, 3
106545, 3
553069, 3
307294, 3
302447, 3
585100, 3
154424, 3
581603, 3
170909, 3
802, 3
637697, 3
49882, 2
9390, 3
536905, 3
50631, 3
117890, 3
192571, 3
432253, 3
192513, 2
250604, 3
395449, 3
544920, 3
391391, 3
368373, 3
614426, 2
116071, 3
602684, 3
308648, 3
252243, 3
392832, 3
223562, 3
227585, 3
193813, 3
592612, 3
295406, 3
47006, 3
621909, 3
206871, 3
113073, 3
663020, 3
196856, 3
283172, 3
81852, 3
190561, 3
129120, 3
652849, 2
300216, 3
565901, 3
31624, 3
414684, 3
190575, 3
407089, 3
207921, 3
142997, 2
383212, 3
552946, 3
118783, 3
386862, 2
510606, 3
81395, 3
77562, 3
334870, 3
74872, 3
334619, 3
600448, 2
543322, 3
145020, 3
322495, 3
634114, 3
301595, 3
305606, 3
128857, 3
423142, 3
139146, 3
92428, 3
266116, 3
586486, 3
37247, 3
351178, 3
48261, 1
308560, 3
425559, 3
651385, 2
315465, 3
103262, 3
435777, 3
484032, 3
448742, 3
88890, 3
305321, 3
246733, 3
573017, 3
453995, 3
374754, 3
371083, 3
330909, 3
616809, 3
305200, 3
281782, 3
123861, 3
510171, 3
213641, 3
167762, 3
190938, 3
273933, 3
634496, 3
136752, 3
521804, 3
390890, 3
93628, 3
327038, 3
549269, 3
423935, 3
298134, 3
604335, 3
17802, 3
68742, 3
268809, 3
148813, 3
394107, 3
82406, 2
411758, 3
450050, 3
213504, 3
448516, 3
360895, 3
512325, 3
553210, 3
153637, 3
590181, 3
259100, 3
409102, 3
317840, 3
181266, 3
552329, 3
254382, 3
559383, 3
251188, 3
415053, 3
550588, 3
23661, 3
212995, 3
547110, 3
648118, 3
383431, 3
354211, 3
150173, 3
49204, 3
359365, 3
646242, 3
406706, 3
581409, 3
526521, 3
245747, 3
444059, 3
5624, 3
632806, 2
295277, 3
379819, 3
266153, 3
330704, 3
290908, 3
196474, 3
20945, 3
393845, 3
485216, 3
493041, 3
595070, 3
119749, 3
361966, 3
18231, 3
410693, 3
663183, 3
592381, 3
530437, 3
140820, 3
657501, 3
94178, 3
536725, 3
244411, 3
82798, 3
591391, 3
585330, 3
75060, 3
451521, 3
468519, 3
451752, 2
521659, 3
267941, 3
486122, 3
250698, 1
369931, 3
330908, 3
91331, 3
55420, 3
633780, 3
590158, 3
71164, 3
439060, 3
566734, 3
544624, 3
113923, 3
630900, 3
200460, 3
656389, 3
320667, 3
262444, 3
18722, 3
43174, 3
105151, 3
330769, 3
4479, 3
432866, 3
243162, 3
300939, 3
519128, 3
34372, 3
133137, 3
382014, 3
578615, 3
661124, 3
131910, 3
506570, 3
526795, 2
384105, 3
548313, 3
446887, 3
230779, 3
110802, 3
113695, 3
120746, 3
547314, 3
445634, 3
223967, 3
649222, 3
135198, 3
561972, 3
347346, 3
512520, 3
143196, 3
623599, 3
4301, 3
633797, 3
405650, 3
481597, 3
45849, 3
485800, 3
72314, 3
200814, 3
570458, 2
527798, 3
367368, 3
466180, 3
411645, 3
258996, 3
359137, 3
67822, 3
627336, 3
156629, 3
17278, 3
453461, 3
548218, 3
496896, 3
268332, 3
109576, 3
459688, 3
212647, 3
470922, 3
56278, 3
32891, 3
523688, 3
200470, 3
24359, 3
501960, 3
411402, 3
597271, 3
275257, 3
581668, 3
202141, 3
572465, 3
262089, 2
363310, 3
631067, 3
576399, 3
349691, 3
111936, 3
43784, 2
30060, 3
579499, 3
548311, 3
307733, 3
536856, 3
466, 3
460530, 2
107976, 3
353748, 3
279102, 3
111926, 3
374769, 3
54922, 3
88854, 3
329525, 3
631194, 3
573950, 3
198411, 3
559283, 2
257873, 3
433571, 2
174292, 3
473642, 3
470254, 3
356912, 3
3127, 3
465848, 3
163303, 3
488481, 3
301952, 3
429747, 3
244979, 3
389609, 3
632436, 3
57096, 3
275231, 3
163103, 3
201794, 3
604518, 3
463139, 3
221548, 3
101220, 3
112006, 2
631631, 3
327538, 3
142546, 3
511963, 3
592390, 3
434297, 3
449138, 3
7195, 3
575815, 3
186816, 3
489377, 3
216492, 3
467148, 3
380630, 3
149742, 3
87494, 3
479341, 3
434608, 3
459201, 3
532574, 3
373906, 3
371991, 3
16715, 3
92475, 3
497526, 3
172059, 3
381928, 3
332684, 3
314104, 3
73702, 3
93004, 3
194582, 3
663694, 3
641267, 3
618901, 3
584952, 3
629920, 3
146912, 3
308428, 3
113520, 3
232216, 3
358874, 3
98541, 3
134187, 3
486907, 3
105124, 3
556541, 3
86620, 3
573099, 3
572896, 3
555427, 3
168474, 3
82553, 3
512665, 3
331006, 3
429518, 2
210603, 3
92817, 3
588279, 3
26352, 3
516769, 3
224742, 3
155807, 3
227874, 3
35684, 3
385834, 3
314868, 3
237577, 3
131593, 3
347715, 3
438594, 3
568440, 3
461068, 3
80281, 3
81829, 3
436922, 2
61737, 3
510306, 3
406184, 3
343108, 3
499385, 3
122525, 2
432570, 3
120514, 3
531796, 1
572759, 3
294219, 3
174906, 3
44943, 3
633534, 3
31446, 3
412752, 3
128002, 2
12584, 3
194674, 3
661529, 3
259855, 3
16987, 3
249992, 3
113, 3
365353, 3
363485, 3
528284, 3
310923, 3
439000, 1
620612, 3
594053, 3
529702, 3
233453, 3
305320, 3
472058, 3
147129, 3
366690, 3
520094, 3
620146, 3
596820, 3
609236, 3
293268, 3
302835, 3
557306, 3
553532, 3
108509, 3
229841, 3
394614, 2
616290, 3
425893, 3
403655, 3
130482, 3
240797, 3
572415, 3
316013, 3
197815, 3
334575, 3
652586, 3
263270, 3
245728, 3
121976, 3
507262, 3
488995, 3
210522, 3
240260, 3
230733, 3
517761, 3
523087, 3
588114, 3
179342, 2
291646, 3
239042, 3
306071, 1
478902, 3
389188, 3
15779, 3
1815, 3
356195, 3
231555, 3
475375, 1
465764, 3
583656, 3
155946, 3
385650, 3
658675, 3
458169, 3
360572, 3
425924, 3
445775, 3
221181, 3
572350, 3
26757, 3
275651, 3
4591, 3
357874, 3
589331, 3
13491, 3
614732, 3
271788, 3
61560, 3
429760, 3
115692, 3
326507, 3
411031, 3
588946, 3
204322, 3
398811, 3
65382, 2
399538, 3
559264, 3
278787, 3
155493, 3
196977, 3
446491, 3
251648, 3
249849, 3
96611, 3
187859, 3
65930, 3
353355, 3
250915, 3
570385, 3
207470, 3
464461, 3
37949, 2
402896, 3
220559, 3
322606, 3
478322, 3
488875, 3
610191, 3
393177, 1
168629, 3
569891, 3
480063, 3
142159, 3
266630, 3
222148, 3
449943, 3
437248, 3
515743, 3
642392, 3
348421, 3
50863, 3
270740, 3
633622, 3
229699, 3
175948, 3
368687, 3
168817, 3
545685, 3
482636, 3
326494, 3
142638, 3
236363, 3
571963, 3
4096, 3
588672, 3
603557, 3
166877, 3
600945, 1
458419, 3
10855, 3
251524, 3
639396, 3
41105, 3
101515, 3
650873, 3
247310, 3
326325, 3
645885, 3
129414, 3
61189, 3
236260, 3
158963, 3
586102, 3
615922, 3
108984, 3
319519, 3
459273, 3
333882, 2
12632, 3
379446, 3
363564, 3
410788, 3
238980, 3
190343, 3
124391, 3
477997, 3
84437, 3
397655, 3
633315, 3
461292, 3
282962, 3
30352, 3
500078, 3
596741, 1
329672, 3
420216, 3
100186, 3
524249, 3
66568, 3
122931, 3
251209, 3
197764, 3
86712, 3
358324, 3
15372, 3
133775, 3
506377, 3
318900, 3
279814, 3
52337, 3
308694, 3
518526, 2
379100, 3
181109, 3
37617, 3
585585, 3
562636, 3
506952, 3
115752, 3
49044, 3
153699, 3
77997, 3
34327, 3
518486, 3
321195, 3
345350, 3
465454, 3
165194, 3
566060, 3
70148, 3
360759, 3
98816, 3
496377, 3
431363, 3
347462, 3
633812, 3
44338, 3
631477, 3
147224, 3
37056, 3
664769, 3
447000, 3
395710, 1
78635, 3
152359, 3
456665, 3
636761, 3
355276, 3
523239, 3
622047, 3
492791, 3
977, 3
388000, 1
585441, 3
399302, 3
453500, 3
560432, 3
123014, 2
405359, 3
223015, 3
333215, 3
601414, 3
629337, 3
381735, 3
74772, 3
305910, 3
214391, 3
38674, 3
78894, 3
15449, 3
646257, 3
222197, 3
625945, 3
507502, 3
7199, 3
322597, 3
55399, 3
366862, 3
306504, 2
306141, 3
335280, 3
336853, 3
241780, 3
463198, 3
536058, 3
438537, 2
424433, 3
225961, 3
307607, 3
467920, 3
79073, 2
483392, 3
451843, 3
169549, 3
214928, 3
201905, 3
124263, 3
308862, 3
145647, 3
310216, 3
63837, 3
449987, 3
155895, 3
378535, 3
282590, 3
267843, 3
537378, 3
89517, 3
342013, 3
397759, 3
596549, 3
308276, 3
488616, 3
460834, 3
569166, 3
87536, 3
567053, 3
597207, 3
144551, 3
289944, 3
424580, 3
403414, 3
113404, 3
476328, 3
429078, 3
218441, 3
495354, 3
463583, 3
220337, 3
208278, 3
488829, 2
302796, 3
149160, 3
219456, 3
38684, 3
356448, 3
229669, 3
468801, 3
558278, 3
251874, 3
182463, 3
384087, 3
280597, 3
222610, 2
31682, 3
521175, 3
175494, 3
160982, 3
119178, 3
611152, 3
96989, 3
497127, 3
115173, 3
310283, 3
227160, 3
17119, 3
436505, 3
601783, 3
168263, 3
269317, 3
509563, 3
175496, 3
303782, 3
432161, 3
603076, 3
392918, 3
286126, 3
610491, 3
339840, 3
220410, 3
606213, 3
283169, 3
487365, 3
11826, 3
506213, 2
575232, 3
439509, 3
417710, 3
135956, 3
603785, 3
542580, 3
256990, 3
647702, 3
467365, 3
579411, 3
250910, 3
251624, 3
529365, 2
71336, 3
182647, 3
345807, 2
128068, 3
412705, 3
310254, 3
457976, 3
140408, 2
395882, 2
289566, 3
343612, 3
3799, 3
426206, 3
446494, 3
494265, 3
249153, 3
325033, 3
467034, 3
41173, 3
531983, 3
286486, 3
467972, 3
376810, 3
266639, 3
128999, 3
600496, 3
248407, 3
648125, 3
293149, 3
576162, 3
595833, 3
77939, 3
225869, 3
322755, 3
233652, 3
265222, 1
309207, 3
154699, 3
194504, 3
367279, 3
407986, 3
380550, 3
46614, 3
613795, 3
120060, 3
439614, 3
85376, 3
113037, 3
378445, 3
662465, 3
143275, 3
131304, 3
396436, 3
168505, 3
313833, 3
599768, 3
349293, 3
473651, 3
352707, 3
540333, 3
474537, 3
195699, 3
512355, 3
635504, 3
325627, 3
549361, 3
315502, 3
256493, 3
245914, 3
225157, 3
429955, 3
143436, 3
47959, 3
187564, 3
421259, 3
236963, 3
468635, 3
359275, 3
31351, 3
381774, 3
166253, 3
201633, 3
166702, 3
26306, 3
497480, 3
235099, 3
225447, 3
389069, 3
600990, 3
126551, 3
240290, 3
352004, 3
521703, 3
358370, 3
16199, 3
345769, 3
366713, 3
607145, 3
156968, 3
597849, 3
517368, 3
287877, 3
200616, 3
261108, 3
592860, 3
86382, 3
483337, 3
378678, 3
632752, 3
472324, 3
131063, 3
300710, 3
264620, 3
648824, 3
23630, 3
290348, 1
336001, 3
135967, 3
143007, 3
379290, 3
498977, 3
420717, 3
106396, 3
127150, 3
27773, 3
426266, 3
33965, 3
262987, 3
249379, 3
454850, 3
473767, 3
446435, 3
182716, 3
311977, 2
630353, 3
426128, 3
69873, 3
614341, 3
405659, 3
436800, 3
317281, 3
388025, 3
623916, 3
648273, 3
574947, 2
570916, 3
400946, 3
564939, 3
347875, 3
647989, 3
195737, 3
397440, 3
46691, 3
544723, 3
210690, 3
20650, 3
472805, 3
269991, 3
203023, 3
629743, 3
140630, 3
272406, 3
405265, 3
578473, 3
313714, 3
486440, 2
606795, 3
653322, 3
561648, 3
56119, 3
62301, 3
49639, 3
370922, 3
515880, 3
555800, 3
328254, 3
217048, 3
194928, 3
508466, 3
369189, 3
567150, 3
351176, 3
569502, 3
308476, 3
363825, 3
388760, 3
631251, 2
654336, 3
558504, 3
580901, 3
206438, 3
543524, 3
294267, 3
458551, 3
488022, 3
462417, 3
214840, 3
651145, 3
363503, 3
17223, 3
604241, 3
469995, 3
518813, 3
596254, 3
102565, 2
577416, 3
143858, 2
137761, 3
118751, 3
470125, 3
151743, 3
383647, 3
207678, 3
143783, 3
574027, 3
56247, 3
139325, 3
207525, 3
389376, 3
212613, 3
277179, 3
266316, 3
480268, 3
389076, 3
112530, 3
306321, 3
475486, 3
166065, 3
310017, 3
465223, 3
47287, 3
153025, 3
525042, 3
648808, 3
381885, 3
228595, 3
350584, 3
150484, 3
419684, 3
524662, 3
370378, 3
543825, 3
489671, 3
586144, 2
647832, 3
444532, 3
287419, 3
203163, 3
356889, 3
377322, 3
170084, 3
47314, 3
445283, 3
284915, 3
48317, 3
353110, 3
172301, 3
419055, 3
660906, 3
391181, 3
376017, 3
534823, 3
346909, 3
151082, 3
328356, 3
476910, 3
340296, 3
138468, 3
399964, 3
245745, 3
613516, 3
288053, 3
559450, 3
304387, 3
248384, 3
158140, 3
408079, 3
183101, 3
274438, 3
540478, 3
28882, 3
96086, 3
120568, 3
36345, 3
120244, 3
181103, 3
574264, 3
433468, 3
212046, 3
127677, 3
235221, 1
654999, 3
373634, 3
236051, 3
79074, 3
634233, 3
74591, 3
62006, 3
236103, 3
74942, 3
454404, 3
492602, 3
60613, 3
202199, 3
339163, 2
455015, 2
551406, 3
341633, 3
521186, 3
183838, 3
551270, 3
626327, 3
248189, 3
437397, 3
614713, 3
331440, 3
123966, 3
509465, 2
502590, 3
36143, 3
603052, 3
407113, 3
187466, 2
371428, 3
89667, 3
132716, 3
216802, 3
564673, 3
530229, 3
439306, 3
374358, 3
245715, 3
390173, 3
30861, 3
333270, 3
417775, 3
654602, 3
258175, 3
102631, 3
123575, 3
163783, 3
191524, 3
263112, 3
547613, 3
173034, 3
41983, 3
97363, 3
640837, 3
640381, 3
128487, 3
132468, 3
86998, 3
537528, 3
665322, 3
14207, 3
371463, 3
232307, 3
660071, 3
549323, 3
497978, 3
634799, 3
291028, 3
188300, 3
312358, 3
554337, 3
520913, 3
353189, 3
31943, 3
209470, 3
587950, 3
472097, 3
570290, 3
321722, 3
377227, 3
318432, 3
502773, 3
413991, 3
162395, 3
252953, 3
413754, 3
420538, 3
469729, 3
25140, 3
558835, 3
492152, 3
465711, 3
649632, 3
278472, 3
401548, 3
81824, 3
542822, 3
371186, 3
167311, 3
584277, 3
330469, 3
519174, 2
83975, 3
656742, 3
615530, 3
166407, 3
320870, 2
91197, 3
491447, 3
266597, 3
509886, 3
403356, 3
546714, 3
45753, 3
550829, 3
382111, 3
187326, 3
559490, 3
645510, 3
578453, 3
367194, 3
203384, 3
476372, 3
462520, 3
346259, 3
416954, 3
148024, 3
304666, 2
790, 3
654514, 3
367802, 3
258817, 3
142695, 3
9072, 3
393041, 3
659730, 3
477227, 3
140533, 3
319596, 3
296532, 3
566864, 2
457223, 3
562319, 3
379533, 3
541359, 3
578540, 3
289131, 3
432796, 3
155540, 3
144416, 3
78919, 3
640536, 3
136965, 3
10847, 3
487736, 3
229537, 3
159457, 3
469452, 3
605630, 3
217664, 3
334604, 3
138302, 3
37410, 3
380047, 3
46815, 3
69748, 3
478441, 2
219905, 3
71636, 3
434309, 3
291696, 3
3476, 3
489193, 2
544051, 3
486406, 3
313633, 3
251558, 3
657871, 3
385741, 3
331347, 3
636859, 3
625072, 3
131893, 3
620735, 3
563712, 3
319408, 3
423665, 3
129184, 3
165014, 3
360068, 3
500371, 3
627893, 3
165504, 3
405297, 3
606734, 3
528466, 3
515458, 3
155580, 3
133436, 3
649263, 3
409952, 3
44830, 3
459648, 3
3427, 3
108349, 3
61023, 3
500157, 3
393814, 3
294846, 3
292941, 3
67433, 3
400211, 3
280651, 3
128496, 3
377358, 2
152312, 3
423539, 3
423244, 3
12574, 3
465935, 3
651027, 3
197991, 3
33776, 3
136831, 3
177381, 3
511035, 3
327381, 1
332087, 3
244153, 1
485214, 3
625166, 3
186092, 3
542373, 3
412986, 3
81001, 3
125790, 1
605480, 3
549527, 3
556333, 3
293825, 3
63730, 3
245937, 3
584222, 3
200240, 3
92068, 3
643858, 3
371766, 3
385304, 3
663016, 3
218527, 3
474124, 3
134562, 3
38934, 3
173750, 3
111819, 3
372958, 3
332713, 3
237746, 3
106600, 3
635397, 3
399793, 3
163120, 3
120143, 3
292646, 3
590320, 3
88466, 3
571687, 3
73979, 3
502582, 3
374056, 3
195625, 3
361084, 3
481720, 3
41718, 3
582837, 1
232185, 3
390342, 3
289603, 3
132125, 3
148399, 3
383394, 3
465829, 3
261145, 3
452454, 3
421076, 3
655343, 3
12621, 3
642065, 3
612771, 3
99867, 3
73964, 3
635741, 3
66282, 3
662472, 1
514505, 3
391186, 3
549161, 3
64742, 3
496420, 3
309438, 3
645550, 3
605100, 3
13106, 3
177791, 3
630544, 3
454128, 3
229866, 3
390197, 3
648723, 3
526945, 3
410032, 3
227043, 3
152922, 3
63558, 3
51887, 3
291847, 3
60834, 3
169600, 3
62130, 3
483310, 3
588188, 3
494462, 2
458877, 3
179898, 3
331043, 3
252556, 3
15286, 3
185529, 3
253325, 3
586782, 1
205111, 3
62166, 3
326041, 3
587770, 3
6423, 3
637944, 3
179804, 3
160035, 3
494724, 3
602532, 3
631538, 3
525336, 3
84040, 3
373360, 3
389883, 3
198088, 3
217563, 3
522932, 3
99607, 3
658613, 3
63259, 3
70492, 3
619, 3
54424, 3
409054, 3
269266, 3
485681, 3
399799, 3
269992, 3
50792, 3
502711, 3
231852, 3
447864, 3
37785, 3
211258, 3
479677, 3
221205, 1
423325, 3
193134, 3
1096, 3
608331, 3
126339, 3
15296, 3
430872, 3
220210, 3
221312, 3
165704, 3
103929, 3
161518, 3
47345, 3
227820, 3
133324, 3
287272, 3
196239, 3
491900, 3
392321, 3
295925, 3
505507, 3
440798, 3
108060, 3
103315, 1
192808, 3
62848, 3
638663, 3
260664, 1
1569, 3
262098, 3
663262, 3
282422, 3
355188, 3
112685, 3
224079, 3
439217, 3
357128, 3
187777, 3
535806, 3
472642, 3
14966, 3
430266, 3
330580, 3
23867, 3
308019, 3
165662, 3
109295, 3
628271, 3
193685, 3
507874, 3
81369, 3
352843, 3
585397, 3
647351, 3
326787, 3
531558, 3
115640, 3
462919, 1
85538, 3
332365, 3
605367, 3
113099, 3
202091, 3
579068, 3
216929, 3
363062, 3
429083, 3
362326, 3
517585, 3
534162, 3
646083, 3
429259, 3
640395, 3
575752, 3
7717, 3
153985, 3
9220, 3
53381, 3
214109, 3
443902, 3
650955, 3
272517, 3
365153, 3
202860, 3
144963, 3
235303, 3
164717, 3
86041, 3
199574, 2
46368, 3
464957, 3
47174, 3
208103, 3
287114, 3
429727, 3
879, 3
105081, 3
557320, 3
512446, 3
266769, 3
128832, 3
316072, 3
388673, 3
191655, 1
654225, 3
281813, 3
102642, 3
29007, 3
651147, 3
39020, 3
627272, 3
393778, 3
105881, 3
71012, 3
586488, 3
206108, 3
531401, 3
34712, 3
22011, 3
447947, 3
556676, 3
460105, 3
248451, 3
378243, 3
225733, 1
563060, 3
55786, 3
367838, 3
12560, 3
623193, 3
292227, 3
396771, 3
550919, 3
485649, 3
498734, 3
15394, 3
211334, 3
51357, 3
540390, 3
349067, 3
370614, 3
145895, 3
477992, 3
217216, 2
568519, 3
44690, 2
245232, 3
512092, 3
250806, 3
656657, 3
614910, 3
150994, 3
575870, 3
431251, 3
508924, 3
591015, 3
40292, 3
370675, 3
434762, 3
468931, 3
115183, 3
572116, 3
550610, 3
534684, 3
150367, 3
653025, 3
468138, 3
54418, 3
580925, 3
136799, 3
219343, 3
294046, 3
95099, 3
284981, 3
632622, 3
188529, 3
388496, 3
356640, 3
437023, 3
113375, 3
356962, 3
217479, 2
344570, 3
155608, 3
174077, 3
357006, 3
64632, 3
141278, 3
58476, 3
363869, 3
161397, 3
605231, 3
13000, 3
656322, 3
267019, 2
61771, 3
32746, 3
561200, 3
289008, 3
212970, 3
93029, 3
445245, 3
353841, 2
66120, 3
520214, 3
288089, 3
31753, 3
518618, 3
90979, 3
455582, 3
604572, 3
137600, 3
599906, 3
585400, 3
59443, 3
326954, 3
230339, 3
330063, 3
555880, 3
1710, 3
97829, 3
311189, 2
485934, 3
205972, 3
357702, 1
121558, 3
558606, 3
121127, 3
69102, 3
239987, 3
92303, 3
512422, 3
447328, 3
466574, 3
657774, 2
475177, 3
34606, 3
347700, 3
85484, 3
368567, 3
566217, 3
78349, 3
430333, 3
5107, 3
343416, 3
460759, 3
170575, 3
378462, 2
85170, 3
306347, 3
659017, 3
249701, 3
662059, 3
427567, 3
56877, 3
563367, 2
449878, 3
529504, 3
136963, 3
19525, 3
401800, 3
537739, 3
98004, 3
616860, 3
227500, 3
143639, 3
87756, 3
372143, 3
528362, 3
172016, 3
200261, 3
359668, 3
502258, 3
526200, 3
153504, 3
585652, 3
653981, 3
493756, 3
407535, 3
79347, 3
162185, 3
519237, 3
549573, 3
241332, 3
648915, 3
284027, 3
34786, 3
218972, 3
376055, 3
436415, 3
358226, 3
234455, 3
238522, 3
505809, 3
613992, 3
124853, 3
176669, 3
386104, 3
445954, 3
584167, 3
607639, 3
221105, 3
2116, 3
264891, 2
372857, 3
13058, 3
359544, 3
309024, 3
548583, 3
626331, 3
343433, 3
594568, 3
539595, 3
57801, 3
427629, 3
345746, 1
555991, 3
452630, 3
606078, 3
129036, 3
651810, 3
30922, 3
166182, 3
184068, 3
365843, 3
589618, 3
142974, 3
580605, 3
633064, 3
636158, 3
586316, 3
586160, 3
193596, 3
530359, 3
64014, 3
9984, 3
342275, 3
444210, 3
222095, 3
480139, 3
535895, 3
99485, 3
428011, 3
359338, 3
478550, 3
308008, 3
422158, 1
230291, 3
648257, 3
253803, 3
159215, 3
509671, 3
443932, 3
353364, 3
191368, 3
226249, 3
51909, 3
638589, 3
306373, 3
361813, 3
184000, 3
455995, 3
30559, 2
103043, 3
253327, 1
233501, 3
445770, 3
174695, 3
463265, 3
176065, 3
599431, 3
171419, 3
131834, 2
27725, 3
146948, 3
477331, 3
529712, 3
48477, 3
332240, 3
487728, 3
224911, 3
262024, 3
59446, 3
1753, 3
561961, 3
374183, 3
626764, 3
42535, 3
450945, 3
652861, 3
279217, 3
417122, 3
394109, 3
294302, 3
583250, 3
173501, 3
521801, 3
173151, 3
472586, 3
175512, 3
504210, 3
57914, 3
498003, 3
110886, 3
441431, 3
634320, 3
180095, 3
469110, 3
348629, 1
512927, 3
560894, 3
242180, 3
91966, 3
621199, 3
332233, 3
35869, 2
25154, 3
651695, 3
344381, 2
311833, 3
469494, 3
281387, 3
48527, 3
7547, 3
542731, 3
421233, 3
513021, 3
597675, 3
487914, 3
154749, 3
159759, 3
103617, 3
148988, 3
506601, 3
185850, 3
520889, 3
396584, 3
451982, 3
379760, 2
152230, 3
484545, 3
67302, 3
354597, 3
593222, 3
158147, 3
588126, 3
547801, 3
386099, 3
554569, 3
391188, 3
619098, 3
543516, 3
103977, 3
98546, 3
661917, 3
82523, 3
448683, 3
521884, 3
195398, 3
506631, 3
6775, 3
202057, 3
306491, 3
107593, 3
24786, 3
544563, 3
43790, 3
469182, 3
116957, 3
477404, 3
431067, 3
49196, 3
482532, 3
24283, 3
552371, 3
191872, 3
190792, 3
482824, 3
401483, 3
511418, 3
193379, 3
42829, 3
595687, 3
629890, 3
504595, 3
122748, 3
614827, 2
384969, 3
448769, 3
607175, 3
359459, 3
622132, 3
96501, 3
76637, 3
244684, 3
128720, 2
96016, 3
134194, 3
65281, 3
635913, 3
185014, 3
553919, 3
183514, 3
58232, 3
415817, 3
453536, 3
589455, 3
58077, 3
503625, 3
535428, 3
126118, 3
326415, 3
420709, 3
636697, 3
44059, 3
10783, 3
113838, 3
81450, 3
118001, 3
355995, 3
278886, 3
556093, 3
94536, 3
147901, 3
281502, 3
233709, 3
91465, 3
316027, 3
47313, 3
623023, 3
664762, 3
225655, 3
513161, 3
597462, 3
177040, 3
398675, 3
484385, 3
415452, 3
100386, 3
376927, 3
184615, 3
555052, 3
106892, 3
394250, 3
285180, 3
409430, 3
644828, 3
13398, 3
355808, 3
303871, 3
239711, 3
355362, 3
319114, 3
576967, 3
13466, 3
139660, 3
150493, 3
292188, 3
248534, 3
362582, 3
310249, 3
107398, 3
261955, 3
442942, 3
514006, 3
396247, 3
561887, 3
254680, 3
485599, 3
191818, 3
398291, 3
18282, 3
491337, 3
139032, 3
538370, 3
652956, 3
140616, 3
550767, 3
93887, 3
203885, 3
427807, 3
443265, 3
587462, 3
29241, 3
608321, 3
72049, 3
517028, 3
130373, 3
61281, 3
590133, 3
317478, 3
655073, 3
389639, 3
4706, 3
278224, 3
308649, 3
528342, 1
341717, 3
1268, 3
474714, 3
655462, 3
316849, 3
402259, 3
538046, 3
356256, 3
330746, 3
197495, 3
79230, 3
141574, 3
342862, 1
128248, 3
96656, 3
184287, 3
294584, 3
105299, 3
589096, 3
598600, 3
279489, 3
326062, 3
305726, 3
252618, 3
489045, 3
76448, 3
321697, 3
44990, 3
465560, 2
431730, 3
346961, 3
295981, 3
473738, 3
223646, 3
221200, 3
117831, 3
590601, 3
20276, 3
265532, 3
258220, 3
413886, 3
5482, 3
253957, 3
300093, 3
622483, 1
426671, 3
336733, 3
650816, 3
405955, 3
640049, 3
456130, 3
21861, 3
532824, 3
7018, 1
246466, 3
425874, 2
563028, 3
315235, 3
354243, 3
616008, 3
24594, 3
121841, 3
62908, 3
402122, 3
468696, 3
458520, 3
629830, 3
514993, 3
435256, 3
201030, 3
93343, 3
171977, 3
657478, 3
311939, 3
129130, 3
534019, 3
85633, 3
648731, 3
612730, 3
461087, 3
342842, 3
449417, 3
26675, 3
265313, 3
268053, 2
122790, 3
641319, 3
569291, 3
267930, 3
214581, 3
301154, 3
405556, 3
469021, 3
95682, 3
633857, 3
310417, 3
98116, 3
407547, 3
515962, 3
193034, 3
222665, 3
26615, 3
657453, 1
578665, 3
452736, 3
217421, 3
318884, 3
93200, 3
564554, 3
216761, 3
563624, 3
477065, 3
284342, 3
20220, 3
478173, 3
605136, 3
323550, 3
373244, 3
97945, 3
264678, 3
480131, 3
394046, 3
70913, 3
480746, 3
264627, 3
479258, 3
198840, 3
14052, 3
339673, 3
303432, 3
46450, 3
90085, 1
118205, 3
339848, 3
20864, 3
436498, 3
292618, 3
221465, 3
386709, 3
286686, 3
113574, 3
60637, 3
325285, 3
72890, 3
119215, 3
592409, 3
30606, 3
457111, 3
166466, 3
5758, 3
296533, 3
631791, 3
38892, 3
447982, 3
653032, 3
334551, 3
62659, 3
324794, 3
352686, 3
58300, 3
597782, 3
200754, 3
368365, 3
609919, 3
506820, 3
490446, 1
316426, 3
96850, 3
117808, 3
303680, 3
400149, 3
627307, 3
159122, 3
60076, 3
521700, 3
631439, 3
231729, 3
218300, 3
131110, 3
513175, 3
54011, 3
303444, 3
43770, 3
22848, 3
419512, 3
278087, 2
72878, 1
356076, 3
444033, 3
569429, 3
657630, 2
642483, 3
40875, 3
61911, 3
603441, 3
246490, 3
286666, 3
524479, 3
207002, 3
5848, 3
300109, 3
506420, 3
76211, 3
122211, 3
53023, 3
532030, 3
45268, 3
312300, 3
506410, 3
535450, 3
659750, 3
125184, 3
344746, 3
248771, 3
282639, 3
19949, 3
98724, 3
540914, 3
114788, 3
512601, 3
404660, 3
196807, 3
112497, 3
216561, 3
614072, 3
40386, 3
185354, 3
258383, 3
557789, 3
626000, 3
439777, 3
51958, 3
376664, 3
584062, 2
246479, 3
310978, 3
133083, 3
326970, 3
161138, 3
283994, 3
530011, 3
141883, 3
141507, 3
600470, 2
551122, 3
569100, 3
193971, 2
271408, 3
107170, 3
26933, 3
414247, 3
476215, 3
245928, 3
406097, 3
249497, 3
156731, 3
351088, 3
293016, 3
646292, 3
341821, 3
357654, 3
463610, 3
434081, 3
169507, 3
196552, 3
54198, 3
77234, 3
91349, 1
134709, 3
651891, 1
344477, 3
466100, 3
182340, 3
570825, 3
84238, 3
31782, 3
196703, 3
190438, 3
632748, 3
472104, 3
188559, 2
573629, 3
643399, 3
606374, 3
162905, 3
659793, 3
478081, 3
489959, 3
419681, 3
559336, 3
29881, 3
587802, 3
47477, 3
503722, 3
452663, 3
447882, 3
447636, 3
458535, 3
298249, 3
622608, 3
447191, 3
62053, 3
280370, 3
68129, 3
471220, 3
51434, 3
324252, 3
458543, 3
90314, 3
121424, 1
146696, 3
517595, 3
156484, 3
215402, 3
618099, 3
202, 3
652718, 3
43572, 3
87426, 3
195809, 3
20657, 3
529199, 3
247731, 3
566818, 2
613004, 3
496627, 3
223560, 3
289383, 3
571854, 3
452992, 3
148811, 3
573643, 3
538201, 3
408308, 3
614904, 3
249628, 3
123416, 3
155878, 3
123550, 3
76710, 3
353043, 3
649601, 3
522437, 3
506407, 3
20799, 3
209035, 3
167360, 3
14699, 2
436847, 3
383350, 3
406602, 3
150329, 3
653989, 3
553341, 3
327366, 3
496667, 3
608964, 3
141762, 3
621381, 3
202097, 3
530290, 3
279863, 3
285812, 3
610234, 3
595686, 1
157593, 3
597772, 3
147502, 2
451667, 3
306170, 3
157730, 3
509330, 3
164545, 3
444164, 3
305219, 3
428464, 3
494455, 3
603224, 3
662035, 3
17409, 3
7778, 3
218324, 3
620184, 3
158527, 3
487981, 3
56996, 3
381940, 3
296274, 3
81926, 3
573188, 3
31986, 3
353366, 3
197325, 3
108055, 1
521381, 3
585728, 3
352793, 3
359323, 3
324645, 3
493689, 3
277904, 3
551901, 3
209614, 3
71448, 3
585095, 3
396190, 2
186920, 3
294469, 3
358050, 3
639989, 3
229497, 3
412342, 3
398563, 3
417490, 3
504143, 3
150814, 3
150241, 3
203996, 3
330647, 3
222222, 3
186777, 3
72021, 3
197455, 3
550144, 3
634003, 3
266073, 2
423870, 3
437846, 3
86980, 3
649454, 3
338807, 3
269933, 3
142219, 3
42471, 1
230934, 3
549914, 3
207350, 3
377289, 3
40916, 3
86736, 2
37801, 3
151396, 3
436983, 3
494626, 3
80577, 3
263013, 3
170744, 3
134838, 3
405711, 3
51611, 3
664903, 2
415758, 3
263427, 3
561975, 3
551607, 3
372467, 3
116102, 3
206117, 3
374540, 3
655553, 3
315998, 3
129633, 3
39756, 3
230402, 3
266101, 3
579560, 3
145576, 3
22021, 3
602519, 3
572187, 3
254306, 3
332064, 3
322440, 3
337863, 3
177376, 3
392216, 3
52168, 3
447079, 3
200354, 3
542868, 3
146774, 3
38623, 3
637204, 3
336710, 3
177307, 3
94394, 3
105056, 3
598153, 3
543032, 3
331071, 3
70471, 3
63361, 3
132059, 3
663490, 2
398374, 3
430509, 2
650531, 3
470831, 3
468227, 3
164951, 3
272227, 3
457818, 3
470556, 3
316509, 3
260918, 3
258941, 3
513966, 3
334930, 3
377880, 3
344682, 3
446191, 3
506611, 3
248318, 3
624413, 3
339724, 3
146641, 3
532176, 3
375048, 3
211932, 3
344329, 3
300928, 3
382167, 3
125709, 3
508768, 3
588629, 3
359349, 3
215390, 3
380192, 3
625311, 3
150587, 3
286823, 3
107762, 3
527542, 3
67456, 3
283122, 3
492040, 3
210814, 2
655949, 3
216159, 3
396228, 3
104651, 3
248999, 3
156252, 3
335062, 1
259212, 3
108720, 3
31820, 3
564590, 3
347198, 3
487212, 2
62949, 3
256462, 3
534696, 3
538358, 3
237503, 3
550811, 3
211578, 3
325355, 3
530125, 3
15672, 3
501380, 3
182612, 3
203094, 3
328313, 3
142005, 3
639288, 3
61125, 3
49078, 3
465774, 3
109248, 3
477380, 3
254522, 3
619020, 3
513004, 3
288019, 3
587370, 3
125219, 3
293166, 3
633176, 3
358337, 3
588532, 3
12651, 3
242743, 3
322512, 3
180451, 3
192487, 3
558103, 3
102384, 3
515703, 3
15897, 3
187240, 3
642697, 3
425264, 3
360490, 3
387381, 3
664201, 3
336730, 3
256996, 3
259373, 3
137710, 3
596589, 3
81482, 3
404832, 3
405595, 3
244763, 3
3642, 3
450665, 3
481596, 3
224947, 3
605204, 3
367519, 3
119822, 3
319789, 3
207249, 3
549373, 3
486378, 3
419958, 3
135027, 3
576127, 3
593509, 3
619857, 2
546559, 3
13197, 3
177608, 3
484450, 3
327844, 3
18543, 3
233283, 1
176830, 3
229534, 3
416038, 3
633740, 3
578284, 3
313163, 3
316070, 3
34870, 3
245015, 2
158696, 3
40352, 3
65022, 3
79950, 3
632590, 3
483000, 3
361943, 3
485449, 3
132719, 3
596613, 3
370680, 3
211345, 3
632045, 3
354307, 3
300591, 3
128116, 3
4659, 3
387324, 3
505782, 3
392635, 2
548325, 3
79646, 3
222132, 3
385768, 1
516605, 3
462906, 3
365095, 3
427953, 3
578277, 3
370446, 3
100863, 3
618062, 3
63761, 3
115193, 3
376307, 3
29932, 3
444407, 3
469782, 3
625113, 3
151311, 3
663007, 3
574999, 3
227183, 3
87031, 3
664797, 3
55630, 3
514628, 3
148860, 3
620272, 2
376838, 1
465101, 3
619443, 3
82929, 3
519552, 3
134104, 3
494510, 3
169413, 3
175774, 3
129152, 3
118591, 3
510843, 3
15467, 3
83139, 3
148088, 3
638267, 3
73346, 1
201004, 3
126250, 3
575567, 3
525655, 3
539118, 3
544588, 3
351285, 3
153122, 3
91493, 3
598380, 3
1218, 3
198282, 3
139056, 3
189840, 3
140309, 3
309020, 3
429594, 3
638398, 3
164932, 3
465192, 3
503726, 3
224192, 2
259116, 3
623887, 3
53633, 3
499514, 3
321634, 3
516755, 3
537129, 3
236593, 3
491669, 3
465077, 3
596578, 3
356946, 3
262438, 3
347252, 3
220513, 3
324005, 3
205007, 3
613815, 3
153391, 3
385915, 3
474510, 3
274750, 3
509150, 2
391817, 3
473310, 3
582963, 3
607795, 3
19216, 3
655046, 3
336089, 3
485805, 3
318001, 3
130077, 3
419281, 2
652562, 3
390364, 3
91334, 3
295299, 3
182005, 3
63995, 3
431565, 3
656760, 3
598511, 3
561220, 3
657140, 2
96768, 3
435225, 3
447742, 3
63703, 3
43137, 3
488138, 3
67790, 3
437307, 3
555096, 3
459159, 3
188363, 3
226090, 3
599886, 3
594490, 3
77886, 3
631168, 3
365348, 3
654352, 3
469291, 3
129937, 3
122962, 3
419599, 3
456790, 3
305710, 3
575980, 3
153449, 3
615149, 3
504313, 3
386835, 3
457797, 3
312375, 3
150073, 1
439934, 3
426880, 3
571367, 3
231868, 3
376607, 3
660092, 3
534340, 3
136391, 3
636037, 3
403484, 3
546192, 3
271402, 3
564704, 3
27353, 3
103709, 3
452012, 3
20177, 3
132966, 3
239223, 3
174345, 3
591546, 3
476000, 3
95627, 3
270301, 3
37510, 3
313273, 3
652942, 3
159741, 3
327256, 3
268061, 3
228101, 3
115225, 3
272156, 3
462541, 3
6337, 3
311929, 3
243797, 3
539176, 3
410926, 3
639735, 2
34509, 3
644283, 3
625133, 3
578330, 1
305954, 3
268431, 3
30821, 3
581760, 3
71045, 3
238693, 3
467086, 3
654609, 3
340014, 3
28582, 3
85390, 3
15654, 3
171680, 3
385520, 3
462604, 3
7442, 3
122493, 3
64324, 3
375857, 3
78297, 3
347787, 3
526857, 3
70616, 3
611705, 3
603971, 3
552697, 3
53531, 3
346307, 3
214594, 3
22895, 3
322364, 3
312246, 3
34969, 3
294685, 3
467765, 3
104264, 2
592637, 2
465336, 3
168815, 3
657292, 3
321825, 3
321641, 3
325722, 3
567524, 3
273008, 3
272686, 3
243457, 3
81311, 3
151452, 3
144642, 3
129261, 3
440469, 3
260718, 3
126843, 3
472280, 3
321816, 3
537324, 3
20483, 3
115030, 3
473550, 2
179976, 3
344166, 1
176979, 3
612398, 3
504040, 3
448663, 3
530830, 3
538607, 3
82796, 3
191128, 3
93053, 3
569896, 3
275250, 3
147453, 3
111658, 3
472127, 3
195431, 3
310716, 3
397990, 3
420627, 2
540762, 3
30464, 3
122309, 3
12965, 3
411623, 3
632580, 3
17244, 3
651620, 3
257755, 3
17742, 3
10074, 3
507573, 3
575189, 2
88178, 3
420540, 3
554772, 3
530251, 3
124655, 3
314485, 3
359308, 3
564752, 3
57454, 3
403675, 3
598613, 3
619026, 3
181297, 3
407054, 3
125972, 3
472920, 3
567410, 3
565377, 2
205668, 3
10196, 3
417769, 3
67342, 3
436126, 3
645569, 2
93585, 3
627983, 3
24651, 3
294077, 3
378810, 3
418635, 3
492719, 3
527662, 3
433706, 3
76532, 3
393594, 3
40392, 3
534855, 3
516873, 2
400518, 2
407232, 3
477825, 3
360040, 3
533376, 3
360794, 3
427699, 3
340691, 3
633944, 3
454220, 3
174895, 3
109304, 3
272644, 3
531525, 3
575716, 3
500909, 3
217739, 2
274814, 3
209331, 3
52085, 3
489285, 3
377028, 3
169388, 3
485801, 3
551882, 3
268959, 3
288979, 3
152405, 3
17623, 3
319668, 3
18303, 3
316047, 3
619152, 3
546755, 3
452845, 3
627453, 3
665317, 3
256766, 3
193687, 3
282689, 3
28013, 3
363228, 3
92787, 2
414764, 3
198152, 1
296591, 3
437801, 3
180462, 3
100146, 3
141839, 3
202226, 3
516152, 3
327562, 3
639595, 3
230609, 3
443216, 3
156346, 3
626998, 3
353406, 3
471035, 3
636192, 3
335152, 3
129283, 3
338827, 3
554752, 3
546629, 3
290204, 3
626165, 3
343970, 3
381868, 3
164477, 3
430856, 3
422423, 3
502355, 3
552012, 3
425914, 3
31636, 3
366734, 3
69359, 3
450454, 3
260206, 3
402198, 3
25607, 3
623868, 3
409879, 3
493078, 3
250263, 3
112196, 3
71544, 3
52520, 3
447120, 3
385394, 3
474726, 3
259029, 3
193302, 3
410891, 3
344513, 3
327276, 3
455962, 3
185758, 3
353143, 3
4444, 3
182233, 3
629752, 3
185984, 3
604049, 3
79858, 3
313946, 3
134351, 3
166469, 3
478205, 3
91920, 3
374174, 3
530311, 3
401897, 3
78520, 3
243655, 3
444829, 3
209010, 3
366876, 3
162901, 3
317547, 3
463541, 3
40555, 3
425241, 3
431404, 3
77805, 3
603470, 3
563558, 3
62504, 3
518141, 3
582304, 3
639190, 3
325956, 3
113154, 3
451810, 3
333842, 3
309892, 3
594986, 3
279748, 3
378084, 3
641040, 3
403298, 3
123717, 3
427266, 3
145365, 3
374752, 3
640800, 3
461628, 2
351168, 3
71839, 3
514174, 3
59372, 3
602055, 3
2806, 3
454295, 3
1816, 3
377212, 3
579557, 3
363484, 3
482789, 3
485304, 3
329313, 1
121363, 3
40423, 3
393412, 2
643555, 3
298236, 3
46903, 3
57849, 3
502498, 3
298929, 3
152461, 3
327433, 3
121515, 3
239083, 3
637311, 3
631221, 3
316704, 3
555711, 3
59299, 3
304819, 3
278384, 3
148296, 3
254021, 3
260398, 3
185172, 3
167710, 3
512919, 3
488017, 3
252526, 3
473801, 3
10043, 3
166137, 3
93843, 3
610046, 3
454607, 3
579734, 3
85312, 3
135151, 3
350953, 3
265603, 3
501162, 3
287546, 3
116140, 3
578701, 3
438184, 3
456020, 3
300569, 2
430045, 3
464005, 3
433992, 3
629737, 3
93869, 3
468520, 3
605472, 3
523388, 3
276222, 3
638653, 3
600298, 3
38680, 3
155347, 3
162987, 3
289061, 3
598575, 2
149249, 3
519610, 3
155314, 3
278159, 3
4179, 3
628642, 3
1117, 3
553167, 3
606663, 3
190448, 3
504447, 3
647145, 3
151813, 3
25176, 3
387647, 3
321624, 3
8428, 3
85477, 3
637597, 3
42649, 3
499841, 3
255863, 3
11863, 3
133691, 3
227770, 3
173732, 3
295422, 3
368083, 3
545943, 3
79, 3
229571, 2
148782, 3
148668, 3
358621, 3
616449, 3
236509, 3
472158, 1
24968, 3
654403, 3
237328, 3
90547, 3
646423, 3
576431, 3
204002, 3
432550, 3
92893, 3
514013, 3
69940, 3
349872, 3
35679, 3
408319, 3
286898, 3
34982, 3
189315, 3
290467, 3
432152, 3
457713, 3
65621, 3
261056, 3
237558, 3
406996, 3
47170, 3
535657, 3
249224, 3
399863, 3
564335, 2
287561, 3
466454, 3
343766, 3
80346, 3
297380, 3
455826, 3
85291, 3
660767, 3
416691, 3
112417, 3
467553, 3
125816, 3
227805, 3
15489, 3
97822, 3
333618, 3
208144, 3
131312, 3
196155, 3
151675, 3
657767, 3
313270, 3
164888, 3
227387, 3
198128, 3
239866, 3
575481, 3
542456, 3
591475, 3
180944, 3
643271, 3
72380, 3
173725, 3
259030, 3
544610, 3
299001, 3
435095, 3
574408, 3
180632, 3
287387, 3
52444, 3
496873, 3
265623, 3
214346, 3
485592, 3
196136, 3
369356, 2
600751, 3
653148, 3
482657, 3
406143, 3
600691, 3
319680, 3
489348, 3
567401, 3
383739, 3
57164, 3
112688, 2
52282, 3
56712, 3
471104, 2
259986, 3
436061, 3
545143, 3
305274, 3
313768, 3
34647, 3
377961, 3
189282, 3
618797, 3
203734, 3
132881, 3
276303, 3
524301, 3
640749, 3
491771, 3
457850, 3
610600, 3
325906, 3
171337, 3
652880, 3
578669, 3
617790, 3
381906, 3
254878, 3
207228, 3
330244, 3
482305, 3
390277, 3
409545, 3
484755, 3
178727, 3
34832, 3
271474, 3
438488, 3
219289, 3
410416, 3
51572, 3
228114, 2
267829, 3
287722, 3
93889, 3
150154, 3
283624, 3
152833, 3
281611, 3
531235, 3
57046, 3
436188, 2
76155, 3
293475, 3
661135, 2
535054, 3
373079, 3
654402, 3
281938, 3
101963, 3
78669, 3
133951, 3
392105, 2
489771, 3
625832, 3
361173, 3
310910, 3
607716, 3
394025, 3
169728, 3
652777, 2
120861, 3
277894, 3
627113, 3
569684, 2
606173, 3
421156, 3
507479, 3
293458, 3
543030, 3
625748, 3
424553, 3
18631, 3
341078, 3
393579, 3
620789, 3
552538, 3
66759, 3
554614, 3
167228, 3
362280, 3
608298, 3
141712, 3
77268, 3
13856, 3
533495, 3
167405, 3
140431, 3
288914, 3
93661, 3
115021, 3
6409, 3
288311, 3
170730, 3
389147, 1
661411, 3
324367, 3
589614, 3
25191, 3
345356, 3
521901, 3
33228, 3
67490, 3
546111, 3
13510, 3
442599, 3
429824, 3
166403, 3
653847, 3
196939, 3
278415, 3
556665, 3
215080, 3
194170, 3
181579, 3
128177, 3
653535, 3
627720, 3
404823, 3
603733, 3
270283, 3
567532, 3
632507, 3
124347, 3
292286, 3
579606, 3
502069, 3
391808, 3
284033, 3
97481, 3
57660, 3
585709, 2
316244, 3
507474, 3
604218, 3
293943, 3
241243, 3
6059, 3
664901, 1
485186, 3
361000, 3
96668, 3
118861, 2
612261, 3
562217, 3
63930, 3
36884, 2
277414, 3
477197, 3
525882, 3
563629, 3
290898, 3
179058, 3
244262, 3
485328, 2
505128, 3
458632, 3
310339, 3
381890, 3
573561, 3
230901, 3
415338, 3
52229, 3
219330, 3
330004, 3
312416, 3
253720, 3
609423, 3
507658, 3
269087, 3
17708, 3
3895, 3
10763, 3
213033, 3
141253, 3
82958, 3
119980, 3
133695, 3
255051, 3
222384, 3
307236, 3
423965, 3
168948, 3
623314, 3
388928, 3
617265, 3
532405, 3
601047, 3
386966, 3
148060, 3
75001, 3
430755, 3
63314, 3
96221, 3
612157, 3
307400, 3
589035, 3
249164, 3
9690, 3
340090, 3
45481, 3
605972, 3
103192, 3
235304, 3
469997, 3
8503, 3
414154, 3
515395, 3
532331, 3
487962, 2
88992, 3
209462, 3
49590, 3
383159, 3
294758, 3
532996, 3
393033, 3
111148, 3
457515, 3
441734, 3
424432, 3
547786, 3
660043, 3
135754, 3
342150, 3
638576, 3
180401, 3
314562, 3
538746, 3
194715, 3
6271, 3
119014, 3
299806, 3
284750, 3
176345, 3
515992, 3
100271, 3
402568, 3
41845, 3
311602, 3
613186, 3
465601, 3
297378, 3
571433, 3
307506, 3
153967, 3
527213, 3
354374, 3
434929, 3
484132, 3
11895, 3
605544, 3
407549, 3
153399, 3
435685, 3
311, 3
183984, 3
448641, 3
192457, 3
566285, 3
193671, 3
89794, 3
113178, 3
148817, 3
348933, 3
17054, 3
589048, 3
33955, 2
661621, 3
375797, 3
45836, 3
538111, 3
41775, 3
577565, 3
555605, 3
22800, 3
194953, 3
660894, 3
569712, 3
35716, 3
539994, 3
91440, 3
613921, 3
93150, 3
46457, 3
504388, 3
530421, 3
126216, 3
92381, 2
453424, 3
182180, 3
210346, 3
358162, 1
582607, 2
347341, 3
393504, 3
490306, 3
416376, 3
127761, 3
641409, 3
60200, 2
188946, 3
663479, 3
618425, 3
489223, 3
472774, 3
639469, 3
10709, 3
573573, 3
215281, 3
487216, 3
391695, 3
571706, 3
285948, 3
108426, 3
46411, 3
507744, 3
390695, 3
347272, 3
461672, 3
34557, 3
487336, 3
354725, 3
467340, 3
508280, 3
495506, 3
482631, 3
491793, 2
142671, 3
648547, 3
639684, 3
273810, 3
462250, 3
26287, 3
353397, 3
395142, 3
543099, 3
451494, 3
271551, 3
561139, 3
196601, 3
383199, 2
364376, 3
633490, 3
112282, 3
143714, 3
49988, 3
54594, 3
226478, 3
262811, 3
649495, 1
21730, 3
638350, 3
179601, 3
308185, 3
197908, 3
324772, 3
102793, 3
427651, 3
195602, 3
203677, 3
66434, 3
603906, 3
175857, 3
282050, 3
647908, 3
568633, 3
96726, 3
646175, 3
437329, 3
121140, 3
328847, 3
410355, 3
602944, 3
514634, 3
645906, 3
352172, 3
624336, 3
29083, 3
655512, 2
618010, 3
158199, 3
635685, 3
105645, 3
75359, 3
356698, 3
626894, 3
345917, 3
17693, 3
351070, 3
547703, 3
124504, 3
312679, 3
65238, 3
449017, 3
54848, 3
222592, 3
88916, 3
264677, 3
458081, 3
194330, 3
189777, 3
166119, 3
577634, 3
284480, 3
484836, 3
572079, 3
533743, 3
637012, 3
277890, 3
487148, 3
584995, 3
331503, 3
151296, 3
594537, 3
239956, 3
436463, 3
312121, 3
281410, 3
187711, 3
182023, 3
107243, 2
398116, 3
648366, 3
370731, 3
571468, 3
163980, 3
514420, 3
430918, 3
251728, 3
156971, 3
533158, 3
440492, 3
467483, 3
662075, 1
428368, 3
158110, 3
165124, 3
532901, 3
256797, 3
550121, 3
450960, 3
341839, 3
479189, 3
29197, 3
660564, 3
118603, 3
550718, 3
107145, 3
97688, 3
327066, 3
284660, 3
271702, 3
613957, 3
658432, 3
43244, 3
539162, 3
299510, 3
267616, 2
366374, 3
142572, 3
643727, 3
139984, 3
207121, 3
546746, 3
351877, 2
260433, 3
607191, 3
37694, 3
615040, 3
415729, 3
634731, 3
407150, 3
491919, 3
622581, 3
8856, 3
389345, 3
505730, 3
625124, 3
7705, 3
350954, 3
381576, 3
378270, 3
43886, 3
307002, 3
514156, 2
437216, 3
295567, 3
416847, 3
427293, 3
79252, 3
164250, 3
16618, 3
622476, 3
599161, 3
560252, 3
193057, 3
378427, 3
435573, 3
54960, 3
58961, 3
478343, 3
14143, 3
302651, 3
74866, 3
403758, 3
272505, 3
182381, 3
647980, 3
120575, 3
21397, 3
219747, 3
184780, 3
645455, 3
637469, 3
478405, 3
166038, 3
496968, 3
553955, 3
271492, 3
384619, 3
426261, 3
163695, 3
512932, 3
634573, 3
550619, 3
195866, 3
385629, 3
344772, 3
281032, 3
623848, 3
579360, 3
637928, 3
561686, 3
261474, 3
161077, 3
93289, 3
9501, 3
608089, 3
129202, 3
141887, 3
56172, 3
107925, 3
556530, 3
409207, 3
9502, 3
9457, 3
540995, 3
658854, 3
592352, 3
240658, 3
653831, 3
614607, 3
61224, 3
509947, 3
604561, 3
506111, 3
70524, 3
531010, 3
5421, 3
519908, 3
290393, 3
425375, 3
498718, 3
621066, 3
618863, 3
177691, 3
79117, 3
66762, 3
601671, 3
441418, 3
649175, 3
424944, 3
161659, 3
5493, 3
132368, 3
556168, 3
95232, 3
132896, 3
659046, 3
332207, 3
239616, 3
457494, 3
85235, 3
237026, 3
143466, 3
256353, 3
445757, 3
76032, 3
44654, 3
162385, 3
509024, 3
597280, 3
170327, 3
222385, 3
82863, 3
567961, 3
547810, 3
435101, 3
126110, 3
243764, 3
253260, 2
583728, 3
329758, 3
595083, 3
625677, 3
425163, 3
225406, 3
501742, 3
67453, 3
619119, 3
530817, 3
143523, 3
512922, 3
564762, 3
648181, 3
366685, 3
630743, 3
303669, 3
141891, 3
309175, 2
525499, 3
130402, 3
60286, 3
328513, 3
633354, 3
656341, 3
501678, 3
90033, 1
637058, 3
375128, 3
314252, 3
505311, 3
664882, 3
320614, 3
421631, 3
658569, 3
249343, 3
33868, 3
200380, 3
613608, 3
159195, 3
612083, 3
31302, 3
475500, 3
80253, 3
400032, 3
431893, 3
567911, 3
33864, 2
357694, 3
340766, 2
373711, 3
384787, 3
126929, 3
616099, 3
415205, 3
390611, 3
634896, 3
55599, 3
628596, 3
8842, 3
583849, 3
9773, 3
90100, 3
69938, 3
237270, 3
236934, 3
51296, 3
593860, 3
555101, 3
108022, 3
443144, 3
468086, 1
38231, 2
205973, 3
655973, 2
29700, 3
248865, 3
296038, 1
452518, 3
453230, 3
424471, 1
30242, 3
646138, 3
428372, 3
226492, 3
160968, 3
621815, 3
15399, 3
559093, 3
230705, 3
649368, 3
195115, 3
355359, 3
280947, 3
404121, 3
77397, 3
139682, 3
393472, 3
361407, 3
586138, 3
383128, 3
594463, 1
89139, 3
209610, 3
404054, 3
253433, 3
46880, 3
94640, 3
175880, 3
94048, 3
106527, 3
45255, 3
115522, 3
406535, 3
522087, 3
598608, 3
664216, 3
589477, 3
172586, 3
564770, 3
42948, 3
562576, 3
26399, 3
642315, 3
419671, 3
542065, 3
186486, 3
541400, 3
256506, 3
215322, 3
407690, 3
493710, 3
529659, 1
263720, 3
484431, 3
248196, 3
523998, 3
584675, 2
251405, 3
111751, 3
530014, 3
636668, 3
383310, 3
373222, 3
587148, 3
434270, 3
291579, 3
646080, 3
298582, 3
341790, 3
482711, 3
45690, 3
382998, 3
23612, 3
124849, 2
601926, 3
284761, 3
409292, 3
11864, 3
572198, 3
453126, 3
145000, 3
530394, 3
190353, 3
166019, 3
580845, 3
329171, 3
337698, 3
155153, 3
89194, 2
394392, 3
459728, 3
254933, 3
6837, 3
30828, 2
472007, 3
640004, 3
325988, 3
324870, 3
244405, 3
426417, 3
574398, 3
51066, 3
76799, 3
65, 3
346328, 2
366671, 3
253342, 3
505794, 3
219218, 3
398541, 3
624900, 3
555044, 3
80540, 3
631717, 3
378684, 3
356868, 3
133924, 3
373808, 3
133765, 3
196854, 3
279611, 2
413144, 3
411665, 3
419160, 3
478302, 3
16384, 3
378397, 3
583113, 3
607219, 3
504646, 3
273762, 3
629454, 3
123948, 3
459211, 3
168856, 3
302846, 2
3065, 3
135977, 3
384568, 1
65854, 3
630245, 3
292071, 3
235420, 3
509871, 3
107870, 3
164238, 3
281800, 3
10877, 3
271581, 3
133323, 3
503628, 3
135260, 3
327496, 3
96317, 3
46978, 3
157698, 3
498761, 2
60583, 3
71058, 3
69879, 3
338184, 2
153615, 3
474585, 3
19233, 3
562906, 3
134186, 3
388361, 3
459374, 3
333363, 3
304012, 3
573963, 3
194409, 3
232482, 3
338965, 3
655066, 3
275620, 3
61302, 3
5404, 3
489135, 3
628881, 3
241202, 3
90929, 3
369950, 3
98704, 3
358314, 3
25716, 3
234655, 3
606187, 3
23708, 3
34785, 3
287572, 3
84408, 3
231323, 3
482708, 3
224193, 2
462094, 3
231231, 3
230834, 3
387904, 3
436097, 3
415473, 3
438138, 3
495026, 3
149246, 3
295368, 3
283636, 3
275897, 3
281873, 3
576619, 3
490946, 3
497470, 3
634645, 3
181372, 3
480813, 3
303308, 3
297413, 3
595533, 3
378551, 3
114325, 3
660316, 2
216046, 3
631594, 3
250254, 3
571711, 3
445525, 3
416917, 3
14964, 3
423111, 3
250283, 3
34886, 3
1071, 3
61582, 3
63360, 3
376797, 3
359781, 3
242101, 3
514365, 3
148744, 3
378101, 3
601943, 3
468046, 3
48511, 3
576061, 2
537171, 3
502764, 3
314698, 3
513041, 3
267188, 3
486307, 3
541526, 3
233932, 3
13330, 3
461744, 3
372614, 3
212488, 3
545730, 3
13640, 3
298365, 3
458933, 3
468563, 3
325229, 2
49455, 3
225615, 3
414687, 3
95174, 3
244251, 3
183308, 3
160976, 3
614721, 3
371310, 3
412864, 3
545003, 3
167018, 3
365496, 3
256794, 3
526643, 3
537705, 3
614891, 3
386971, 3
413097, 3
595027, 3
100252, 3
443054, 3
161404, 3
423397, 3
499126, 3
512754, 3
625063, 3
358180, 3
294378, 3
427595, 3
408412, 3
494857, 3
292123, 3
124416, 3
211684, 3
193407, 3
61876, 3
114792, 3
142760, 3
575715, 3
452524, 3
295865, 3
138532, 3
556662, 3
392831, 3
107865, 3
556919, 3
356598, 3
157166, 3
645232, 3
410621, 1
165644, 3
160644, 3
71260, 3
187737, 3
87854, 3
470139, 3
329232, 2
543750, 3
24791, 3
497083, 3
566635, 3
200780, 3
406177, 3
521949, 3
267216, 3
643663, 2
276382, 3
599305, 3
370122, 3
45844, 3
400835, 3
207007, 3
2364, 3
321911, 3
367282, 3
421023, 3
22284, 3
273178, 3
332081, 3
185598, 3
127391, 3
587316, 3
426724, 3
115652, 2
625222, 3
532232, 3
6442, 3
99892, 3
299680, 3
198921, 3
596561, 3
198332, 3
576846, 3
104679, 3
285388, 3
107888, 3
29118, 3
958, 3
404363, 3
562267, 3
544147, 3
30035, 3
326237, 3
245059, 3
17084, 3
284581, 3
658708, 3
593654, 3
307795, 3
273269, 3
449864, 2
189911, 3
32065, 3
301197, 2
388916, 2
610299, 3
28798, 3
201494, 3
194857, 3
515520, 3
224100, 3
263201, 3
660082, 3
285696, 3
89994, 3
441195, 3
577033, 3
87293, 3
467285, 3
399937, 3
300774, 3
268372, 2
49326, 3
600481, 1
150404, 3
590660, 3
329894, 3
451260, 2
292611, 3
615092, 3
539043, 3
511652, 3
313820, 3
14951, 3
483124, 3
557250, 3
526591, 3
439960, 3
582195, 3
531263, 3
357307, 3
288140, 3
494122, 3
575905, 3
381642, 1
112556, 3
139764, 3
240866, 2
372985, 3
175908, 3
269401, 3
422829, 3
550595, 3
450867, 3
206430, 3
127804, 3
643094, 3
2811, 3
353341, 3
261686, 3
497426, 3
648867, 2
170695, 3
187516, 3
353388, 3
366079, 3
131718, 3
317121, 3
402672, 3
125319, 3
654506, 3
583559, 3
356585, 3
210255, 3
175992, 3
643680, 3
36115, 3
391459, 3
69158, 3
138085, 3
576324, 3
498965, 3
23795, 3
88313, 3
57503, 3
168238, 3
192533, 3
594564, 3
603219, 2
499334, 3
353234, 3
233753, 3
372122, 3
138063, 3
361058, 3
570645, 3
509078, 3
551159, 3
164014, 3
571752, 3
132593, 3
453398, 2
101213, 3
101749, 3
459455, 3
410440, 3
176262, 3
369643, 3
544207, 3
258894, 3
562350, 3
280623, 3
91289, 3
65032, 3
470769, 3
522568, 3
563131, 3
590751, 3
287717, 3
511335, 2
413578, 3
135855, 3
292041, 3
655707, 3
288874, 3
57386, 3
359620, 3
237740, 3
43138, 3
517987, 3
231548, 3
23230, 3
414756, 3
449492, 2
107817, 1
359852, 3
20863, 3
460887, 3
178089, 3
480713, 1
635015, 3
201855, 3
262332, 3
621661, 3
4205, 3
292483, 3
192061, 3
462565, 3
537808, 3
54052, 3
383267, 3
183839, 3
301473, 3
181565, 3
651733, 3
619170, 3
183896, 3
200530, 3
167524, 3
567721, 3
169631, 3
158575, 3
46895, 3
320802, 3
552091, 3
244202, 3
347882, 3
159711, 3
359195, 3
491733, 3
575680, 2
36886, 2
119724, 3
102112, 3
290114, 3
286716, 3
495933, 3
388141, 3
435214, 3
423728, 3
113542, 3
119790, 3
37253, 3
337659, 3
43329, 3
549962, 3
328162, 3
367084, 3
92924, 3
579651, 3
176162, 3
135833, 3
656566, 3
402493, 3
136246, 3
473780, 3
355851, 3
213579, 3
220491, 3
415625, 3
400547, 3
323546, 3
248808, 3
143658, 3
291183, 3
594211, 3
647729, 3
536200, 3
595460, 3
252896, 3
159690, 3
508018, 3
347266, 3
284164, 3
325201, 3
260406, 3
583304, 3
435064, 3
483831, 3
320089, 3
564564, 3
544320, 3
534957, 3
115386, 3
216447, 3
539316, 3
446946, 3
627813, 3
276821, 3
326751, 3
280096, 3
511587, 3
376505, 2
220522, 3
212321, 3
408767, 3
213143, 3
249756, 2
19747, 3
57087, 3
606033, 3
368439, 3
201809, 3
582028, 3
579385, 3
622051, 2
445387, 3
412326, 3
405739, 3
653240, 3
101033, 3
66051, 3
653369, 3
118505, 3
601420, 3
603408, 3
48052, 3
156020, 3
603075, 3
190962, 3
351424, 3
482004, 3
606061, 3
133794, 3
212110, 2
373837, 3
479862, 3
265678, 3
324469, 3
205083, 3
84352, 3
306886, 3
593399, 3
101579, 3
585908, 3
500329, 3
408988, 3
162684, 3
212706, 3
310396, 3
76946, 3
656355, 2
47008, 3
618382, 2
213684, 3
645158, 3
589500, 3
480332, 3
175637, 3
448732, 1
561514, 3
359872, 3
455011, 3
56259, 3
99242, 3
417937, 3
73486, 3
290746, 3
449336, 3
616513, 3
573527, 3
171288, 3
639602, 3
94341, 3
512321, 3
362173, 3
179114, 3
270254, 3
416389, 3
473872, 3
277801, 3
42706, 3
204175, 3
516327, 3
276435, 3
471222, 1
616565, 3
554939, 3
88344, 3
200964, 3
606428, 3
191446, 3
340329, 3
613286, 3
397973, 3
81763, 3
529184, 3
229747, 3
191932, 3
630402, 3
488320, 3
327006, 3
471962, 3
564120, 3
213515, 3
295075, 3
532955, 3
135801, 3
439271, 2
407563, 3
60882, 3
79536, 3
455542, 3
206617, 3
287189, 3
589974, 3
71782, 3
247408, 3
41047, 3
297070, 3
292398, 3
496428, 3
473085, 3
219538, 3
515484, 3
218935, 3
86654, 3
62822, 3
29683, 3
58519, 3
30127, 3
257381, 3
33137, 3
533668, 3
294284, 3
629054, 3
83062, 3
429622, 2
36251, 3
272765, 3
389493, 3
484835, 2
426467, 3
256468, 3
246519, 3
338388, 3
429899, 3
646066, 3
649555, 3
644305, 1
190132, 3
295614, 3
350601, 3
156585, 3
119151, 3
286753, 3
535611, 3
20458, 3
290396, 3
237070, 3
520042, 3
294943, 3
389174, 3
622130, 3
603690, 3
659703, 3
379731, 3
340304, 1
45661, 3
546939, 3
608615, 3
635381, 3
38822, 3
472536, 3
562283, 3
228161, 3
662965, 2
316751, 3
394709, 2
428448, 3
40716, 3
571609, 3
321198, 3
329599, 3
256895, 3
132681, 3
428502, 3
309295, 3
549640, 3
221938, 3
14440, 3
354649, 3
207489, 3
131099, 3
568, 3
518946, 3
90762, 3
115482, 3
350191, 3
368428, 3
261903, 3
81006, 3
361077, 3
613449, 3
491867, 3
412760, 3
664065, 3
560760, 1
517243, 3
372420, 3
337609, 3
106964, 3
10774, 3
641594, 3
241282, 3
207245, 3
489887, 3
38363, 3
191998, 3
574057, 3
355232, 2
513244, 3
131200, 3
34235, 3
185553, 3
224206, 3
475342, 3
633821, 3
277963, 3
174919, 3
190457, 3
459765, 3
171131, 3
79251, 3
233399, 3
463840, 3
48382, 3
320824, 3
498278, 3
14405, 3
175402, 3
594570, 3
394493, 3
129689, 3
353337, 3
106443, 3
568078, 3
51476, 2
560213, 3
316676, 3
346456, 3
205070, 3
196192, 3
297578, 3
93768, 3
234668, 3
60189, 3
589991, 3
11498, 3
3985, 3
549097, 3
329439, 3
73616, 3
92280, 3
292851, 3
130287, 3
617432, 3
130475, 3
322653, 3
401382, 3
531648, 3
598405, 3
493065, 3
403865, 3
303878, 3
662662, 3
246720, 3
642796, 3
322771, 3
86246, 3
544087, 3
306324, 3
448892, 3
471171, 3
106441, 2
171903, 3
346257, 2
524051, 3
248746, 3
506014, 3
437746, 3
397195, 3
321264, 3
390584, 3
262375, 3
522453, 2
383272, 3
343316, 3
456687, 3
144663, 2
353671, 3
286181, 3
406103, 3
66548, 2
485251, 3
157031, 3
181776, 3
3924, 3
371421, 2
126581, 3
167029, 3
546681, 3
21851, 3
425749, 3
259399, 2
328249, 3
472014, 3
457946, 3
590623, 3
260446, 2
332396, 2
609907, 3
394369, 3
519960, 3
215974, 3
306452, 3
255775, 3
75185, 3
425034, 3
459537, 3
480277, 3
470264, 1
337826, 3
68329, 3
314166, 3
133869, 3
524026, 3
603252, 3
71573, 3
188178, 3
652492, 3
109651, 3
314339, 3
660951, 2
462124, 1
151557, 3
222782, 3
523493, 3
616, 3
153279, 3
240149, 3
317552, 3
490285, 3
371900, 3
209117, 3
644086, 3
250340, 3
586729, 3
280379, 3
567024, 2
263952, 3
439880, 3
607300, 3
516705, 3
603244, 3
535052, 3
608891, 3
489707, 3
442437, 3
641761, 3
163918, 3
559312, 1
655948, 3
564771, 3
465897, 3
280811, 3
233595, 3
373444, 3
338375, 3
513069, 3
559342, 3
417312, 3
327569, 3
326246, 3
43080, 3
181513, 3
236180, 3
165067, 3
541995, 3
618707, 1
527873, 3
17242, 3
584074, 3
32482, 3
297689, 3
471025, 3
54833, 3
459178, 3
615340, 3
317199, 3
524148, 3
344575, 3
210440, 3
421244, 3
6237, 3
391809, 3
523162, 3
552407, 3
281859, 3
464154, 3
436033, 3
312240, 2
608339, 1
435387, 3
385043, 3
625574, 3
99514, 3
248780, 3
367121, 3
146334, 3
162601, 3
412247, 3
364337, 3
474243, 3
149701, 3
135266, 3
35547, 3
469693, 3
414500, 3
165520, 3
121974, 3
153557, 3
579801, 3
590405, 3
444777, 3
442280, 3
52841, 3
332354, 3
513910, 3
133616, 3
5069, 3
90073, 3
26625, 3
458431, 3
264643, 3
272564, 3
500723, 3
350974, 3
506980, 3
11481, 3
646345, 3
480289, 3
142449, 3
248656, 3
585657, 3
7968, 3
598863, 3
105924, 3
499160, 3
332390, 3
490894, 3
483076, 3
36722, 3
535384, 3
563082, 3
300707, 2
80956, 3
334102, 3
469076, 3
552224, 3
496544, 3
365942, 3
136263, 3
139306, 3
628885, 3
142831, 3
168307, 3
534428, 3
109719, 3
98243, 3
148166, 3
121903, 3
582023, 3
385482, 3
421647, 3
371796, 3
410603, 3
89340, 3
125596, 3
254143, 3
208088, 1
44661, 3
54697, 3
7136, 3
620427, 3
352602, 3
3592, 3
492561, 3
254402, 3
524242, 3
342331, 3
326639, 3
589322, 3
483743, 3
78005, 3
173709, 3
51883, 3
55921, 3
117685, 3
217076, 1
404323, 3
514936, 3
628877, 3
516707, 3
104891, 3
101709, 3
172449, 3
664492, 3
651107, 3
261574, 3
174408, 3
429702, 3
488964, 3
442409, 3
502898, 3
596601, 3
479072, 3
23538, 3
550520, 3
92377, 3
160718, 3
571774, 2
353913, 3
164087, 3
96141, 3
458573, 3
564352, 3
57937, 3
352858, 3
375761, 3
469845, 3
657933, 2
257321, 3
146685, 3
561687, 2
346703, 3
548418, 3
86566, 3
585696, 3
33758, 3
505845, 3
91142, 3
372616, 3
6375, 3
566974, 3
508216, 2
228512, 3
4728, 3
654115, 3
373613, 3
422280, 3
84843, 3
551732, 3
125584, 2
445710, 3
622795, 3
202290, 3
87338, 3
516402, 3
193998, 3
515534, 3
505144, 3
235724, 3
223020, 3
163560, 3
371642, 3
602888, 3
512942, 2
399438, 3
202843, 3
583470, 3
129359, 3
71478, 3
474983, 3
403004, 3
123436, 3
629493, 3
341329, 3
284577, 3
655233, 1
187792, 2
516643, 3
492248, 3
208499, 3
413293, 3
387644, 3
652687, 3
209723, 3
436497, 3
575154, 3
619348, 3
632781, 3
663272, 3
429230, 2
351720, 3
557328, 3
65644, 3
521282, 3
446340, 1
159201, 3
197162, 3
71769, 3
631019, 3
180623, 3
225866, 3
209253, 3
167240, 3
150678, 3
650692, 3
209712, 3
101258, 2
364509, 3
164850, 3
140851, 3
466879, 3
409195, 3
474351, 3
119155, 3
231310, 3
649771, 3
177821, 3
94635, 3
380321, 3
397088, 3
655035, 3
28347, 3
549963, 3
423224, 3
562510, 3
164155, 3
145841, 3
85419, 3
446873, 3
312255, 3
7674, 3
224968, 3
554899, 3
215010, 3
177016, 3
158731, 3
114224, 3
540491, 3
183529, 3
21987, 3
82537, 3
330916, 3
475220, 3
479970, 3
164962, 3
338701, 3
289261, 3
28722, 3
67022, 3
168525, 3
254556, 3
298943, 3
60054, 3
663321, 3
631636, 3
325405, 3
22840, 3
205921, 3
643489, 3
100793, 3
158918, 3
614407, 3
613331, 3
374929, 3
326188, 3
653759, 3
36639, 3
41205, 3
297592, 3
35269, 3
444342, 3
364814, 3
410128, 3
22796, 3
34839, 3
2971, 3
286356, 3
129399, 3
539504, 3
297000, 3
269639, 3
260121, 3
320690, 3
130409, 3
647637, 3
644342, 2
373299, 3
543426, 3
473060, 3
101925, 3
157756, 3
330336, 3
466306, 3
552894, 3
400919, 3
97534, 3
65305, 3
377060, 3
41974, 3
134519, 3
630173, 3
80948, 3
226163, 3
650192, 3
201005, 3
198778, 3
155796, 3
649583, 3
644757, 3
623418, 3
337342, 3
222367, 3
423568, 3
621426, 3
361289, 3
568775, 3
145598, 3
554335, 3
603965, 1
202893, 3
607409, 3
65141, 3
32283, 3
325514, 3
398146, 3
491949, 3
28873, 3
290645, 3
65633, 3
78177, 2
519492, 3
456359, 3
78013, 3
279600, 3
358707, 3
491583, 3
493910, 3
475245, 3
314265, 3
580087, 3
51232, 3
152276, 3
640116, 3
357305, 3
579850, 3
77111, 3
352303, 3
512661, 3
614587, 3
36447, 3
510598, 3
183130, 3
362767, 3
320876, 3
591960, 3
130335, 3
93698, 3
354344, 3
129419, 3
409393, 3
480410, 3
515025, 3
162429, 3
114386, 3
515362, 3
332863, 1
101837, 3
548386, 3
298719, 3
468062, 3
593372, 3
613619, 3
264967, 3
168723, 3
536109, 2
120407, 2
180689, 2
623862, 3
534426, 3
464205, 3
164472, 3
363408, 3
327968, 3
105963, 3
466494, 3
181033, 3
630963, 3
550516, 3
277400, 3
274978, 3
35144, 3
276251, 3
285352, 3
257859, 3
500135, 1
280327, 3
624441, 3
211552, 3
388301, 3
329005, 3
653111, 3
310938, 3
484048, 3
246112, 3
6397, 3
181634, 3
504786, 3
529833, 3
542996, 3
548465, 3
183253, 2
642087, 3
130200, 3
264495, 3
111339, 3
510552, 3
193812, 3
636981, 3
324598, 3
468102, 3
47354, 3
287284, 3
226045, 3
648435, 3
270875, 3
655597, 3
568609, 3
610104, 1
283436, 3
540626, 3
431783, 3
12617, 3
42595, 3
475408, 3
174401, 3
426689, 3
28895, 3
555726, 3
205514, 3
112089, 3
500686, 3
575663, 3
31240, 3
120745, 3
459893, 3
156025, 3
52472, 3
84033, 3
535392, 3
52636, 3
143169, 3
266396, 3
556995, 3
45214, 3
578202, 3
106221, 3
239911, 3
147725, 3
637550, 3
170202, 3
202314, 3
155110, 3
98337, 3
208865, 3
335579, 3
623562, 3
218254, 3
237171, 3
649217, 3
369780, 3
607282, 3
436633, 2
294859, 3
499867, 3
289429, 3
400421, 3
400499, 3
570130, 3
392921, 3
40249, 3
563613, 3
537959, 3
236154, 3
69413, 3
246864, 3
144359, 3
164406, 3
446884, 3
184891, 3
461364, 3
467514, 3
14725, 3
226659, 3
578864, 3
587581, 3
417317, 3
392792, 3
573540, 3
87188, 1
620869, 3
198557, 3
262854, 3
519735, 3
382148, 3
28339, 3
239014, 3
211982, 3
554777, 3
297877, 2
652527, 3
570965, 3
498879, 2
79185, 3
354507, 3
70582, 3
150961, 3
137454, 3
405850, 3
160108, 3
414210, 3
300165, 3
254065, 3
515966, 3
266506, 3
633309, 3
337538, 3
348388, 3
538584, 3
262231, 3
503224, 3
378729, 3
460327, 3
503107, 3
257077, 3
7245, 3
147002, 3
422777, 3
16338, 3
626376, 3
330842, 3
424646, 3
173551, 3
289395, 3
457831, 3
568181, 3
303203, 3
527824, 3
427435, 3
55137, 3
203020, 3
453346, 3
18533, 3
201304, 3
482595, 3
635483, 3
154987, 3
545508, 3
6148, 3
604119, 3
565147, 2
285185, 3
540080, 3
168056, 3
286022, 3
230495, 3
397374, 3
406279, 3
82630, 3
273206, 3
130510, 3
537966, 3
480153, 3
337733, 3
125448, 3
422622, 3
28091, 3
148981, 3
550012, 3
323255, 3
271285, 3
464769, 3
350923, 3
205584, 3
452300, 3
81662, 3
396820, 3
284938, 3
254227, 3
238793, 3
165039, 3
450544, 3
292207, 3
573064, 3
315731, 3
406555, 3
640342, 3
248747, 3
318622, 3
182917, 3
560576, 3
126129, 3
432165, 3
222650, 3
69723, 3
242813, 3
32069, 3
197368, 3
120141, 3
165867, 3
158039, 3
299042, 3
221568, 3
126963, 3
494701, 3
185096, 3
494276, 3
454308, 3
80408, 3
282786, 3
248012, 3
507633, 3
152071, 3
559030, 1
398769, 3
433070, 3
128261, 3
3609, 3
381065, 3
261709, 3
114025, 3
404693, 3
415333, 3
120472, 3
193308, 3
327657, 3
238264, 3
244781, 3
131857, 3
184155, 3
592728, 3
303326, 3
255826, 3
588358, 3
315853, 3
534778, 3
128829, 1
87850, 3
279923, 3
37708, 2
121146, 3
443075, 3
460009, 3
511051, 3
48411, 3
394111, 3
281982, 3
483885, 3
298651, 3
457745, 3
336240, 3
526952, 3
266846, 3
190666, 3
497342, 3
14444, 3
587523, 3
258629, 3
582526, 3
198835, 3
406049, 3
3431, 3
481076, 3
220682, 3
281022, 3
144641, 1
604652, 3
509747, 3
470279, 3
326801, 3
420161, 3
274428, 3
647560, 3
366020, 3
177335, 3
409555, 3
267947, 3
412139, 3
606465, 3
199335, 3
142199, 3
378671, 3
550652, 3
518685, 3
508276, 3
28440, 3
362604, 3
613482, 3
644532, 2
597114, 3
217971, 3
267212, 1
602976, 3
274423, 3
368552, 3
88247, 3
13643, 3
639139, 3
493952, 2
576683, 3
655926, 3
18813, 3
197090, 3
586048, 3
622234, 2
493871, 3
77526, 3
317481, 2
613693, 3
591479, 1
55645, 3
233637, 3
618034, 3
85803, 3
330582, 3
377949, 3
202396, 3
409199, 3
116825, 3
268072, 2
397741, 3
322204, 3
357814, 3
427764, 3
77999, 3
70416, 3
23293, 3
32232, 3
283680, 3
377132, 3
206990, 3
608850, 3
90709, 3
420097, 1
384058, 3
442174, 1
16290, 3
457992, 3
524057, 3
631282, 3
81278, 3
97291, 3
346877, 3
102341, 3
566200, 3
289083, 3
531336, 3
196241, 3
655029, 3
148062, 3
136853, 3
356980, 3
373563, 3
394707, 3
390371, 1
141710, 3
321017, 3
429391, 3
267871, 3
25002, 3
118594, 3
340139, 1
430851, 3
288135, 3
659891, 3
340996, 3
343939, 3
464577, 3
155245, 3
136962, 3
192627, 3
471381, 3
386151, 3
632098, 3
566367, 3
99726, 3
257327, 3
485933, 3
131089, 3
283612, 3
313991, 2
332080, 3
255643, 3
375738, 3
120168, 3
406108, 3
355816, 3
506217, 3
124374, 3
49010, 3
647495, 3
133071, 3
237252, 3
192814, 2
66946, 3
389382, 2
224067, 3
586154, 3
420177, 3
594804, 3
660176, 3
472693, 3
628494, 3
114833, 3
400971, 3
538691, 3
443097, 3
188900, 3
407885, 3
112920, 2
394862, 1
162505, 3
103333, 3
345648, 3
596963, 3
655641, 3
53851, 2
119315, 3
39153, 3
505864, 3
168222, 3
355723, 3
270439, 3
310457, 3
124727, 3
55025, 3
387913, 3
411019, 3
346531, 3
350232, 3
525104, 3
606925, 1
57389, 3
242725, 3
151035, 3
166267, 3
147401, 3
596629, 3
512688, 3
93780, 3
577656, 3
438498, 3
495465, 3
416795, 3
511983, 3
419121, 3
634005, 3
268123, 3
169168, 3
244481, 3
656258, 3
398227, 3
514097, 3
382609, 3
442410, 3
438101, 3
9374, 3
127960, 3
236496, 3
3120, 3
150743, 2
505335, 3
517222, 3
51501, 3
283438, 3
96540, 3
172060, 3
220268, 3
52309, 3
493155, 3
7007, 3
166661, 3
635020, 3
308553, 3
333356, 3
234097, 3
641177, 3
221228, 3
501705, 3
465264, 3
260149, 3
541098, 3
271671, 3
53686, 3
504734, 3
652256, 3
412080, 3
60211, 3
506093, 3
208020, 3
440703, 3
156860, 3
306879, 3
161032, 3
157905, 3
116868, 3
479840, 3
362318, 3
642788, 3
328229, 3
273733, 3
415574, 3
132007, 3
155375, 3
472782, 3
606282, 3
436641, 3
600363, 2
616817, 3
155505, 3
619569, 3
237429, 3
265730, 2
85475, 3
101598, 3
463697, 3
193773, 3
103882, 3
32508, 3
303314, 3
359786, 3
581799, 3
478295, 3
535250, 3
572720, 3
566551, 3
26448, 3
602449, 3
497647, 3
284832, 3
26158, 3
607976, 1
128372, 3
77032, 3
597979, 3
339883, 3
575857, 3
307035, 1
82769, 3
190277, 3
570962, 1
135338, 3
529416, 3
628947, 3
518419, 3
34299, 3
453656, 3
601336, 3
591411, 3
648148, 3
44234, 1
575703, 3
376151, 3
15051, 3
516752, 3
598669, 3
380635, 3
610749, 3
46365, 3
141865, 3
362380, 3
306427, 3
653307, 3
441069, 3
108204, 3
439838, 3
124611, 3
497921, 3
213599, 3
590785, 3
182011, 3
552225, 3
522942, 2
6862, 3
607987, 3
465568, 3
10844, 3
478426, 3
109308, 3
482895, 3
558723, 1
94583, 3
627998, 3
351004, 3
90648, 3
357505, 3
378638, 3
544919, 3
315460, 3
170113, 3
211787, 3
203160, 3
161075, 3
157165, 3
201380, 3
408060, 3
302863, 3
319565, 3
408040, 3
190488, 3
574137, 3
76811, 3
462848, 3
614253, 3
554318, 3
242853, 3
249543, 3
621822, 3
482552, 3
223212, 3
565731, 3
343291, 3
387107, 3
618848, 3
129548, 3
552606, 3
490948, 3
51041, 3
500375, 3
104624, 3
601903, 3
461815, 3
219308, 3
72390, 3
548671, 3
278093, 3
333156, 3
93692, 3
225024, 3
254253, 3
455926, 3
610752, 3
275961, 3
1460, 3
132625, 3
198650, 3
293912, 3
11284, 3
64215, 3
220230, 2
149309, 3
525316, 2
166645, 3
629432, 3
654841, 3
492860, 3
574898, 3
645564, 2
2798, 3
401856, 3
412679, 3
355139, 3
123302, 3
300008, 2
180405, 3
296839, 3
208135, 3
83513, 3
295111, 3
551658, 3
300663, 3
49081, 3
15560, 3
421567, 3
79133, 3
152165, 3
396504, 3
297602, 3
547111, 3
406374, 3
529561, 1
317433, 3
435605, 3
600789, 3
378527, 3
22935, 3
466296, 3
330118, 3
172087, 3
578518, 3
511490, 3
386132, 3
595670, 3
600942, 1
292465, 3
119426, 3
103960, 3
342118, 1
234683, 3
606234, 2
7638, 3
365205, 3
158611, 3
554209, 3
313691, 3
518282, 3
169478, 3
1581, 3
174879, 3
621222, 3
366931, 3
419101, 3
608106, 3
607533, 3
281963, 3
270044, 3
397763, 3
214125, 1
281727, 3
400595, 3
627802, 3
211972, 3
238811, 3
338231, 3
400629, 3
608956, 3
69234, 2
198495, 3
427533, 3
71752, 3
76205, 3
504758, 3
59521, 1
320626, 3
560205, 3
442427, 3
648086, 3
242906, 3
184349, 3
146241, 3
418226, 3
548802, 3
375787, 3
225496, 3
250399, 3
323183, 3
320510, 3
182879, 3
528092, 3
597902, 3
385422, 3
239542, 3
30152, 3
85311, 3
488458, 3
460190, 3
593977, 3
270632, 3
288205, 3
100392, 3
275452, 3
2215, 3
100984, 3
478505, 3
212086, 3
48447, 3
453237, 3
636998, 3
18806, 3
526735, 3
309920, 3
571537, 3
304563, 3
439760, 3
30972, 3
439501, 2
300091, 3
323914, 3
497186, 3
163680, 3
487641, 2
558894, 3
318827, 3
621734, 3
388895, 3
275440, 3
292520, 3
555526, 3
548818, 3
58161, 3
331717, 3
380442, 3
501357, 3
352468, 3
351468, 3
245574, 3
400233, 3
35147, 3
649149, 3
70381, 3
591335, 3
510811, 3
260263, 3
243517, 3
47116, 3
526390, 3
43785, 3
626242, 3
483676, 3
91097, 3
300570, 3
266531, 3
340727, 3
346165, 3
60605, 2
28534, 3
174351, 3
316787, 3
174825, 3
565505, 3
304575, 3
8259, 3
237766, 3
588931, 3
370309, 3
551075, 3
641419, 2
454074, 3
520235, 3
104408, 3
97235, 3
359434, 3
169567, 3
68548, 3
86288, 3
76136, 3
508930, 3
500926, 3
486102, 3
34436, 3
309540, 3
516091, 2
529450, 3
301537, 3
272474, 3
279358, 3
141811, 3
218657, 3
660930, 3
104473, 3
481285, 3
174111, 3
206147, 1
309819, 3
485595, 3
21529, 3
183254, 3
225766, 3
628029, 3
448459, 3
599138, 3
27533, 3
411677, 3
512293, 3
422143, 3
65935, 3
664068, 3
283793, 3
588148, 3
176002, 3
483193, 3
524579, 3
479582, 3
231147, 3
408404, 3
109890, 3
654652, 3
290867, 3
64990, 3
436726, 3
19624, 3
318781, 3
588761, 3
395960, 3
66922, 3
404654, 3
374910, 3
488514, 1
518503, 3
583044, 3
32144, 3
532207, 2
99092, 3
209989, 3
140987, 3
205079, 3
526644, 3
609849, 3
367219, 3
533345, 3
271959, 3
645613, 3
63167, 3
401236, 2
427630, 3
220938, 3
552730, 3
391429, 3
270524, 3
22882, 3
405745, 3
433211, 3
64023, 3
201473, 3
273636, 3
284299, 3
77878, 3
457731, 3
657790, 3
235732, 3
513408, 3
194438, 3
368367, 3
339439, 3
600354, 3
283739, 3
324752, 3
627633, 3
545370, 3
591226, 3
134705, 3
453537, 3
520788, 3
257724, 2
169298, 3
140916, 3
473083, 3
495509, 3
219823, 3
330356, 3
166173, 3
380875, 3
437631, 3
603177, 3
622154, 3
498812, 3
490043, 3
531882, 3
172113, 3
402689, 3
311779, 2
5712, 3
192046, 1
123159, 3
172212, 3
177026, 3
384120, 3
536091, 3
298802, 3
81570, 2
8086, 3
165898, 3
603955, 3
511080, 3
632702, 3
68557, 3
126548, 3
216229, 2
388166, 3
486264, 3
168235, 3
448787, 3
644345, 3
665162, 2
267964, 3
486044, 3
634999, 3
528394, 3
242696, 3
284116, 3
575047, 3
142066, 3
593768, 3
366786, 2
556242, 3
530789, 3
323967, 3
191394, 3
326033, 3
219695, 3
186604, 3
61047, 3
447660, 3
383112, 3
83722, 3
77833, 3
652409, 3
26239, 3
99623, 3
373209, 3
387681, 3
500400, 3
522486, 3
597541, 3
28934, 3
19829, 3
517770, 3
289888, 3
507689, 3
180397, 3
519384, 3
136920, 3
298119, 3
441577, 3
585920, 2
527197, 3
37968, 3
275273, 3
590824, 3
600614, 3
74755, 3
112334, 3
458569, 3
189449, 3
304662, 3
232330, 3
392958, 3
514417, 3
561033, 3
204282, 3
267277, 3
639821, 3
270895, 3
515485, 3
34682, 3
363745, 3
242655, 3
581807, 3
421711, 3
374212, 3
534985, 3
508006, 3
657854, 3
386718, 3
24398, 3
77085, 3
119192, 3
149067, 3
589977, 3
42240, 3
563612, 3
435420, 3
391161, 3
374394, 3
227109, 3
172200, 3
482360, 3
221801, 3
265665, 3
102745, 3
154907, 3
435382, 3
638905, 3
592539, 3
95781, 3
169516, 3
549551, 3
316923, 3
369580, 3
581812, 3
158756, 3
314666, 3
94113, 3
483471, 3
595885, 3
456398, 3
143220, 3
643630, 3
460228, 3
159837, 3
298746, 3
597549, 2
559300, 3
656864, 3
205952, 3
256604, 3
267903, 2
523906, 3
610482, 2
499463, 3
222909, 3
375630, 3
135194, 3
212869, 2
328032, 3
540079, 3
541845, 3
177194, 3
246168, 3
608998, 3
258062, 3
478608, 3
557120, 3
110967, 3
191790, 2
238791, 3
18712, 3
218339, 3
402858, 3
124795, 3
518527, 3
33680, 3
140384, 3
578275, 3
565907, 3
645950, 3
161072, 3
355645, 3
297858, 1
429753, 3
299391, 3
70497, 3
523482, 3
150623, 3
625894, 3
81164, 3
192249, 3
263593, 3
37240, 3
474229, 3
447887, 3
241545, 3
479918, 3
211669, 3
621398, 3
152092, 3
210827, 3
175441, 3
361430, 3
392752, 3
402278, 3
338345, 3
312838, 3
248209, 3
585386, 2
234338, 3
541084, 3
548158, 3
111972, 3
112650, 3
567220, 3
168950, 3
187582, 3
472880, 3
295728, 3
611513, 3
85668, 3
198653, 3
440797, 3
639, 3
570322, 3
529602, 3
280212, 3
29491, 3
612475, 3
90783, 3
432305, 3
598086, 3
48359, 3
35185, 3
624088, 3
124965, 2
658768, 3
444930, 3
276085, 3
446485, 2
218499, 3
56194, 3
486769, 3
271034, 3
567611, 3
597097, 3
482855, 3
661678, 3
87374, 3
478471, 3
299934, 3
200351, 3
60919, 3
158700, 3
194206, 3
62011, 3
38308, 3
529541, 3
105996, 3
269035, 3
322444, 3
53493, 3
447092, 3
479358, 3
48719, 3
459762, 3
303403, 3
628921, 3
355202, 3
74147, 3
40954, 3
33855, 3
568127, 3
477902, 3
65894, 3
131730, 3
181619, 3
630268, 3
234197, 3
25643, 3
577157, 3
345255, 3
340195, 3
160899, 3
446729, 3
123863, 3
185676, 3
341096, 3
489397, 3
421721, 3
88495, 3
292400, 3
484649, 3
57431, 3
433146, 1
9259, 3
480106, 3
577366, 3
530468, 3
642437, 3
133238, 3
85594, 3
72350, 1
235404, 3
336469, 3
34732, 3
100002, 3
532957, 3
31014, 3
8192, 3
300839, 3
543368, 3
241925, 3
342049, 3
635186, 3
114281, 3
621220, 3
260454, 3
393736, 3
98690, 3
457920, 3
449825, 3
167641, 3
581393, 3
105022, 3
381141, 3
168473, 3
226809, 3
251647, 3
339504, 3
199271, 3
550501, 3
497069, 3
324969, 3
538346, 3
188576, 3
483640, 3
534287, 3
7865, 3
515699, 3
586095, 3
429964, 3
264902, 3
41193, 3
592795, 3
144688, 3
270626, 3
482056, 3
397539, 3
362287, 3
413733, 3
500616, 3
276996, 3
165498, 3
216960, 3
152686, 3
186657, 3
251299, 3
426997, 3
195126, 3
473423, 3
149071, 3
628942, 3
415914, 3
266406, 3
199319, 3
270514, 3
422644, 3
224706, 3
434662, 3
486055, 3
201459, 3
179420, 3
29343, 3
66681, 3
284696, 3
277638, 3
68592, 3
626156, 3
176068, 3
348942, 3
627864, 2
571328, 3
652502, 3
221976, 1
396352, 3
590171, 3
537224, 3
495088, 2
365618, 3
399284, 3
181328, 3
384960, 3
87008, 3
483872, 3
358064, 3
310645, 3
498041, 3
320107, 3
39630, 3
335563, 3
80965, 3
202867, 3
92538, 3
348051, 3
372302, 3
360971, 3
98599, 3
463880, 3
311079, 1
388864, 3
202043, 3
233342, 2
407585, 3
330046, 3
178503, 3
185661, 3
547950, 3
657805, 3
123287, 3
512772, 3
84313, 3
635691, 3
230511, 3
621718, 3
301957, 3
170325, 3
511292, 3
260127, 3
282077, 3
71415, 3
239009, 3
520215, 3
42341, 3
45181, 3
40687, 3
415909, 3
520723, 3
244464, 3
412250, 3
55059, 3
519188, 3
635572, 3
439101, 3
42625, 3
134320, 3
127506, 3
139105, 3
546122, 3
478438, 3
364136, 3
132403, 3
638029, 3
188744, 3
524566, 3
7124, 3
525019, 3
448039, 3
593417, 3
222784, 3
146611, 3
579670, 3
439479, 3
300167, 3
175539, 3
62872, 3
407504, 3
273225, 3
613801, 3
223148, 3
155460, 3
287819, 3
152739, 3
102498, 3
194458, 3
538104, 3
45725, 3
77148, 3
597208, 3
447439, 3
531474, 3
500922, 3
253188, 3
502869, 3
201791, 3
204392, 3
326418, 3
498723, 3
117283, 3
578278, 3
91103, 3
109981, 3
129243, 3
146709, 3
409885, 3
46169, 3
65652, 3
406269, 3
224432, 2
335083, 3
331412, 3
657429, 3
426430, 3
257047, 3
274299, 3
352207, 3
640921, 3
463538, 3
555082, 3
157999, 3
89184, 3
314288, 3
353745, 3
617440, 3
313957, 3
200978, 3
466518, 3
213233, 3
427786, 3
586321, 1
332556, 3
106699, 3
87083, 3
477561, 3
168942, 3
181629, 2
49501, 3
212293, 3
264560, 3
485154, 2
94290, 3
473414, 3
48662, 3
236881, 3
357589, 3
236513, 3
48593, 1
418053, 3
580556, 3
353375, 3
106730, 3
54734, 3
407642, 3
339530, 3
194450, 3
298634, 3
379151, 3
127382, 3
27546, 3
33600, 3
531914, 3
477898, 3
356284, 3
437736, 3
101649, 3
482901, 3
181470, 3
364429, 3
393719, 3
206116, 3
130859, 3
106061, 3
483370, 3
85434, 3
231219, 3
419959, 3
623421, 3
54600, 3
331453, 3
355952, 3
154331, 3
662688, 3
390518, 3
657822, 3
387003, 3
248267, 3
392902, 3
323901, 3
417715, 3
128880, 3
360968, 3
200332, 3
193543, 3
532538, 3
499606, 3
363171, 3
616190, 3
51639, 3
449568, 3
615327, 3
494501, 3
70458, 3
472900, 3
589014, 3
434209, 3
581492, 3
286541, 3
372253, 3
598841, 3
94226, 3
55314, 3
581340, 3
379428, 3
82868, 3
52387, 3
616291, 3
332667, 3
71053, 3
409880, 3
413693, 3
102248, 3
125296, 3
247240, 3
431054, 2
323906, 3
593983, 3
396438, 3
486076, 3
371199, 3
529385, 3
93665, 3
268440, 2
150039, 3
186169, 3
218859, 3
549109, 3
367446, 3
607080, 3
16640, 3
521262, 3
604327, 3
324647, 3
509312, 3
523032, 3
456336, 3
147185, 3
198046, 3
73202, 3
348829, 3
198458, 3
600202, 3
321231, 3
571789, 2
209205, 3
47615, 3
251190, 3
619046, 3
77648, 3
246305, 3
191230, 3
33702, 3
76602, 3
351386, 3
526026, 3
109724, 3
256696, 3
46354, 3
645097, 3
108425, 3
544310, 3
647366, 3
233770, 3
71429, 2
266160, 3
251960, 3
146637, 3
133032, 3
304146, 3
380489, 3
93061, 3
273839, 3
46217, 3
158420, 3
473983, 3
386762, 3
211779, 3
504221, 3
301099, 2
5052, 3
53424, 3
645586, 3
152128, 3
502893, 3
441685, 3
403792, 3
517333, 3
451533, 2
661047, 3
473905, 3
493385, 3
140, 3
664953, 3
27395, 3
649412, 3
335780, 3
543485, 3
247154, 3
435788, 3
238299, 3
468444, 3
664220, 1
135052, 3
335087, 3
421239, 3
597290, 3
310592, 3
475544, 3
473172, 3
662676, 3
171505, 3
172518, 3
256022, 3
440671, 3
312847, 2
601635, 1
548685, 3
626992, 3
118704, 3
236157, 3
540407, 3
384114, 3
136060, 3
25015, 3
523650, 3
628406, 3
474469, 3
416742, 3
30285, 3
625131, 3
483710, 3
142440, 3
427476, 2
572272, 3
433196, 3
647159, 3
345739, 3
119860, 3
544362, 3
363136, 3
240660, 3
286354, 3
201251, 3
230937, 3
512416, 3
389279, 3
284113, 3
301008, 3
583109, 3
228119, 3
547377, 3
494931, 3
397696, 3
308542, 3
429887, 3
305488, 3
134791, 3
254186, 3
581867, 3
651304, 3
503684, 2
274255, 3
661541, 3
485352, 3
499684, 3
48756, 3
564706, 3
365201, 3
650665, 3
629702, 3
71929, 3
530632, 3
593090, 3
499560, 3
523823, 3
172976, 3
574450, 2
448561, 3
473942, 3
617728, 3
580561, 3
576733, 3
526240, 3
417705, 3
402160, 3
525202, 3
364510, 3
326511, 3
86314, 3
217330, 1
268724, 3
595813, 3
493138, 3
31206, 3
96752, 3
475520, 2
300537, 3
495114, 3
326464, 3
98384, 3
235916, 3
10781, 3
607650, 2
636420, 3
460205, 3
421106, 3
270625, 3
560614, 3
181917, 3
123923, 3
386986, 3
81929, 3
166395, 3
412305, 3
78420, 3
368580, 3
219557, 3
571045, 3
273223, 3
565592, 3
410739, 3
390513, 3
156614, 3
7823, 3
589135, 3
432349, 3
491710, 3
48918, 3
590582, 3
187027, 3
177484, 3
439764, 3
552153, 3
538537, 3
538798, 3
575375, 3
509116, 3
493998, 3
273440, 3
121257, 3
502608, 3
248756, 3
145255, 3
259402, 3
650561, 1
594883, 3
116565, 3
68683, 3
300969, 3
374295, 3
387458, 3
465619, 3
483497, 3
397459, 3
262560, 2
291997, 3
533480, 3
654036, 3
124864, 3
410800, 2
111673, 3
23233, 3
636839, 3
499278, 3
61287, 2
541617, 3
586242, 3
367232, 3
428102, 3
296821, 3
19409, 3
525278, 1
546017, 3
411033, 3
167583, 1
220604, 3
602909, 3
286732, 3
497026, 3
601112, 3
288184, 3
453923, 3
452808, 3
215858, 3
599748, 3
454742, 3
487451, 3
170176, 3
70277, 2
341517, 3
48892, 3
273955, 3
262010, 3
546154, 3
256119, 3
645285, 3
433699, 3
100987, 3
646002, 3
555441, 3
305609, 3
471973, 3
527479, 3
284053, 3
612052, 3
477209, 2
580351, 3
131622, 3
663851, 3
468118, 3
224508, 3
361191, 3
37902, 3
122193, 3
525157, 3
449776, 3
75110, 3
5123, 3
287435, 3
622683, 3
533288, 3
308015, 3
525153, 3
34241, 3
477313, 3
162215, 3
63072, 3
283236, 3
47667, 3
145189, 3
198946, 3
642708, 3
575000, 3
384200, 3
410867, 3
89086, 3
254075, 3
309078, 3
656524, 3
471652, 3
159972, 3
476489, 3
554256, 3
74974, 3
281031, 3
433451, 3
425452, 3
531618, 3
497234, 2
483662, 3
60304, 2
349435, 1
349077, 3
650778, 3
282895, 3
412831, 3
554448, 3
137599, 3
184934, 3
336542, 3
61266, 1
123403, 3
116253, 3
382181, 3
396565, 3
389692, 3
135423, 3
186011, 3
428359, 3
261483, 3
582328, 3
599676, 3
145733, 3
56123, 3
310135, 3
128960, 3
143612, 3
248655, 3
25953, 3
445576, 3
269552, 3
515591, 2
125429, 3
223631, 3
357844, 1
655355, 2
92825, 3
658184, 3
536019, 3
179401, 3
255791, 3
93681, 3
484512, 3
391624, 3
152404, 3
411933, 3
463738, 3
55058, 3
634976, 3
242691, 3
322952, 3
242543, 3
96413, 3
514321, 3
501650, 3
656508, 3
221232, 3
416279, 3
411612, 3
443288, 3
108963, 3
56258, 3
330476, 3
196717, 3
373226, 3
245947, 3
177270, 3
359194, 3
581105, 3
294942, 3
331946, 3
497824, 3
571674, 3
460036, 3
67874, 3
5091, 3
552767, 3
7033, 3
551335, 3
461385, 3
435658, 3
665132, 3
38770, 3
629066, 3
656604, 3
64036, 3
32837, 3
75192, 3
423146, 3
485397, 3
568950, 3
51330, 3
113430, 3
463037, 3
208359, 3
55514, 3
620995, 3
446707, 3
239940, 3
470614, 3
432905, 3
98044, 3
156545, 3
589354, 3
571225, 3
71321, 3
567469, 3
366682, 3
327654, 3
413987, 3
82595, 3
474128, 3
214689, 3
533367, 3
607333, 3
379265, 3
254230, 3
293395, 3
394412, 3
305612, 3
155330, 3
124286, 3
643580, 3
204495, 3
342073, 3
634182, 3
546983, 3
376813, 3
371032, 3
530220, 3
643683, 3
16491, 3
242737, 3
58647, 3
444319, 3
364387, 3
538983, 3
405855, 3
49394, 3
594908, 3
238285, 3
380666, 3
213415, 3
291224, 3
288735, 3
20983, 3
113299, 3
484957, 3
504233, 3
440724, 3
10143, 3
642985, 3
170244, 3
321914, 3
539165, 3
243998, 3
50943, 3
124836, 3
536216, 3
48705, 3
93037, 3
637394, 3
14076, 3
593103, 3
365660, 3
554930, 3
604983, 3
101184, 3
13598, 3
574930, 3
38574, 3
461621, 3
71253, 3
447302, 3
123054, 3
55992, 3
517716, 3
451427, 3
426790, 3
630087, 2
134859, 3
553729, 3
657706, 3
67071, 3
270268, 3
427377, 3
105211, 3
237253, 3
46492, 3
652218, 3
64872, 3
221804, 3
197190, 3
97416, 2
565039, 3
344141, 3
211637, 3
489221, 3
90436, 3
308677, 3
135905, 3
194393, 3
552799, 3
419382, 3
269635, 3
373504, 3
187017, 3
602473, 3
414066, 3
490988, 3
75220, 3
381753, 3
332481, 3
296415, 3
643210, 3
319938, 3
290677, 3
341480, 3
66679, 3
337842, 3
347322, 3
247645, 3
413214, 3
577204, 3
124185, 3
154464, 3
462934, 3
519359, 3
464672, 2
383902, 3
136511, 3
248785, 3
350487, 3
80357, 3
651979, 3
328044, 3
576100, 3
312905, 3
150813, 3
540964, 3
331111, 3
640122, 3
589655, 3
268628, 3
544103, 1
351966, 3
132089, 3
58637, 3
153188, 2
570103, 3
236065, 3
595315, 3
533920, 3
655384, 3
72337, 3
230190, 3
503509, 3
155793, 1
307208, 3
64153, 3
456039, 3
125209, 3
641547, 3
213250, 3
130803, 3
9861, 3
111117, 3
301340, 1
314049, 3
176290, 3
232231, 3
417129, 3
80526, 3
351147, 3
117308, 3
321768, 2
428074, 3
412129, 3
62694, 3
487942, 3
639163, 3
528954, 1
25668, 3
487437, 3
107305, 3
397476, 3
133627, 3
8932, 3
565526, 3
558694, 3
183385, 2
573935, 3
630899, 3
351075, 3
432856, 3
606447, 3
204395, 3
240244, 3
292781, 3
135075, 3
502183, 3
85814, 3
224955, 3
129460, 3
31785, 3
437317, 3
257916, 3
351848, 3
565603, 2
80367, 3
237049, 3
251696, 3
89916, 3
33406, 3
236468, 3
184421, 3
645897, 3
636746, 3
456684, 3
37143, 3
73551, 3
200412, 1
428640, 3
102064, 3
152129, 3
468923, 3
598768, 3
138400, 3
67471, 3
476738, 3
652515, 3
353015, 3
592216, 3
61937, 3
653308, 3
159678, 3
349377, 3
90891, 3
167992, 3
247443, 3
68076, 3
63387, 3
499969, 3
25416, 3
230599, 3
469711, 3
86016, 3
356255, 3
641185, 3
250447, 3
62947, 3
323041, 3
125786, 3
282133, 3
577484, 3
366104, 3
537388, 3
335591, 3
138407, 3
217310, 3
328182, 3
280602, 3
88067, 3
601679, 3
606794, 3
399910, 3
274019, 3
448442, 3
396897, 3
229940, 3
458303, 3
630199, 3
663591, 3
396415, 3
454336, 3
282699, 3
602505, 3
183302, 3
193740, 3
323656, 3
212335, 3
421919, 3
74720, 3
330806, 3
555473, 3
187526, 3
112608, 3
649044, 3
24068, 3
337210, 3
84660, 3
119311, 3
38962, 3
187318, 3
235205, 3
197113, 3
140222, 3
569809, 3
79637, 3
68065, 3
468607, 3
472681, 3
446751, 3
357374, 3
176712, 3
616481, 3
411474, 3
102608, 3
218464, 3
106870, 3
90119, 3
366456, 3
211413, 3
106610, 3
457634, 3
101269, 3
612268, 2
354209, 3
152398, 3
412513, 3
500383, 3
445909, 3
250778, 2
638443, 3
121678, 3
126799, 3
2430, 3
16972, 3
335690, 3
142183, 3
5996, 3
324446, 3
520930, 3
320551, 3
500090, 3
306555, 3
551725, 3
511169, 3
630584, 3
661333, 3
426913, 3
645531, 3
116772, 3
178486, 1
148433, 3
441583, 3
241893, 3
4101, 3
145070, 3
225926, 3
397432, 3
245495, 3
276094, 3
432741, 3
424473, 1
613230, 3
210938, 3
613340, 2
171671, 3
136296, 3
13020, 3
270199, 3
642042, 3
414320, 3
101022, 3
57962, 2
554967, 3
444713, 2
25637, 3
575293, 3
544252, 3
463108, 3
237652, 3
81969, 3
486164, 3
462352, 3
49087, 3
415857, 3
75926, 2
218138, 3
59954, 3
39137, 3
308621, 3
401278, 3
15768, 3
1470, 3
13990, 3
228023, 3
292666, 3
144490, 3
361249, 3
5077, 3
347086, 3
270797, 3
493168, 3
616015, 3
580162, 3
158254, 3
514994, 3
576971, 3
615693, 3
584251, 2
262673, 3
474655, 3
91293, 3
506832, 2
250129, 3
587569, 3
429277, 3
201072, 3
247504, 3
391824, 3
155867, 3
557542, 3
554433, 3
29936, 3
256730, 1
409013, 3
389402, 3
466724, 3
608049, 3
218870, 3
125157, 3
6963, 3
184844, 3
455662, 3
38621, 3
503435, 3
622852, 3
387499, 3
110708, 3
153578, 3
478647, 3
132405, 3
48594, 3
465888, 3
109342, 3
196190, 3
553313, 3
104252, 3
150579, 3
212636, 3
320507, 3
146348, 3
101991, 3
70642, 3
551128, 3
348376, 3
626114, 3
547276, 3
571474, 3
136625, 3
411445, 3
140681, 3
374853, 3
501417, 3
107693, 3
540326, 3
441033, 3
97067, 3
241892, 3
182213, 3
470918, 3
404043, 3
181891, 3
142485, 3
396707, 3
220587, 3
628398, 3
280601, 3
629771, 3
196798, 3
51847, 3
304541, 3
558041, 3
127235, 2
335043, 3
333572, 3
577167, 3
80141, 3
306092, 3
523052, 3
223944, 3
402847, 3
59621, 3
187438, 3
22889, 3
563352, 3
200201, 3
522421, 1
401819, 3
252432, 3
580954, 3
653034, 3
415218, 2
515556, 3
537503, 3
16608, 3
216814, 3
279061, 3
317298, 3
466131, 3
77861, 3
466615, 3
83675, 2
479999, 3
163050, 3
188321, 3
515166, 3
299336, 3
405498, 2
187727, 2
436752, 3
507501, 3
202251, 3
20132, 3
654438, 3
252421, 3
446182, 3
322807, 3
639928, 3
590970, 3
100860, 2
207093, 3
580186, 3
661300, 3
599369, 3
172889, 3
619033, 3
128328, 3
274714, 3
531250, 3
68413, 3
448881, 3
292621, 3
351954, 3
545689, 3
216931, 3
357812, 3
289623, 3
260819, 3
49805, 3
362365, 3
370445, 3
137535, 2
180969, 3
355539, 3
182512, 3
352119, 3
5532, 3
663335, 3
497530, 3
115617, 3
125814, 3
77483, 3
150639, 3
450218, 3
253588, 3
484467, 3
92865, 3
554986, 3
418252, 3
423309, 3
343087, 3
472363, 3
312799, 3
526063, 3
18649, 3
26246, 3
621687, 3
101482, 3
607064, 3
327588, 3
532292, 3
104062, 3
263883, 3
19402, 3
93217, 3
71108, 3
472225, 3
258455, 3
159422, 3
552023, 3
534614, 3
225622, 3
95989, 3
640576, 3
190628, 3
439484, 3
393078, 3
561695, 3
296167, 3
93072, 3
368750, 3
363658, 3
420642, 3
518788, 3
15246, 3
315400, 2
353549, 3
645410, 3
499313, 3
305177, 1
643701, 3
326830, 3
176418, 3
464849, 3
302864, 2
663889, 3
308035, 3
402996, 3
597109, 1
394124, 3
340115, 3
127557, 3
283330, 3
520031, 3
80936, 3
49330, 3
150836, 3
191688, 3
93257, 3
353263, 3
212946, 3
422800, 3
470882, 3
400525, 3
22105, 3
1225, 3
276565, 3
46247, 3
220285, 3
124858, 3
520223, 3
362169, 3
600543, 3
407604, 3
65286, 3
500384, 3
569175, 3
115035, 3
266422, 3
62057, 3
71348, 3
620154, 3
587625, 3
57421, 2
186154, 3
508424, 3
231164, 3
505989, 3
37842, 1
213480, 3
594423, 3
458809, 3
218700, 3
299759, 3
275304, 3
363382, 3
157617, 3
390295, 3
299763, 3
612700, 3
7327, 3
434189, 3
94560, 3
467906, 3
180026, 3
100923, 3
411008, 3
451218, 1
380819, 3
434235, 3
75160, 3
657369, 2
177588, 3
2009, 3
571855, 3
26976, 3
631366, 3
421072, 3
353919, 3
1542, 3
512697, 3
243959, 3
332927, 3
480220, 2
427793, 3
481050, 3
268533, 3
396151, 3
150673, 3
388248, 3
291348, 3
85786, 3
432209, 3
220608, 3
585671, 3
358897, 3
219852, 3
514143, 3
649337, 3
550286, 3
589293, 3
99331, 3
12162, 3
319089, 3
343925, 3
153921, 3
184687, 3
455422, 3
372907, 3
5610, 3
65444, 3
129943, 3
516975, 3
659402, 3
503397, 3
484376, 3
142885, 3
323393, 3
635874, 3
479378, 3
131105, 3
178692, 3
331225, 3
77253, 3
17332, 3
316764, 3
147004, 3
661459, 3
661679, 1
8161, 3
17378, 3
609544, 3
107004, 3
255106, 3
157216, 3
638178, 3
662049, 3
561947, 3
79427, 3
91571, 3
551153, 3
461479, 3
205431, 3
52596, 3
2298, 3
182971, 3
510394, 3
12696, 3
119393, 3
128388, 3
210347, 3
99369, 3
207208, 3
529123, 3
199426, 3
467137, 3
181717, 3
235705, 3
613175, 3
228122, 3
250259, 3
200239, 2
344437, 3
422321, 3
472764, 3
530473, 3
200266, 2
193915, 3
138937, 3
107100, 1
494116, 3
385168, 3
202339, 3
488442, 3
480805, 3
452686, 2
524409, 3
19312, 3
516550, 1
324508, 3
333211, 3
116206, 2
344488, 3
201261, 3
327620, 3
546246, 3
230329, 3
587002, 3
587530, 3
217567, 3
373382, 3
456125, 3
223134, 3
231253, 3
543420, 3
305709, 3
274590, 3
185199, 3
590671, 3
370668, 3
613216, 3
598902, 3
471508, 3
256931, 3
387712, 3
322359, 3
138798, 3
359007, 2
225589, 3
312598, 3
663480, 1
315660, 3
539848, 3
530429, 3
346099, 3
452459, 3
562767, 3
468767, 3
491907, 3
66984, 3
207826, 3
227472, 3
618070, 3
532628, 3
548552, 3
274979, 3
382999, 3
429981, 1
250124, 3
5893, 3
626458, 3
263779, 2
174383, 3
329104, 3
380353, 3
14243, 3
26624, 3
513829, 3
178812, 3
176569, 3
2872, 3
608982, 1
551175, 3
7897, 3
608505, 3
560172, 3
307924, 3
504911, 3
508729, 2
543397, 3
483355, 3
386705, 3
524259, 3
273973, 3
586526, 3
452412, 2
180888, 3
321953, 3
473949, 3
649332, 3
177521, 3
152814, 3
51344, 3
529637, 3
313607, 3
489497, 3
577125, 3
32693, 2
183681, 3
153880, 3
10480, 3
538049, 3
503016, 3
521059, 3
251286, 3
415696, 3
433189, 3
316950, 3
330474, 3
634407, 2
626363, 3
34638, 3
301908, 2
581891, 3
110140, 3
328486, 3
53032, 3
152354, 3
415516, 3
169988, 3
398047, 3
262378, 3
531800, 2
606702, 3
231584, 3
225216, 3
131509, 3
9771, 3
609020, 3
491452, 3
280654, 3
409894, 3
211719, 3
156448, 3
193320, 3
591250, 3
273480, 3
588480, 3
570520, 3
627236, 3
651680, 3
431127, 3
491129, 1
8826, 3
181234, 3
507759, 2
445981, 1
418836, 3
83034, 3
205963, 3
211563, 3
39810, 3
192108, 3
87573, 3
499932, 3
418218, 3
378106, 3
35388, 3
507948, 1
430731, 3
149208, 3
430752, 3
201196, 3
80538, 3
337775, 3
12615, 3
49856, 3
245076, 3
320503, 3
302416, 3
444951, 3
547258, 3
452116, 3
196202, 3
398745, 3
493034, 3
543684, 3
231370, 3
223157, 3
562401, 3
86180, 3
285405, 3
569331, 3
170818, 3
475987, 3
417107, 3
104084, 3
410371, 3
610960, 3
172429, 3
92259, 3
443763, 3
270551, 3
467581, 3
362891, 3
132919, 3
24368, 3
294789, 3
144212, 3
619253, 3
594638, 1
264648, 3
655899, 3
657665, 3
23852, 3
310370, 3
203988, 3
536885, 3
32561, 3
485856, 3
367459, 3
278948, 3
72642, 3
551184, 3
181206, 3
6496, 3
188435, 3
226573, 3
217695, 3
291036, 3
215066, 3
114272, 3
529866, 3
172217, 3
247050, 3
207072, 3
78307, 1
586758, 3
107016, 3
299141, 3
233522, 3
328483, 3
306307, 3
37665, 3
309240, 3
81613, 3
61026, 3
460592, 3
486446, 3
608097, 3
231127, 2
504065, 3
104419, 3
161719, 3
594548, 3
633679, 3
626726, 3
228067, 1
324138, 3
29908, 3
221045, 3
591040, 3
506192, 3
53794, 3
246632, 3
415113, 3
513100, 2
16989, 3
2393, 3
481516, 3
587103, 3
207911, 3
478543, 3
140832, 3
236390, 3
59265, 3
365914, 2
501319, 3
31115, 3
296403, 3
8635, 3
642875, 3
182599, 3
360807, 3
480288, 3
20454, 3
521713, 3
218462, 3
138993, 3
94772, 3
248477, 3
253666, 3
275606, 3
542156, 3
510885, 3
583974, 3
77981, 3
349864, 3
267757, 3
477631, 2
502996, 3
262234, 3
583492, 3
74387, 2
507829, 3
99316, 3
163201, 3
88667, 3
333841, 3
445015, 3
263153, 2
624965, 1
632691, 3
447910, 3
653356, 3
629709, 2
268897, 3
593147, 3
319610, 3
206953, 3
62506, 3
440760, 3
626886, 3
416823, 3
236245, 3
227575, 3
102076, 3
529864, 3
365183, 3
364358, 3
566860, 3
388995, 3
492722, 3
39018, 3
309924, 3
125159, 3
328995, 3
298696, 3
605074, 3
589906, 3
479576, 3
618033, 3
387367, 3
61373, 3
62570, 3
136575, 3
646143, 3
548746, 3
327762, 3
622887, 3
178202, 3
138995, 3
586026, 3
101526, 3
506064, 3
510734, 3
73268, 3
446166, 3
175417, 3
525661, 3
38864, 3
587418, 3
555827, 3
61064, 3
601520, 3
467702, 3
430674, 3
600758, 3
217157, 3
169684, 3
359163, 3
21657, 3
318286, 3
356472, 3
407726, 3
545509, 1
500298, 3
347956, 3
134318, 3
118473, 3
637608, 3
367765, 3
619404, 3
242847, 3
431223, 2
256720, 3
528904, 1
550656, 3
661028, 3
564026, 3
402977, 3
225543, 3
317701, 3
182635, 3
626015, 3
320574, 3
515722, 3
118021, 3
293883, 3
630694, 3
49146, 3
448821, 3
369122, 3
446795, 3
545050, 3
570804, 3
194315, 3
377446, 3
13851, 3
632940, 3
297904, 1
646150, 2
478663, 3
221109, 3
121763, 3
264161, 3
642704, 3
231583, 3
506097, 3
65228, 3
650715, 3
31120, 3
161399, 3
595781, 3
632501, 3
30344, 3
372680, 3
57916, 3
479272, 3
402686, 3
540110, 3
603300, 3
144572, 3
268045, 3
433740, 1
421939, 3
28254, 3
219180, 3
386092, 3
14710, 3
505256, 3
495948, 3
599154, 3
654227, 3
50427, 3
83440, 3
323627, 3
446304, 3
134311, 3
239783, 3
523034, 3
371661, 3
625400, 3
77966, 3
617165, 3
127596, 3
32575, 3
2584, 3
430611, 3
185885, 3
240496, 3
267460, 2
48112, 3
395136, 2
665135, 3
124406, 3
495869, 3
468049, 3
566418, 3
240000, 3
91280, 3
631790, 3
603105, 3
379517, 2
295996, 3
536345, 3
245363, 3
66523, 3
69521, 3
513840, 3
474031, 3
616685, 1
213789, 3
397093, 3
108939, 3
283488, 3
323322, 3
600805, 3
275942, 3
450829, 3
136077, 3
79208, 3
273535, 3
322015, 3
588968, 3
655161, 1
517273, 3
634434, 3
289037, 3
622282, 3
548013, 3
385150, 3
209876, 3
461873, 3
361284, 3
577790, 3
178403, 3
451578, 3
293099, 3
25066, 3
367322, 3
67439, 3
248841, 3
293355, 3
86457, 3
374271, 3
92355, 3
259730, 3
430842, 3
8266, 3
431820, 3
110098, 3
446239, 3
572014, 3
199341, 3
522390, 2
222174, 2
93640, 3
253538, 3
520103, 3
626663, 3
441593, 3
48768, 3
241985, 3
152850, 2
334963, 3
616722, 3
462801, 3
613419, 3
161886, 3
570213, 3
130095, 2
346341, 3
399349, 3
409979, 3
277578, 3
91616, 3
127065, 3
423077, 3
385462, 3
387275, 3
125601, 3
385632, 3
637025, 3
103889, 3
407281, 3
469875, 3
656972, 3
470828, 3
137196, 3
425427, 3
566565, 3
618218, 3
514803, 3
29944, 3
618325, 3
321534, 3
634938, 3
167381, 3
24540, 3
312656, 3
303535, 3
7551, 3
408038, 3
53200, 3
636386, 3
138918, 3
128393, 3
334475, 3
458853, 3
62069, 3
310677, 1
280099, 3
296562, 3
560144, 3
500026, 3
355160, 3
189374, 3
162864, 3
92585, 3
162015, 3
19239, 3
456942, 3
331226, 3
98270, 3
163966, 3
576494, 3
6400, 3
293964, 3
244192, 3
166340, 3
396736, 3
391584, 3
651859, 3
467366, 3
447518, 3
236253, 3
281757, 3
151020, 3
145529, 2
630269, 3
448843, 3
577994, 3
61906, 3
247532, 3
461090, 3
89144, 3
622356, 3
168514, 3
367307, 3
94596, 3
173303, 3
462907, 3
479489, 3
118827, 3
215225, 3
354246, 3
24075, 3
611023, 3
628220, 2
600458, 3
363051, 3
124098, 3
391369, 3
356238, 3
84517, 3
431073, 2
63423, 3
186682, 3
349294, 3
603830, 3
343758, 3
311038, 3
306076, 3
336296, 3
316048, 3
221250, 3
281559, 3
168464, 3
130830, 3
635580, 3
330280, 3
242247, 3
570206, 2
493795, 3
44139, 1
463376, 3
650722, 3
388151, 3
358023, 2
21107, 3
170890, 3
276162, 3
584894, 3
513752, 3
429239, 3
437614, 3
549117, 3
494975, 3
581544, 3
368519, 3
232959, 3
64678, 3
647803, 1
150509, 3
366779, 3
501508, 3
96173, 3
80034, 3
618224, 3
661797, 3
14118, 3
180776, 3
531222, 3
490807, 3
99795, 3
62594, 3
513063, 3
113103, 3
118043, 3
419961, 3
321396, 2
343193, 3
430558, 3
71932, 3
304255, 3
597778, 3
139791, 3
340958, 1
18857, 3
372539, 3
331109, 3
560719, 3
370659, 3
627131, 3
264879, 3
415860, 3
512327, 3
548230, 3
658361, 3
517786, 3
199585, 1
308007, 3
48739, 3
353392, 3
112611, 3
433905, 3
43569, 3
40874, 3
298314, 3
560246, 3
204137, 3
79545, 3
179339, 3
545639, 3
33976, 3
111730, 3
370169, 3
514896, 3
107545, 3
451429, 3
101084, 3
642473, 3
109250, 3
569899, 3
392061, 2
157904, 3
178918, 3
558258, 3
630592, 3
285814, 3
549975, 3
161578, 3
225346, 3
561518, 3
579016, 3
300683, 3
626495, 3
26653, 3
344476, 3
301893, 3
252843, 3
110712, 3
425585, 3
599804, 3
42414, 3
317597, 3
121653, 3
306929, 3
429338, 3
5175, 3
412681, 3
268888, 3
561683, 3
488713, 3
656296, 3
512796, 3
449124, 3
246672, 3
455083, 3
577435, 3
435404, 3
378700, 3
651230, 3
136217, 3
363296, 3
626601, 3
168228, 3
244898, 3
596181, 1
119716, 3
230198, 3
617159, 3
635670, 3
63029, 3
139197, 2
25427, 3
509424, 3
599210, 3
570821, 3
208369, 3
333874, 3
484484, 3
555201, 3
583494, 3
8737, 3
131874, 3
67989, 3
657902, 3
542938, 3
282651, 3
536737, 3
365712, 3
22684, 3
276474, 3
511911, 3
457720, 3
573321, 2
369900, 3
228169, 2
351490, 3
608464, 3
504711, 3
490051, 3
395173, 3
313641, 3
532138, 2
664966, 3
100765, 3
400245, 3
249557, 3
213598, 3
624098, 3
273451, 3
295453, 3
581280, 3
437740, 3
272702, 3
114766, 3
278797, 3
30644, 3
369676, 3
661597, 3
289402, 3
5174, 3
37994, 3
337397, 3
13988, 3
371565, 3
517817, 3
630778, 3
164748, 3
456805, 3
565666, 3
382139, 3
327611, 3
141963, 3
4773, 3
204962, 3
561164, 3
5779, 3
452133, 3
382200, 3
638584, 3
119839, 3
623315, 2
100909, 3
450682, 3
44421, 3
361144, 3
227193, 3
468854, 3
574969, 3
266981, 3
516983, 3
167159, 3
196351, 3
573773, 1
602491, 3
187281, 3
107089, 3
481535, 3
393311, 3
175677, 3
27735, 3
504101, 3
347515, 2
593689, 3
563662, 3
653585, 3
356274, 3
19338, 3
467808, 3
598311, 3
270778, 3
433876, 3
555665, 3
614536, 3
634200, 3
76168, 3
45776, 3
84406, 3
87807, 3
98598, 3
179647, 1
473611, 3
589632, 3
406379, 3
468677, 3
166432, 3
272777, 3
3125, 3
485505, 2
214356, 3
489125, 3
426922, 3
405801, 3
425721, 3
498009, 3
287808, 3
572747, 3
527196, 1
633696, 3
527115, 3
163224, 3
79768, 3
428438, 2
108306, 3
333507, 3
546255, 3
480496, 3
225927, 3
34945, 3
504707, 3
534674, 3
84895, 3
232829, 3
546619, 3
619396, 3
613158, 3
73914, 3
544489, 3
336395, 3
87173, 1
109181, 3
287944, 3
628321, 3
238108, 3
586587, 2
432733, 3
72139, 3
259047, 2
145684, 3
467442, 3
219937, 3
372473, 2
555276, 3
47231, 3
634504, 3
221823, 3
614046, 3
250272, 3
25889, 3
513423, 3
177256, 3
368401, 3
400281, 3
278385, 3
537096, 3
73005, 3
490419, 3
13978, 3
526040, 3
295620, 3
457700, 3
62485, 3
339823, 2
176781, 3
55243, 3
220605, 3
662282, 3
342346, 3
604639, 3
160368, 3
595786, 3
558314, 3
594732, 3
63108, 3
91444, 3
206344, 3
538126, 3
62091, 2
641488, 3
239336, 3
564919, 3
133147, 3
94981, 3
339254, 3
453775, 3
140298, 3
495913, 3
202832, 3
449718, 3
303397, 3
343815, 3
514845, 3
473607, 3
221724, 1
627147, 3
491086, 3
213291, 3
202757, 3
483673, 3
212517, 3
18721, 3
38668, 3
123946, 3
96223, 3
478114, 3
407748, 3
44985, 3
75693, 3
311599, 3
458702, 3
286501, 3
529334, 3
217436, 3
74055, 3
329964, 3
274126, 3
236275, 3
299235, 3
591089, 3
61081, 3
373552, 3
290736, 3
361747, 3
449453, 3
191661, 1
531782, 3
584772, 2
308381, 3
161853, 3
438574, 3
283132, 3
138889, 3
577672, 3
47123, 3
182071, 3
203260, 3
115597, 3
424811, 3
418106, 3
34002, 3
192893, 3
567151, 3
331087, 3
288477, 3
628356, 3
555124, 3
376769, 3
43018, 3
208917, 3
435280, 3
350972, 3
323663, 3
264415, 3
361567, 3
65879, 3
360896, 3
207937, 3
469632, 3
378598, 3
573887, 3
447232, 3
148826, 3
501355, 3
124298, 3
193391, 3
616146, 3
417425, 3
140433, 3
210365, 3
366103, 3
308770, 3
508413, 2
646594, 3
71048, 3
38372, 3
266142, 3
467895, 3
278078, 3
350728, 3
589284, 3
439976, 3
493887, 3
237464, 3
309198, 3
393646, 3
259035, 3
84044, 3
372608, 3
550803, 3
653645, 3
210433, 3
139124, 3
354703, 3
343506, 3
501626, 3
604799, 3
443290, 3
355549, 3
263339, 3
215729, 1
642991, 3
634148, 3
644524, 2
455276, 3
407714, 3
342298, 3
325069, 3
378907, 3
557389, 3
642261, 3
227816, 3
451482, 3
350931, 3
343307, 1
577133, 3
423595, 3
32260, 3
223835, 3
76135, 3
160393, 3
604092, 3
511431, 3
409050, 3
451857, 3
131071, 3
175087, 3
169154, 3
404790, 3
330754, 3
654334, 3
271961, 3
551543, 3
396042, 3
10046, 3
310070, 3
272725, 3
381220, 3
573542, 1
642395, 3
406430, 3
345765, 1
657623, 3
390757, 3
183382, 3
546269, 3
492552, 3
454707, 3
461468, 3
335125, 3
398294, 3
78650, 3
98575, 3
256719, 3
266778, 3
420651, 3
167494, 3
616039, 3
63221, 3
427918, 3
146785, 3
222475, 3
329283, 3
572539, 3
224242, 1
141628, 3
172796, 3
503871, 3
116568, 3
414610, 3
400908, 3
114795, 3
217788, 3
600454, 3
494574, 3
261546, 3
313026, 3
170169, 3
497571, 3
571979, 3
273348, 3
90411, 3
478483, 3
489346, 3
492613, 3
169130, 3
587276, 2
105006, 3
537785, 3
283374, 3
339284, 3
214406, 3
650905, 3
585417, 3
380467, 3
317826, 3
69320, 3
458446, 3
646378, 3
410126, 3
264767, 3
78590, 3
38654, 3
651386, 3
452289, 3
336194, 3
313316, 3
305152, 3
441302, 3
118187, 3
252772, 3
13086, 3
33025, 3
520706, 1
487788, 3
111055, 3
336553, 3
207942, 3
257990, 3
509052, 3
563281, 3
79388, 3
433784, 3
196317, 3
303172, 3
321123, 3
36675, 3
643781, 3
502625, 3
614695, 3
469846, 3
373639, 3
196670, 3
452389, 3
327047, 2
595352, 3
664717, 3
428634, 3
425497, 3
116798, 3
12085, 3
529333, 3
283847, 3
619494, 1
117291, 3
118555, 3
546607, 2
360745, 1
138202, 3
336203, 3
2173, 3
182171, 3
213014, 3
107680, 3
162044, 3
363104, 3
342017, 3
419613, 1
384431, 3
455689, 3
378047, 3
299636, 3
92147, 3
602554, 3
597903, 3
382492, 3
558050, 3
616651, 3
1362, 3
350950, 3
302199, 2
322464, 3
321993, 3
5794, 3
496265, 3
344724, 3
389253, 3
17984, 3
549972, 3
156961, 3
366720, 3
322660, 3
504660, 3
87452, 3
551269, 3
172434, 3
575339, 3
598058, 3
337829, 3
561063, 3
275311, 3
36324, 3
274743, 3
286693, 3
256338, 3
221294, 3
496964, 3
106962, 3
480117, 3
244904, 3
78616, 3
507792, 3
53141, 3
239602, 3
442134, 3
168570, 3
521764, 3
339894, 3
13472, 3
533542, 3
624075, 3
257087, 3
74270, 3
586984, 3
296356, 3
64307, 3
428323, 3
435997, 3
372028, 3
634950, 3
399345, 3
107098, 3
151879, 3
123932, 3
156843, 3
304355, 3
182459, 3
248868, 3
257682, 3
448871, 3
375399, 3
479543, 3
501395, 3
305210, 3
325911, 3
447610, 3
460645, 3
406160, 3
610291, 3
21553, 3
529780, 3
237077, 3
461794, 3
33910, 3
180216, 3
366707, 3
489449, 3
461188, 3
287097, 3
237704, 3
553574, 3
410872, 3
162959, 1
588475, 3
454373, 3
220602, 3
321929, 3
349219, 3
328265, 3
321760, 3
212323, 3
321311, 3
73501, 3
405899, 3
235852, 3
322813, 3
219999, 3
606011, 3
350356, 3
170448, 3
116507, 3
337406, 3
660439, 3
576573, 3
355358, 3
104182, 3
376280, 3
166590, 3
480907, 3
134627, 2
93332, 3
57779, 3
340255, 3
439553, 3
264162, 3
504914, 3
644966, 3
310652, 3
415876, 3
421421, 3
251629, 3
444469, 3
405343, 3
599394, 3
484688, 3
126372, 3
508651, 3
12455, 3
350815, 3
413518, 3
341210, 3
509481, 3
314129, 3
187162, 3
56087, 3
147460, 3
293056, 3
269018, 3
239824, 3
164146, 3
398622, 3
152901, 3
400751, 3
522948, 3
53935, 3
119741, 3
216954, 3
617371, 3
19330, 2
268968, 3
634162, 3
6338, 3
44783, 3
128685, 3
613664, 3
291679, 3
89915, 3
255252, 3
229625, 3
428169, 3
514161, 3
153643, 3
660186, 3
599657, 3
153174, 3
100743, 3
9711, 3
557401, 3
563302, 3
426067, 3
183351, 2
529600, 1
137842, 2
625419, 3
389909, 3
460654, 3
148910, 3
455352, 3
509285, 3
649089, 3
560619, 3
415387, 3
542068, 3
391619, 3
293196, 3
429427, 3
620395, 3
425137, 3
423223, 3
661223, 2
215724, 3
295468, 3
596556, 3
199011, 3
579458, 3
267099, 3
332842, 3
193531, 3
634968, 3
275007, 3
182903, 3
623942, 3
213079, 2
133254, 3
505066, 3
394354, 3
439531, 3
548964, 3
606076, 3
74932, 3
598042, 3
326554, 3
71457, 3
319974, 3
428199, 3
303617, 3
505775, 3
601018, 3
587155, 3
610798, 3
334323, 3
172947, 3
191473, 3
243181, 3
253916, 3
297571, 3
439367, 3
510167, 3
243947, 3
204843, 3
19575, 3
600743, 3
309713, 3
128882, 3
239174, 3
293210, 3
52710, 3
534439, 3
549077, 3
10229, 3
155746, 3
53191, 3
144010, 3
350212, 3
611762, 3
137393, 3
399862, 3
650882, 3
320771, 3
2856, 3
208627, 3
290757, 3
509373, 3
359090, 3
611719, 3
61702, 3
279761, 3
103044, 3
501427, 3
627180, 3
78523, 3
608007, 3
408790, 3
334413, 2
602546, 2
475341, 3
596499, 3
482587, 3
30053, 1
390694, 3
274219, 3
650925, 3
205960, 3
578998, 3
1945, 3
444200, 3
175938, 3
237185, 3
334018, 3
69437, 3
204986, 3
299163, 3
171813, 3
117318, 3
160005, 3
129876, 3
442157, 3
425595, 3
49095, 3
387133, 3
202261, 3
548876, 3
431409, 3
598259, 3
44803, 3
493619, 3
577616, 3
634592, 3
397094, 3
438266, 3
516477, 3
211938, 3
31262, 3
217899, 3
91506, 3
198454, 3
62379, 3
532853, 3
181409, 3
493192, 3
58182, 3
338919, 3
109039, 3
620095, 3
594541, 3
219554, 3
458418, 3
23676, 3
186808, 3
407067, 3
18949, 3
250372, 3
156880, 3
636665, 3
374598, 3
23896, 3
301137, 3
266077, 2
551599, 3
446611, 3
585169, 2
237855, 3
636728, 3
103261, 3
562574, 3
599219, 3
459883, 3
316597, 3
561907, 3
628473, 3
146460, 3
394977, 2
425413, 3
99721, 3
346131, 3
37363, 3
492463, 3
539234, 3
273789, 3
356378, 3
80720, 3
25696, 3
7812, 3
618898, 3
170195, 3
388328, 3
172021, 3
232035, 3
78476, 3
210753, 3
350326, 3
576684, 3
67807, 3
428345, 3
248392, 3
645191, 3
640065, 3
510417, 3
532583, 3
324092, 3
499492, 3
574677, 3
663160, 3
193088, 3
662471, 3
369747, 3
37043, 3
124280, 3
415088, 3
239342, 3
304353, 3
345326, 3
87545, 3
133158, 3
163924, 3
356425, 3
240599, 3
635495, 3
585860, 3
212698, 3
44681, 3
166785, 3
102464, 3
550949, 3
423014, 3
545415, 3
307866, 3
281447, 3
65211, 3
638184, 3
268051, 3
372769, 3
99055, 3
73319, 3
245724, 3
141239, 3
506986, 2
316588, 3
483817, 3
533787, 3
89055, 3
181782, 3
281168, 3
452033, 3
44320, 3
513154, 3
370987, 3
413499, 3
624312, 3
134950, 3
363875, 3
124924, 3
432257, 3
309172, 3
80279, 3
488842, 3
6852, 3
367837, 3
275574, 3
33486, 3
24044, 3
629935, 3
39285, 3
506389, 3
175453, 3
440543, 3
497173, 3
223235, 1
339686, 3
462034, 3
392642, 3
176254, 3
46367, 3
547030, 3
101814, 3
9256, 3
99657, 3
107660, 2
421242, 3
486485, 3
561818, 3
117840, 3
143689, 3
566505, 3
304258, 2
237683, 3
139931, 3
205170, 3
281192, 3
259867, 3
625815, 3
181715, 3
556363, 3
350457, 3
305864, 3
209821, 3
288915, 3
123957, 3
419580, 3
370207, 3
600840, 3
635667, 3
104041, 3
319048, 3
391400, 3
410855, 3
547031, 3
25988, 3
211026, 3
573446, 3
217462, 3
54215, 3
97237, 3
337123, 3
79032, 3
557552, 3
493737, 3
385218, 3
512181, 3
15641, 3
295882, 3
622204, 3
494983, 3
295512, 3
422917, 3
82305, 3
319060, 3
431929, 3
135119, 3
80389, 3
515824, 3
159013, 3
263497, 3
644555, 3
532085, 3
316767, 3
194475, 3
542207, 3
617174, 3
264590, 3
322306, 1
146466, 2
136664, 3
287927, 3
331244, 3
34120, 3
121961, 3
361992, 3
383631, 3
617485, 3
59825, 3
656500, 3
429503, 3
97176, 3
380276, 2
495779, 3
282612, 3
635933, 3
521243, 3
210732, 3
613844, 3
263104, 3
210214, 3
183039, 3
110876, 3
152832, 3
112533, 3
57719, 2
573358, 3
38681, 2
238095, 3
600516, 3
67360, 3
118030, 3
375077, 3
28575, 3
124557, 3
551511, 3
157498, 3
97431, 2
251902, 3
533783, 3
478333, 3
156710, 3
602722, 3
155621, 3
492002, 3
113328, 3
100776, 3
658904, 3
481290, 3
593725, 3
114099, 3
484036, 3
635931, 3
52874, 3
549096, 3
539146, 3
469276, 3
569570, 3
499433, 3
1166, 3
233992, 3
610078, 3
289379, 3
585830, 2
333574, 3
43257, 3
285028, 3
416869, 3
296998, 3
487957, 2
88688, 3
586932, 3
187988, 2
638562, 3
400438, 3
140835, 3
457514, 3
508427, 3
236800, 3
640362, 3
140890, 2
258601, 3
18477, 3
363044, 1
150396, 3
504693, 3
153670, 3
10541, 3
512420, 3
284068, 3
223800, 3
244393, 3
195873, 3
618547, 3
144632, 3
404543, 3
639883, 3
23917, 3
77112, 3
86125, 3
382530, 3
196673, 3
378955, 3
586310, 3
638148, 3
331542, 3
494556, 3
545891, 3
573762, 3
77471, 3
460107, 3
566143, 3
664767, 3
242158, 3
508973, 3
315892, 3
576640, 3
396933, 3
339672, 3
522300, 3
97179, 3
227065, 3
608670, 3
300043, 3
604874, 3
503601, 3
425761, 3
360829, 3
533984, 3
543727, 3
523920, 3
465420, 3
476955, 3
185495, 3
268810, 3
38709, 3
262230, 1
5727, 3
183698, 3
38632, 3
263467, 3
110873, 3
500128, 3
609947, 3
596453, 3
340703, 3
231508, 3
392660, 3
655872, 3
332297, 3
528736, 3
151243, 3
418804, 3
551850, 3
429177, 2
661026, 3
659864, 3
340166, 3
40086, 3
68476, 3
133548, 3
294417, 3
359685, 3
188733, 3
449148, 3
155955, 3
503641, 3
403471, 3
82985, 3
183322, 3
83306, 2
503203, 3
636263, 3
75033, 1
2718, 3
324684, 3
303185, 3
138562, 3
639898, 3
89862, 3
178837, 2
486957, 3
583154, 3
272308, 3
347955, 3
143610, 2
197824, 3
423227, 3
476140, 3
12384, 3
489185, 3
228624, 3
576083, 3
41369, 3
54315, 3
437344, 3
343603, 3
382842, 3
504974, 3
80755, 3
616469, 3
421630, 3
405027, 3
546222, 3
588725, 3
390180, 3
199182, 3
530560, 3
456212, 3
275843, 3
462465, 1
310958, 3
107837, 3
416395, 3
570793, 2
611425, 3
544016, 3
180049, 3
61170, 2
624040, 3
289633, 3
501293, 3
555747, 3
216066, 3
199946, 3
451169, 3
556673, 3
660226, 3
445980, 3
479206, 3
188231, 3
499110, 3
249049, 3
322246, 3
176145, 3
1850, 3
651753, 3
383412, 3
233538, 3
601040, 3
10407, 3
114834, 3
564181, 3
62427, 3
339690, 3
216956, 3
289946, 3
542060, 3
57809, 3
61924, 3
436519, 3
421332, 3
528756, 3
55727, 3
659345, 3
279879, 3
364135, 3
178333, 3
348867, 3
212464, 3
421811, 3
565646, 3
302943, 3
261603, 1
541551, 3
543259, 3
485395, 3
464581, 3
44149, 1
186511, 3
636531, 3
244829, 3
143182, 3
153772, 1
415054, 3
280000, 3
515311, 3
577344, 3
460726, 3
386144, 3
209248, 3
236642, 3
404582, 3
299237, 3
508817, 3
488978, 3
557680, 3
79580, 3
120698, 3
149191, 3
356982, 3
534933, 3
233320, 3
395842, 3
644025, 3
594562, 3
318288, 3
384138, 3
166726, 3
268065, 3
38857, 3
277213, 3
440165, 3
64374, 3
434290, 3
546040, 3
32881, 3
663138, 3
265518, 3
266887, 3
332561, 3
169683, 3
324307, 3
629538, 3
173941, 2
595351, 3
41323, 3
498895, 3
198873, 3
386482, 3
553060, 3
457346, 3
173186, 3
51856, 3
632212, 3
655061, 3
196282, 3
141737, 3
112375, 3
534747, 3
393022, 2
571112, 3
24806, 3
607656, 1
423178, 3
277515, 3
389776, 1
397702, 3
537094, 3
531433, 3
163665, 3
387232, 3
256070, 3
337312, 3
537800, 3
322716, 3
302716, 3
103097, 3
413028, 3
315730, 3
499674, 3
423439, 3
351620, 3
493071, 3
163308, 3
39003, 3
25074, 3
510112, 3
549993, 3
495355, 3
328962, 3
645643, 3
583935, 3
377011, 3
346836, 3
422573, 3
205534, 3
193340, 3
145607, 3
623834, 3
254641, 3
254552, 3
297790, 3
298278, 3
654351, 3
125188, 3
58512, 3
474302, 1
197080, 3
585459, 2
563496, 3
285678, 3
56647, 3
243505, 3
238878, 3
618373, 3
324680, 3
200783, 3
107479, 3
318840, 1
20137, 3
172668, 3
266040, 3
297506, 3
576496, 3
212186, 3
75455, 3
6180, 3
167305, 3
220434, 3
403993, 3
115885, 3
75414, 3
531675, 3
521316, 3
533898, 3
445893, 3
546563, 3
385266, 3
144203, 3
536183, 3
562365, 3
362771, 3
15673, 3
113677, 3
427296, 2
547917, 3
415195, 3
574150, 3
343186, 3
30558, 3
170017, 3
335831, 3
237451, 3
464207, 1
279888, 3
110951, 3
294829, 3
313884, 3
62916, 3
629753, 3
617030, 3
602995, 3
15068, 3
455631, 3
267650, 2
293256, 3
542324, 3
135483, 3
584745, 3
474842, 3
11857, 3
46218, 3
497287, 3
354051, 3
534915, 3
272334, 3
379168, 3
492677, 3
335343, 3
353761, 3
267584, 3
6345, 3
513002, 3
457206, 3
538915, 3
470600, 3
373211, 3
3551, 3
476830, 3
579170, 3
645848, 3
184746, 3
137934, 3
275983, 3
81747, 3
425713, 3
556631, 3
116264, 3
22545, 3
461190, 3
378832, 3
123032, 3
178606, 3
236210, 3
495423, 3
631277, 3
448070, 3
519347, 3
583000, 3
505701, 3
428547, 3
490788, 3
90290, 3
461012, 1
578177, 3
337982, 3
203399, 3
254298, 3
559497, 2
636284, 3
373231, 3
373939, 3
15205, 3
343871, 3
150077, 3
387596, 3
183072, 3
469180, 3
168538, 3
341506, 3
628788, 3
465949, 3
578818, 3
660220, 3
89317, 3
350698, 3
259508, 3
333640, 3
359621, 3
461603, 3
450603, 3
329551, 3
451013, 3
71960, 3
555852, 3
152623, 3
476590, 3
270998, 2
453645, 3
272023, 3
404905, 3
513748, 3
55475, 3
250164, 3
196056, 3
101300, 3
418151, 3
530296, 3
639808, 3
624485, 3
121721, 3
577339, 3
262086, 3
615478, 3
274654, 3
542535, 3
340634, 3
388572, 3
312517, 3
479575, 3
25259, 3
75356, 3
229243, 3
350086, 3
464967, 3
346207, 3
235181, 3
553446, 3
474304, 3
511372, 3
282767, 3
575354, 3
208936, 3
505029, 3
449343, 3
576657, 3
409901, 3
252056, 3
307889, 3
443610, 3
225813, 1
157440, 3
275324, 3
310962, 3
653512, 3
583457, 3
106749, 3
318584, 3
237176, 3
551728, 3
418787, 3
472364, 3
411660, 3
567208, 3
147484, 1
143388, 3
266327, 3
562846, 3
630243, 3
175249, 3
662873, 3
27559, 2
288721, 3
455344, 3
26514, 3
572279, 3
564988, 3
188980, 3
541923, 3
539825, 3
463852, 3
421883, 3
174912, 3
546358, 3
103719, 3
117454, 3
135524, 3
552083, 3
282479, 3
515351, 3
641953, 3
50245, 2
531357, 3
598978, 3
456875, 3
246837, 3
288637, 3
447284, 3
492447, 3
124775, 3
439061, 3
522979, 3
649776, 3
355423, 3
92564, 3
165034, 3
39482, 3
257153, 3
387784, 3
306911, 3
628488, 3
260094, 3
10767, 3
201853, 3
574056, 3
297291, 3
41413, 3
55557, 3
37438, 3
322831, 3
477712, 2
384704, 3
418470, 2
528242, 3
163449, 3
265704, 3
570646, 3
373714, 3
571306, 3
576422, 3
418088, 3
301288, 3
247957, 2
102890, 3
156395, 3
331805, 3
122584, 3
601563, 3
92730, 3
660084, 3
166035, 3
430724, 2
401533, 3
515384, 3
621949, 3
473163, 3
426614, 3
433686, 3
311792, 1
552049, 3
254811, 3
81429, 3
453943, 3
48195, 2
443176, 3
93619, 2
392041, 3
288188, 3
468036, 3
530585, 3
321659, 3
201594, 3
476002, 3
439441, 3
163359, 3
432789, 3
486416, 3
267194, 1
259471, 2
302323, 3
8513, 3
38820, 3
253335, 2
41177, 3
501059, 3
450303, 3
547333, 3
259589, 3
627786, 3
65440, 3
328998, 3
577304, 3
88275, 3
195904, 3
303818, 3
109425, 3
25290, 3
14195, 3
459848, 3
177113, 3
334331, 3
484678, 3
362934, 3
240775, 3
584232, 3
643342, 3
291009, 3
595633, 3
52468, 3
157681, 3
396485, 3
276758, 3
350845, 3
582237, 3
625299, 3
417267, 3
138890, 3
355277, 3
454907, 2
339237, 2
641747, 3
660647, 3
103052, 3
215532, 3
621134, 3
615220, 3
391284, 3
411281, 3
316502, 3
297622, 3
326131, 3
424896, 3
96026, 3
575879, 3
458845, 3
395726, 2
626838, 3
424716, 3
203650, 3
632062, 3
293093, 3
131479, 3
13779, 3
385106, 3
419335, 3
638807, 3
294501, 3
10923, 3
153697, 3
263107, 3
102084, 3
377134, 2
88340, 3
258912, 3
567712, 3
26186, 3
384814, 3
212049, 3
139812, 3
353593, 3
208152, 3
422804, 3
331411, 3
11502, 3
499580, 2
446794, 3
434406, 3
207473, 3
143106, 3
285312, 3
91175, 3
297209, 2
173182, 3
272411, 3
564351, 2
281043, 3
626186, 3
284836, 3
531452, 2
237275, 3
359853, 3
599281, 3
606008, 3
524223, 3
471940, 3
482000, 3
132287, 3
250126, 3
453049, 1
341502, 2
5989, 2
355388, 3
483200, 3
100908, 3
270900, 3
513545, 3
162087, 3
642147, 3
259693, 3
457552, 3
391038, 3
78933, 3
5311, 3
554981, 3
350905, 3
579243, 3
160794, 3
569828, 3
120611, 3
93044, 3
106739, 3
595026, 3
231225, 3
538372, 3
422989, 3
38333, 3
450425, 3
379463, 3
203157, 3
245699, 3
543669, 3
401915, 3
203923, 3
576418, 3
411666, 3
130442, 3
541116, 3
291660, 3
71622, 3
471001, 3
276594, 3
507608, 3
106161, 3
240746, 3
405754, 3
541854, 3
157907, 3
474141, 3
512657, 3
382909, 3
334747, 3
72267, 3
530329, 3
215521, 3
438923, 3
235574, 3
166489, 3
248352, 3
584941, 3
115161, 3
179426, 3
5793, 3
57773, 3
88693, 3
61909, 3
142454, 3
277251, 3
161336, 3
615686, 3
569235, 3
160409, 3
263039, 3
631250, 3
532059, 3
63636, 2
96065, 3
130723, 3
553775, 3
156069, 3
352508, 3
397553, 3
253426, 3
466467, 3
133058, 3
122674, 3
263985, 3
373303, 3
567514, 3
359588, 3
593371, 3
104443, 3
177280, 3
171031, 3
136111, 3
544244, 3
423762, 3
176853, 3
25546, 3
598649, 3
16992, 3
217928, 3
351594, 3
280538, 3
657859, 3
480560, 3
415656, 3
161977, 3
234370, 3
195797, 3
137067, 2
94228, 3
440833, 3
160444, 3
338799, 3
426340, 3
446617, 3
437673, 3
513442, 2
392736, 3
523409, 3
130861, 3
270367, 3
433391, 3
93851, 3
516302, 3
305203, 3
189376, 3
608460, 1
393251, 3
293462, 3
350917, 3
574902, 3
306985, 3
282781, 3
358133, 3
320474, 3
208401, 3
171513, 3
110102, 3
400982, 3
76870, 3
520842, 3
540037, 3
353461, 3
254255, 3
208102, 3
584830, 3
5281, 3
55149, 3
203854, 3
515723, 3
238036, 3
183189, 3
368530, 3
586887, 3
459978, 1
563407, 3
382187, 3
412221, 3
459939, 3
436486, 3
6557, 3
247620, 3
65143, 3
272747, 3
176138, 3
130491, 3
449466, 3
227823, 3
479703, 3
467892, 3
451356, 3
196594, 3
450292, 2
256486, 3
179200, 3
247666, 3
556318, 3
615743, 3
400388, 3
181758, 3
546301, 3
111207, 3
461808, 3
641283, 3
577391, 3
251043, 3
220990, 3
22226, 3
240512, 3
425211, 3
147522, 2
427442, 3
352737, 3
569682, 3
534928, 3
561627, 1
527292, 3
480286, 3
614752, 3
294683, 3
318091, 2
174734, 3
303990, 3
48680, 3
603647, 3
302541, 3
552981, 3
600138, 3
652294, 3
541002, 3
18728, 3
601342, 3
472202, 3
473173, 3
613623, 3
152547, 3
441060, 3
559523, 3
203229, 3
339378, 3
410627, 3
246304, 3
364897, 3
294732, 3
631156, 3
314881, 3
640204, 3
472740, 3
149787, 3
5830, 3
95637, 3
440036, 3
577057, 3
153145, 3
445458, 3
193033, 2
298359, 3
535560, 3
246787, 3
62082, 2
178566, 3
91730, 3
409949, 3
219765, 3
652811, 3
177677, 3
135376, 3
581217, 3
52553, 3
562795, 3
470108, 3
350824, 3
441104, 3
554518, 3
84949, 3
416167, 3
406440, 3
554815, 3
499903, 3
498462, 3
104801, 3
594408, 3
570591, 3
266312, 2
649415, 3
133709, 3
433253, 3
278323, 3
364311, 2
392632, 3
612272, 3
609005, 3
71197, 3
188208, 3
31331, 2
167169, 3
345387, 3
13610, 3
606567, 3
345924, 3
259066, 3
102128, 3
175438, 3
256363, 3
285612, 3
34319, 3
104175, 3
562442, 3
20792, 3
395019, 3
404010, 3
10650, 3
128768, 3
370835, 3
243401, 3
151473, 3
82603, 3
426762, 3
597740, 1
307906, 3
62490, 3
373870, 3
186894, 3
126273, 3
271562, 3
170452, 3
493464, 3
495018, 3
105003, 3
364343, 3
651739, 3
232541, 3
335294, 3
352277, 3
28639, 3
415281, 3
210229, 3
305243, 3
214838, 3
22089, 3
127946, 3
128103, 3
186782, 3
502701, 2
314994, 3
355030, 3
661236, 3
599382, 3
247859, 3
616679, 3
196678, 3
43658, 3
39441, 3
193212, 3
138816, 3
272265, 3
526899, 3
457036, 3
208110, 3
607732, 3
605295, 3
299167, 3
407773, 3
206972, 3
248582, 3
454889, 3
436645, 3
425552, 3
154462, 3
215179, 1
602616, 3
580829, 3
479041, 1
245809, 3
199282, 3
356183, 3
184089, 3
287140, 3
20572, 3
344408, 3
388281, 3
192826, 3
515088, 3
307549, 3
464034, 3
210259, 3
555927, 3
186938, 3
238930, 3
523380, 3
497298, 3
49083, 3
444464, 3
359968, 3
604687, 3
66864, 3
57480, 3
421865, 3
412272, 3
334804, 3
215720, 3
22055, 3
238615, 3
239486, 3
100085, 3
296987, 3
483695, 3
325862, 3
124057, 3
363967, 3
92021, 3
486691, 3
518286, 3
132198, 3
527758, 3
635637, 3
562849, 3
251971, 3
81573, 3
563095, 3
288606, 3
439925, 3
656900, 3
14958, 3
375459, 3
653003, 3
278443, 3
229468, 3
66485, 3
33852, 2
405159, 3
528512, 3
262652, 3
121258, 3
117927, 3
291198, 3
223432, 3
588149, 3
584421, 3
360450, 3
644737, 3
405112, 3
319860, 3
469041, 3
297471, 3
234200, 3
257104, 3
62500, 3
508119, 3
633617, 3
256236, 3
107261, 3
368246, 3
24519, 3
429404, 2
294246, 3
542667, 3
602318, 3
576346, 3
549213, 3
309907, 3
461606, 3
230397, 3
599684, 1
79154, 3
232559, 3
160561, 3
444080, 3
598864, 3
145238, 3
17770, 3
314256, 3
193789, 3
630026, 3
395698, 3
546655, 3
616532, 3
58617, 3
208557, 3
126196, 3
128757, 3
84305, 3
324490, 3
532294, 3
551975, 3
203695, 3
57388, 3
499602, 3
73610, 3
641567, 3
334103, 3
451543, 3
32263, 3
87795, 3
12079, 3
538350, 3
342287, 3
310354, 3
5443, 3
200184, 3
12937, 3
530649, 1
632169, 3
121723, 3
311323, 3
426290, 3
211859, 3
527668, 3
438689, 3
239588, 3
202524, 3
326433, 3
3056, 3
79323, 3
395357, 3
271157, 3
45519, 3
510776, 3
186591, 3
553106, 1
537530, 3
241564, 3
433464, 3
225798, 3
86039, 3
605862, 3
621858, 3
298611, 3
471401, 3
196077, 3
406466, 3
481084, 3
399286, 3
228533, 3
407691, 3
357808, 2
628391, 3
361070, 3
172460, 2
659054, 1
39671, 3
574664, 3
602221, 2
554204, 3
542922, 3
646458, 3
172197, 3
428579, 2
550821, 3
501205, 3
548264, 3
460852, 1
383300, 3
251108, 2
213946, 3
395475, 2
157343, 3
142489, 3
288734, 3
615091, 3
221354, 3
286360, 3
222243, 2
224205, 3
197881, 3
118100, 3
408707, 3
264502, 3
99891, 3
280563, 3
577902, 3
311340, 3
371094, 3
12849, 3
141744, 3
146243, 3
71104, 3
428957, 3
521007, 3
219490, 3
138182, 3
453384, 2
335204, 3
599661, 2
61752, 3
615735, 3
139853, 3
499747, 3
500637, 3
114628, 3
262580, 3
204879, 3
663237, 3
503652, 3
53171, 3
488506, 1
35722, 3
572677, 3
145515, 3
662285, 3
624380, 3
6365, 3
431307, 3
213915, 3
115812, 3
386206, 3
345394, 3
56695, 3
55536, 3
172480, 3
136081, 3
288166, 3
6606, 3
427987, 3
299148, 3
30747, 3
656686, 3
463205, 3
273663, 3
376812, 3
408355, 3
427337, 3
160275, 3
309404, 3
500480, 3
444123, 3
366902, 3
156071, 3
24243, 3
542941, 3
107037, 3
516963, 3
523222, 3
516050, 3
83391, 3
491155, 3
24758, 3
237443, 3
301783, 3
47383, 3
244754, 3
239708, 3
270865, 3
16377, 3
187374, 3
169444, 3
172416, 3
312659, 3
192922, 3
53349, 3
599004, 3
312238, 3
289628, 3
554461, 3
217538, 3
228937, 3
134437, 3
605289, 3
259077, 3
304299, 3
506932, 3
469636, 3
275074, 3
242774, 3
258000, 3
94716, 2
78631, 3
599349, 3
224440, 3
584587, 3
175756, 3
18546, 3
580880, 3
601212, 3
351797, 3
98773, 3
638596, 3
225502, 3
571777, 2
264773, 3
279843, 3
191979, 3
283662, 3
203275, 3
470329, 3
40821, 3
399367, 3
85996, 3
491332, 3
528688, 3
465203, 3
127924, 1
174951, 3
8535, 3
503170, 3
4304, 3
152718, 3
511319, 3
253275, 3
531431, 3
582174, 1
569446, 3
543963, 3
82234, 3
31938, 3
483880, 3
547974, 3
228632, 3
379076, 3
607253, 3
428518, 3
437530, 3
648284, 3
324026, 3
619537, 3
380254, 3
420804, 3
160431, 3
213650, 3
23017, 3
606277, 3
354541, 3
131659, 3
8579, 3
523221, 2
319944, 3
574496, 3
519369, 2
328327, 3
257761, 3
109232, 3
612684, 3
603145, 3
210781, 3
490659, 3
552776, 3
143297, 3
587627, 3
179856, 2
283375, 3
560642, 3
238175, 3
318484, 3
599145, 3
56080, 3
351269, 3
474776, 3
330221, 3
442681, 3
472043, 3
634100, 3
85963, 3
313336, 3
164879, 3
182232, 3
151997, 3
35586, 3
425331, 3
108688, 3
650634, 3
412788, 3
330039, 3
586159, 3
580202, 3
99196, 3
122081, 3
599571, 3
429737, 3
613948, 1
403013, 3
605325, 3
24341, 3
573639, 3
498276, 2
175558, 3
400177, 3
307536, 3
175694, 3
124496, 3
159599, 3
552588, 3
471758, 3
305780, 3
492920, 3
463677, 3
453646, 3
473809, 3
403868, 3
374348, 3
531471, 2
252033, 3
37988, 3
256453, 3
391959, 3
631664, 3
255506, 3
216985, 3
378191, 3
356865, 3
88621, 3
598349, 3
249732, 3
101091, 3
299914, 3
576316, 3
472262, 1
315818, 3
504652, 3
35377, 2
440296, 3
467513, 3
310702, 3
651847, 3
644351, 3
129963, 3
385068, 1
136100, 3
306950, 3
637332, 3
634152, 3
182665, 3
545657, 3
364161, 3
443028, 3
5177, 3
57884, 3
53014, 3
345076, 3
278592, 3
606817, 3
596153, 3
462325, 3
424321, 3
324910, 3
231099, 3
396112, 3
136641, 3
534290, 3
7728, 3
297484, 3
143806, 3
82015, 3
658228, 3
494098, 3
266480, 2
374810, 3
335416, 3
151844, 3
398678, 3
40840, 3
264849, 3
502252, 2
385953, 3
542453, 3
71072, 3
416733, 3
529179, 3
178470, 3
182672, 2
38395, 3
609657, 3
17025, 3
11398, 3
92230, 3
349313, 3
100966, 3
583551, 3
606327, 3
345283, 3
195279, 3
621232, 3
492676, 3
597524, 3
589219, 3
267922, 3
284184, 3
505048, 3
245804, 3
148073, 2
606005, 3
14233, 3
661778, 1
62375, 3
63393, 3
284406, 3
547434, 3
609543, 3
43054, 3
471770, 3
622163, 3
92560, 3
71310, 3
364563, 3
28997, 3
292681, 3
362057, 3
10647, 3
553747, 3
552372, 3
95258, 3
616854, 3
648466, 3
247317, 3
359143, 3
295787, 3
590449, 3
101725, 3
420823, 3
73889, 3
627659, 3
250221, 3
325757, 3
584290, 3
266366, 3
434334, 3
405061, 3
172476, 3
474130, 3
441697, 3
271112, 3
543297, 3
128480, 3
274812, 3
568056, 3
374468, 3
246811, 3
523416, 3
231446, 3
568486, 3
206471, 3
602804, 3
152362, 3
244013, 3
329677, 3
55393, 3
180320, 3
169971, 3
145663, 3
102592, 3
36669, 3
108215, 3
205900, 3
17044, 2
103472, 3
8590, 3
510373, 3
459669, 3
129178, 3
436221, 3
310712, 3
252757, 3
548167, 3
546107, 3
80017, 3
131853, 3
341290, 3
103937, 3
524144, 3
371873, 3
622727, 3
548578, 3
434249, 3
374602, 3
200274, 3
386722, 3
286813, 3
485192, 3
224787, 3
390617, 3
476941, 3
629343, 3
644573, 3
50823, 3
123815, 3
234072, 3
537111, 3
298279, 3
181254, 3
611164, 2
32525, 3
601223, 3
565299, 3
548460, 3
44904, 3
622050, 3
285858, 3
489825, 3
493009, 3
382335, 3
16617, 3
603469, 3
463755, 3
7522, 3
456804, 3
367504, 3
352973, 3
518932, 3
306722, 2
587593, 3
411075, 3
314931, 3
323124, 3
164676, 3
512775, 3
401828, 3
554048, 3
653090, 2
171461, 3
254153, 3
564557, 3
133602, 3
658288, 3
554934, 3
499886, 3
242099, 3
257409, 2
30337, 3
170166, 3
232779, 3
26233, 3
245989, 3
501361, 3
663366, 3
346243, 3
576094, 3
240408, 3
90975, 3
349769, 3
294726, 3
321869, 3
347567, 3
268341, 3
87451, 3
597297, 3
498226, 3
611215, 2
79598, 3
167913, 3
305641, 3
6249, 3
219448, 3
337014, 3
460952, 3
124295, 3
7939, 3
109126, 3
137235, 3
443039, 3
362187, 3
503140, 3
169506, 3
168732, 3
209638, 3
318779, 3
67100, 3
413798, 3
492633, 2
238460, 3
503942, 3
401193, 3
386675, 3
622402, 2
189646, 3
196869, 3
6916, 3
197750, 3
327525, 3
499067, 3
481119, 3
95595, 3
616043, 3
92116, 3
47499, 3
144872, 3
947, 3
180203, 3
59565, 3
164430, 3
491109, 3
153274, 3
49994, 2
308849, 3
326618, 3
525158, 3
607624, 1
567509, 3
155848, 3
19304, 3
162223, 3
547398, 3
552171, 3
262668, 3
20525, 3
569577, 3
478079, 3
441255, 1
521845, 3
271784, 3
498840, 3
178038, 3
270824, 3
426303, 3
459093, 3
308496, 3
661729, 1
600894, 3
107731, 3
405180, 3
24958, 3
438277, 3
525060, 3
644282, 3
262102, 3
608242, 3
530810, 3
60783, 3
525067, 3
144966, 3
150481, 3
500140, 3
22471, 3
245923, 3
248708, 3
242148, 3
425833, 3
59305, 3
95177, 3
129935, 3
338706, 3
661839, 3
46739, 3
480978, 3
378835, 3
326846, 3
46148, 3
239397, 3
468201, 3
170391, 3
125959, 3
339985, 3
204560, 3
47542, 3
557351, 3
29798, 3
241995, 3
64542, 3
639421, 3
362083, 3
4900, 3
429280, 3
346841, 3
135481, 3
273782, 3
190158, 3
185223, 3
237601, 3
497716, 3
144569, 3
643043, 3
571617, 3
139753, 3
631308, 3
620428, 3
540900, 3
358319, 3
275258, 3
516119, 3
547872, 3
390861, 3
216673, 3
58487, 3
647406, 3
618300, 3
197168, 3
247874, 3
178582, 3
230085, 3
505592, 3
424483, 3
619129, 3
659206, 3
160598, 3
62958, 3
63003, 3
480445, 3
230805, 3
221400, 3
299302, 3
348798, 1
295929, 3
421696, 3
240020, 3
218394, 3
663569, 3
606902, 3
98033, 3
150783, 3
119712, 3
29096, 3
421635, 3
38777, 3
419106, 3
285075, 3
257735, 3
407970, 3
17741, 3
650719, 3
250564, 3
409027, 3
169145, 3
128698, 3
441779, 3
37069, 3
163847, 3
201976, 3
201995, 3
502452, 3
293309, 3
619047, 3
102962, 3
645076, 2
631163, 3
162787, 3
518123, 3
33572, 3
520106, 3
111013, 3
372977, 3
214170, 1
335971, 1
58339, 3
174780, 3
651497, 3
12451, 3
61423, 3
133201, 3
526916, 3
512128, 3
63851, 3
207533, 3
582989, 3
401974, 3
66880, 3
556011, 3
432639, 3
209247, 2
171796, 3
542000, 3
506012, 3
586065, 3
26644, 3
525174, 3
180504, 3
535302, 3
349235, 3
557268, 3
450970, 3
655534, 3
572805, 3
352263, 3
440945, 3
181658, 3
229374, 3
134963, 3
51286, 3
374665, 3
318238, 3
565827, 3
479539, 3
334425, 3
356200, 3
311548, 3
279307, 3
100982, 3
246562, 3
398207, 3
144106, 3
501264, 3
611562, 3
505554, 3
207825, 1
469294, 3
199814, 3
273924, 3
56575, 3
99636, 3
317301, 3
22155, 3
290571, 3
334623, 3
499219, 3
625334, 3
613247, 3
654795, 3
191500, 3
171020, 3
334991, 3
513043, 3
318893, 2
307206, 3
278388, 3
316893, 3
168972, 3
460289, 3
100278, 3
143941, 3
300894, 3
275970, 3
514141, 3
323499, 3
380268, 3
384749, 3
98521, 3
495665, 3
347607, 3
9020, 3
220836, 3
250109, 3
514256, 3
159706, 3
618479, 3
579877, 3
54512, 3
326815, 3
611608, 3
530920, 3
274670, 3
75154, 3
314718, 3
29434, 3
30221, 3
291745, 3
138860, 3
174089, 3
613480, 3
152338, 3
404279, 3
278431, 3
544728, 3
535697, 3
47792, 3
597512, 3
413251, 3
202717, 1
103746, 3
521946, 3
457503, 3
93866, 3
609222, 3
627885, 3
83741, 3
560704, 3
255709, 3
206435, 3
35649, 3
156459, 3
63878, 3
647913, 3
468450, 3
571525, 3
139145, 3
301236, 3
291911, 3
218788, 3
503187, 3
12168, 3
579863, 3
539905, 3
507981, 3
16958, 3
531549, 3
65944, 3
241860, 3
554621, 3
344925, 3
250451, 3
272722, 3
360543, 3
646587, 3
556535, 3
27966, 3
77282, 3
585730, 3
180979, 2
372008, 3
184233, 3
529407, 3
621155, 2
649558, 3
100351, 3
94025, 3
584320, 3
13881, 3
177854, 3
555481, 3
294779, 3
230491, 3
177339, 3
305576, 1
384792, 3
545684, 3
407265, 3
223186, 2
137332, 3
510529, 3
401764, 3
17456, 3
983, 3
324360, 3
572101, 3
358350, 3
613305, 3
291287, 3
5201, 3
593751, 3
261619, 3
74416, 3
596565, 3
162209, 3
533880, 3
176041, 3
94610, 3
394713, 3
192453, 3
650565, 3
249124, 3
84281, 3
284020, 3
497436, 3
320665, 3
19857, 3
244949, 3
181684, 2
24032, 3
258238, 3
326656, 3
649582, 3
125199, 3
19555, 3
612837, 3
387878, 3
85315, 3
113855, 3
196640, 3
458895, 3
38471, 3
427770, 3
374885, 3
406328, 3
312119, 3
270362, 3
277640, 3
476793, 3
88682, 3
488290, 3
557937, 3
207622, 3
372106, 3
171145, 3
428967, 3
522774, 3
306513, 3
557465, 3
183880, 3
441793, 3
170592, 3
546779, 3
354015, 3
592311, 3
18352, 2
34747, 2
505764, 3
608432, 3
441941, 3
432582, 3
482227, 1
50858, 3
541377, 3
274188, 3
519580, 3
136273, 3
88480, 3
614305, 3
63004, 3
645964, 3
381160, 3
111155, 3
487122, 1
139030, 2
616400, 3
292528, 3
462286, 1
410506, 3
224018, 3
636773, 3
304189, 3
41092, 3
122203, 3
427494, 3
505623, 3
365233, 3
201418, 3
293534, 3
31190, 3
11381, 2
229527, 3
658948, 1
481066, 3
547862, 3
274905, 3
601506, 3
350545, 3
38725, 3
119197, 3
366032, 3
633014, 3
136569, 3
580417, 3
246545, 3
418677, 3
509843, 3
613719, 3
78855, 3
435676, 3
297591, 2
634368, 3
313755, 3
523203, 3
439769, 3
33338, 2
24658, 3
233491, 3
345179, 3
101152, 3
236796, 3
477421, 3
373047, 3
315819, 3
8656, 3
588401, 3
195676, 3
548807, 3
297715, 2
102532, 3
535473, 3
307755, 3
13379, 3
215718, 3
302699, 3
61470, 3
327030, 3
641237, 3
124187, 3
459433, 3
246159, 3
660113, 3
250437, 3
169379, 3
642719, 3
582352, 3
596837, 3
297951, 2
203964, 3
4998, 3
654849, 3
274120, 3
232523, 3
281182, 3
534465, 3
59804, 3
457704, 3
18307, 3
48891, 3
321759, 3
44980, 3
321033, 3
117010, 3
411972, 3
413474, 3
388547, 3
415299, 3
664368, 3
292704, 3
358717, 2
22135, 3
244259, 1
521506, 3
478142, 3
493388, 3
392718, 2
198310, 3
599101, 3
500287, 3
66566, 3
355915, 3
290853, 3
451149, 1
184693, 3
78241, 3
382798, 3
499629, 3
239241, 3
239283, 3
227807, 3
623153, 3
75844, 3
181824, 3
296483, 3
490275, 3
40808, 3
265815, 3
103898, 3
549081, 3
631989, 3
663601, 3
22061, 3
476003, 3
312479, 3
212271, 3
204982, 3
495855, 3
361072, 3
28363, 3
511838, 3
317047, 3
179641, 2
279868, 3
599615, 1
312449, 3
314938, 3
541580, 3
664421, 3
34810, 3
91377, 3
572572, 1
424804, 3
259368, 3
661991, 3
49894, 3
549118, 3
308142, 3
534883, 3
382297, 3
614088, 3
35424, 3
521261, 3
85195, 3
459060, 3
305386, 3
591678, 3
239450, 3
655741, 3
11441, 3
216526, 3
50904, 1
552915, 3
395518, 3
62297, 3
213575, 3
599828, 3
517191, 3
175563, 3
430402, 3
590977, 3
400355, 3
121061, 3
452182, 3
146738, 3
658449, 3
235276, 2
534489, 3
566380, 3
455374, 3
94353, 3
593836, 3
93295, 3
484510, 3
71823, 3
388138, 3
375633, 3
512417, 3
180768, 3
7105, 3
548598, 2
127276, 3
100242, 3
270014, 3
30246, 1
151007, 3
47500, 3
143983, 3
59158, 2
239934, 3
558929, 1
168344, 3
123291, 3
498019, 3
249685, 3
85317, 1
500761, 3
37502, 3
22989, 3
478269, 3
625739, 3
169656, 3
402820, 3
602406, 3
117277, 3
17711, 3
15919, 3
36374, 3
109355, 3
293343, 3
164684, 3
263243, 3
532509, 3
472967, 3
182793, 2
327511, 3
616885, 3
488529, 3
110387, 3
152781, 3
626027, 3
297272, 3
420767, 3
62362, 3
515526, 3
531015, 3
191590, 3
38926, 3
559307, 3
301508, 2
5737, 3
14289, 3
14548, 3
475184, 3
659301, 3
397144, 3
426156, 3
200913, 1
616116, 3
562244, 3
304360, 2
10182, 3
197434, 3
116010, 3
86418, 3
28554, 3
107979, 3
4325, 3
658442, 3
382152, 3
218630, 3
489843, 3
302117, 3
615050, 3
45122, 3
451884, 3
436522, 3
502692, 3
310342, 3
155654, 3
325272, 3
305871, 3
89164, 2
564933, 3
363270, 3
75256, 1
650207, 3
658920, 3
44770, 3
652478, 3
19537, 3
446379, 3
453235, 1
251586, 3
256186, 3
216179, 3
512985, 3
565976, 3
240171, 3
616174, 3
477545, 3
369560, 3
41142, 3
515095, 1
3069, 3
545392, 3
499703, 3
23578, 3
356895, 3
329364, 3
12005, 3
82573, 3
293452, 3
641053, 3
491795, 3
56784, 3
641986, 3
606353, 3
489541, 3
143197, 3
61404, 3
368577, 3
507733, 3
339831, 3
363499, 3
147690, 3
538745, 3
176484, 3
652387, 1
623901, 3
129508, 3
126480, 3
487251, 3
411082, 3
568724, 3
606372, 3
447867, 3
459587, 3
68499, 3
348554, 3
86835, 3
376860, 3
11201, 3
131803, 3
492736, 3
338644, 3
111191, 3
303697, 3
54872, 3
254328, 3
114184, 2
74178, 3
285113, 3
388125, 1
203647, 2
109219, 3
354456, 3
320189, 3
618358, 3
485949, 3
340169, 3
485804, 3
546141, 3
273278, 3
55255, 2
473774, 3
345097, 3
297620, 3
164661, 3
577123, 3
499595, 3
115948, 3
609520, 3
33497, 3
476293, 3
72621, 3
415328, 3
257900, 3
55219, 3
221983, 3
2251, 2
45370, 3
510408, 2
568869, 3
81873, 3
352292, 3
332528, 3
643281, 3
296812, 3
649769, 1
228382, 3
77079, 3
126786, 3
411984, 3
373797, 3
20372, 3
374674, 3
389208, 3
644897, 3
160191, 3
521333, 3
423813, 3
192425, 3
553832, 3
83087, 3
106775, 3
129484, 3
551856, 3
421870, 3
170826, 3
561126, 3
288145, 3
468316, 3
250772, 3
631164, 3
633285, 3
144943, 3
227431, 3
183402, 3
204719, 3
259601, 3
495811, 3
635346, 3
545122, 3
56669, 3
646683, 3
204025, 3
47526, 3
423144, 3
169973, 3
595842, 3
639911, 3
254609, 3
182343, 3
386904, 3
180772, 3
436823, 3
612972, 3
535817, 3
224946, 3
475999, 3
463962, 3
179408, 3
470341, 3
17662, 3
304343, 3
437938, 3
272514, 3
485645, 3
454896, 3
330321, 3
137543, 3
577343, 3
206273, 3
520329, 3
450849, 3
622056, 3
614291, 3
44591, 3
53585, 2
319233, 3
308445, 3
379361, 3
598373, 3
83789, 3
147136, 3
371074, 3
326761, 3
180492, 3
154803, 3
164636, 3
541685, 3
157800, 3
91067, 3
242196, 3
58861, 3
12275, 3
218194, 3
274228, 3
540689, 3
214318, 3
17641, 3
109951, 3
377280, 3
404272, 3
117105, 3
426663, 3
415422, 3
137540, 3
649258, 3
538145, 3
277116, 3
454032, 3
542480, 3
575271, 2
16389, 3
472707, 3
285894, 3
133129, 3
197784, 3
82123, 3
242190, 3
461328, 3
20889, 3
374700, 3
387992, 3
539985, 3
372435, 3
620854, 3
649626, 3
28773, 2
4124, 3
72698, 3
646812, 3
621361, 2
514617, 3
133678, 3
396917, 3
418741, 3
438961, 2
495329, 3
310322, 3
183124, 2
437402, 3
133282, 3
229168, 3
133394, 3
531544, 3
559125, 3
562293, 3
33339, 3
337362, 3
147205, 2
511464, 3
93299, 3
581071, 1
599556, 3
311458, 3
129868, 3
613159, 3
348359, 3
224871, 3
216234, 3
391638, 3
183902, 3
475554, 3
445516, 3
502005, 3
71775, 3
376641, 3
165503, 3
119115, 3
54130, 3
474701, 3
388178, 3
340262, 1
93228, 3
596265, 3
546805, 3
33089, 3
460055, 3
92192, 3
272807, 3
377685, 3
474802, 3
591285, 3
445242, 3
273207, 3
154396, 3
471591, 3
211504, 3
101983, 3
536463, 3
569330, 3
529610, 3
289109, 3
604411, 3
155361, 3
85230, 3
570803, 3
257072, 3
115898, 3
320862, 3
460490, 3
392842, 3
377507, 3
339095, 3
633584, 3
418831, 3
96274, 3
60962, 3
548568, 3
615128, 3
84229, 3
535875, 1
535636, 3
123807, 3
642575, 3
484156, 2
348572, 3
289920, 3
428456, 2
475027, 3
453880, 3
515298, 3
655277, 2
664253, 3
292771, 3
54348, 3
186078, 3
422582, 3
282727, 2
636504, 3
62194, 3
549318, 3
515418, 3
393246, 1
637634, 3
575141, 2
68860, 3
175879, 3
254838, 3
192515, 3
650545, 3
319766, 3
220802, 3
587277, 3
601135, 3
568287, 3
396132, 3
634806, 3
589854, 3
215808, 3
74366, 3
397343, 3
98218, 3
497624, 2
545097, 3
369021, 3
612442, 3
80596, 3
182081, 3
502761, 2
281042, 3
35413, 3
521632, 2
317700, 3
118422, 3
165429, 2
38187, 3
333660, 3
544322, 3
68551, 3
621420, 3
240887, 3
511845, 3
28505, 3
384391, 3
492949, 3
560264, 3
357392, 3
385350, 3
557336, 3
626730, 3
271007, 3
363666, 3
373935, 3
488555, 3
419433, 3
217152, 3
85183, 3
592236, 3
424176, 3
655586, 3
152824, 3
638494, 3
133393, 2
100443, 3
631167, 3
305996, 3
146643, 3
50278, 3
386241, 3
183549, 3
247272, 3
224428, 3
638766, 3
476115, 3
520110, 3
84786, 3
398280, 3
164225, 3
636251, 3
625790, 3
340455, 1
101018, 3
122764, 3
563043, 3
194235, 3
71493, 3
40843, 3
499721, 3
524085, 3
414262, 3
488375, 1
163083, 3
296337, 3
179376, 3
305521, 3
594798, 3
658704, 3
5362, 3
47496, 3
417388, 3
580474, 3
273546, 3
495866, 3
44043, 3
559391, 3
60274, 3
301493, 3
8240, 3
500705, 3
5497, 3
95777, 3
581085, 2
121851, 3
32558, 3
311053, 3
67726, 3
526618, 3
106992, 3
311236, 3
224101, 3
571842, 3
598229, 3
333430, 3
386981, 3
652345, 3
444236, 3
116238, 3
111859, 3
637619, 3
297640, 3
5377, 3
139152, 3
206366, 3
628736, 3
659942, 3
152259, 3
308152, 3
96491, 3
9838, 3
314563, 3
557018, 3
289129, 3
80088, 3
17739, 3
299192, 3
171772, 3
579865, 3
134407, 3
343845, 3
212154, 3
445568, 3
180837, 3
655962, 3
401257, 3
193077, 3
217260, 3
375575, 3
610445, 3
312185, 3
209882, 3
560310, 2
327741, 3
333513, 3
292735, 3
237572, 3
209196, 3
297344, 3
2464, 3
594907, 3
447323, 3
12432, 3
305982, 3
565149, 3
237973, 3
391250, 3
322311, 3
600722, 3
426399, 3
407919, 3
238665, 3
663884, 3
537173, 3
568746, 3
314798, 3
604472, 3
309012, 3
228135, 3
320778, 3
561341, 3
33961, 3
503709, 3
404607, 3
84267, 1
557778, 3
377644, 3
39160, 3
102569, 3
344128, 3
453794, 3
387055, 3
124677, 3
621411, 3
303513, 3
104296, 3
587580, 2
45090, 3
241141, 3
174556, 3
30490, 3
34770, 3
634781, 3
626132, 3
120416, 3
345654, 3
153002, 3
187335, 3
371372, 3
484933, 3
506637, 3
52699, 3
211827, 3
78697, 3
376214, 3
640240, 3
1042, 3
82921, 3
196476, 3
249664, 3
435451, 3
249454, 3
100735, 3
142970, 3
167998, 3
237040, 3
103657, 3
598033, 3
218412, 3
543454, 3
386551, 3
32256, 3
65733, 3
87128, 2
190703, 3
465321, 3
596379, 3
631485, 3
509573, 3
377874, 3
337529, 3
28452, 3
516989, 3
286839, 3
491912, 3
317936, 3
454858, 3
361777, 3
94780, 3
317368, 1
633970, 3
329141, 2
25573, 3
220677, 3
384972, 3
230118, 3
398236, 3
497411, 3
43807, 3
464542, 1
410607, 3
116863, 3
550603, 3
409822, 3
630320, 3
634029, 3
445476, 3
477882, 3
85583, 3
192795, 1
194482, 3
69467, 3
654765, 3
325610, 3
426653, 3
63976, 3
378595, 3
148827, 3
543202, 3
613821, 3
435989, 3
16326, 3
535676, 3
429574, 3
584988, 3
211001, 3
2860, 3
10054, 3
358244, 3
16529, 3
484830, 3
125559, 3
88300, 3
656794, 3
591137, 3
124124, 3
320833, 3
314011, 3
76846, 3
526186, 3
547220, 3
475283, 3
490323, 3
505386, 3
106837, 3
40762, 3
346225, 3
377992, 3
337104, 3
142006, 3
445995, 3
642057, 3
205363, 3
139179, 3
577202, 3
407888, 3
275905, 3
581625, 3
427809, 2
643831, 3
486510, 3
36600, 3
169286, 3
430593, 3
461164, 1
35090, 3
146180, 1
517665, 3
182503, 3
569079, 3
186866, 3
552811, 3
604729, 3
18407, 3
64439, 3
426738, 3
63811, 3
658019, 3
381235, 3
187355, 1
253309, 3
214183, 3
32406, 3
107172, 3
133440, 3
494951, 3
301650, 3
273396, 3
199800, 3
14142, 3
11820, 3
300871, 3
11989, 3
632862, 3
589512, 3
451864, 3
31393, 3
311626, 3
236846, 3
652741, 3
138340, 3
25408, 3
553441, 3
140944, 3
117702, 3
524101, 3
90294, 3
116115, 3
652982, 3
130924, 3
55297, 3
163242, 3
303458, 3
609752, 3
581412, 3
336770, 3
125623, 3
201259, 3
17577, 3
307368, 3
414143, 3
596466, 3
394383, 3
227386, 3
533906, 3
70685, 3
176603, 3
494140, 3
394217, 3
380264, 2
285756, 3
116043, 3
89595, 3
61161, 1
249158, 3
54412, 3
474772, 3
129869, 3
481650, 3
426497, 3
177222, 3
501607, 3
563567, 3
647506, 3
569498, 3
187900, 2
513797, 3
653616, 3
172116, 3
62236, 3
496465, 3
636743, 3
374499, 3
373669, 3
461549, 3
591619, 3
326365, 3
121749, 3
357088, 3
249922, 3
279426, 3
372940, 3
436002, 3
285245, 3
60068, 3
272593, 3
479098, 3
39475, 3
454531, 3
35640, 3
392828, 3
609868, 3
455838, 3
134244, 3
205871, 2
53890, 3
269085, 3
327062, 3
113147, 3
587726, 3
583999, 3
409804, 3
523278, 3
56018, 3
136143, 3
632288, 3
353978, 3
64380, 3
88171, 3
223710, 3
434689, 3
641183, 3
168511, 3
249279, 3
439530, 3
372521, 3
183657, 3
629631, 3
600520, 3
335732, 3
632143, 3
627639, 3
156769, 3
520513, 3
48059, 3
468840, 3
209570, 3
326043, 3
209557, 3
542863, 3
364583, 3
77373, 3
559525, 3
395131, 3
81685, 3
456118, 3
133672, 3
89630, 2
17818, 3
359707, 3
120116, 3
268133, 3
69911, 3
611085, 3
593166, 3
245446, 3
209896, 3
121860, 3
388957, 3
543686, 3
39590, 3
567217, 3
42216, 3
292387, 3
399577, 3
629685, 3
456129, 3
128979, 3
569621, 2
367117, 3
194829, 3
22048, 3
79562, 3
382483, 3
19238, 3
391596, 3
561650, 3
252250, 3
208101, 3
652739, 3
309173, 3
90157, 3
195555, 3
583557, 3
484517, 3
544534, 3
65952, 3
181224, 3
87730, 3
108044, 3
317063, 3
474794, 3
80629, 3
441201, 3
278802, 3
581344, 3
423103, 3
153980, 3
364642, 3
436260, 3
544267, 3
271381, 3
563603, 3
248594, 3
654744, 3
441159, 3
114701, 3
574222, 3
144134, 3
131512, 3
472447, 3
75659, 2
629668, 3
192578, 2
230129, 3
20492, 3
451428, 3
399370, 3
267444, 3
395027, 3
27388, 3
640647, 3
501295, 3
952, 3
162016, 3
348166, 3
50884, 3
83115, 3
170680, 3
322528, 2
200598, 3
534157, 3
440971, 1
240343, 3
369683, 3
223315, 3
530127, 1
169711, 3
167559, 3
280409, 3
439502, 3
274778, 3
228556, 3
219038, 3
352239, 3
334015, 3
369759, 3
636633, 1
191555, 3
30487, 3
579278, 3
532332, 3
16145, 3
14256, 3
438704, 3
312710, 3
216938, 3
318556, 3
345301, 3
424052, 3
20255, 3
311846, 2
107216, 3
88355, 1
570464, 3
334325, 3
483156, 3
446277, 3
365929, 3
310853, 3
471547, 3
278139, 2
487802, 2
3716, 2
111793, 3
471713, 3
73304, 3
443059, 3
588129, 3
636058, 3
167495, 3
363909, 3
39667, 3
31305, 3
13680, 3
18423, 3
106361, 3
453258, 3
411967, 3
206484, 3
507652, 3
87963, 3
195084, 3
641354, 3
4638, 3
423462, 3
81657, 3
493695, 3
332794, 3
412971, 3
373849, 3
525707, 3
574418, 3
615982, 3
413514, 3
464999, 3
179310, 3
302733, 3
146599, 3
300816, 3
279542, 3
546933, 3
354829, 3
103016, 3
362218, 3
58891, 3
123265, 3
73724, 3
88524, 3
420885, 3
287129, 3
449113, 3
224951, 3
608397, 3
331840, 3
92631, 3
306454, 3
364363, 3
198754, 3
551194, 3
130027, 3
279721, 3
393304, 3
624453, 3
627189, 3
191039, 3
286476, 3
20243, 3
487703, 3
491133, 3
247214, 3
594550, 3
652724, 3
583673, 3
270115, 3
94014, 3
298960, 3
262510, 3
103074, 3
511905, 3
446253, 3
197403, 2
130554, 3
603515, 3
439970, 3
480134, 3
268735, 3
61040, 3
285045, 3
121423, 3
121052, 3
256541, 3
494497, 3
302490, 3
629520, 3
459985, 3
506293, 3
210359, 3
560813, 3
289570, 3
121313, 3
45245, 3
40466, 3
132987, 3
636369, 1
225586, 3
123571, 3
235299, 3
477880, 3
155188, 3
112280, 3
49802, 3
249730, 2
60579, 2
574326, 3
161530, 3
70404, 3
194577, 3
45422, 3
331633, 3
576099, 3
645919, 3
102531, 3
640365, 3
382905, 3
662493, 3
4822, 3
172174, 3
533096, 3
430039, 3
368101, 3
54464, 3
475257, 3
567941, 3
69435, 3
307899, 3
513646, 3
251576, 3
55031, 3
40093, 3
114991, 3
374149, 3
665154, 3
625822, 3
366951, 3
40488, 3
651526, 3
660358, 3
22697, 2
394763, 3
509089, 3
154391, 3
566002, 3
202584, 3
77708, 3
105496, 3
471461, 1
153138, 3
521224, 3
77360, 3
525324, 3
362752, 3
364124, 3
323793, 3
415484, 3
163012, 3
13783, 3
43428, 3
156734, 3
570065, 3
600850, 3
433786, 3
330932, 3
374907, 3
326238, 3
21670, 3
257151, 3
53907, 3
364260, 3
127126, 3
427769, 3
178251, 3
456447, 3
533669, 3
592668, 3
630836, 3
634082, 3
254812, 3
481300, 3
468277, 3
84214, 3
333004, 3
201423, 3
582489, 3
31984, 3
10418, 3
466318, 3
491259, 3
212827, 3
517586, 3
564435, 3
81923, 3
194238, 3
451317, 3
528750, 3
98493, 3
612885, 3
336509, 3
53043, 3
202272, 3
533509, 3
565824, 2
552893, 3
314175, 3
564309, 3
566972, 3
550167, 3
485432, 3
298013, 3
509571, 3
414276, 3
70092, 3
430018, 3
187014, 3
504307, 3
302415, 3
18221, 3
614280, 3
497102, 3
140715, 2
433202, 3
213149, 1
195209, 3
506688, 3
205570, 3
3323, 3
466228, 3
533935, 3
290055, 3
144383, 3
436339, 2
434360, 3
490444, 3
222399, 3
516499, 3
628953, 3
469226, 3
656529, 3
491709, 3
27560, 3
538456, 3
605338, 3
112814, 3
556776, 3
475429, 1
48371, 3
135444, 3
83667, 3
640022, 3
238986, 3
340140, 3
423626, 3
238320, 3
608910, 3
588320, 3
656709, 1
444428, 3
165028, 3
413004, 3
557952, 3
397434, 3
101739, 3
451805, 2
399550, 3
461795, 3
332889, 3
82996, 3
115176, 3
436622, 2
618051, 3
585057, 3
334818, 3
613626, 3
49322, 2
159459, 3
262171, 3
524473, 3
647792, 3
148968, 3
245418, 3
240798, 3
427748, 3
279140, 3
347201, 3
221197, 3
213798, 3
208134, 3
617727, 3
577664, 3
34703, 3
423698, 3
656368, 3
388623, 3
363807, 3
430131, 3
368611, 3
341126, 3
418148, 3
336860, 3
553918, 3
96206, 3
252690, 3
455786, 3
370306, 3
663541, 3
77927, 3
23650, 3
48184, 3
430910, 3
479442, 3
518001, 3
484112, 3
442163, 3
469414, 3
425815, 3
54674, 3
364530, 3
294522, 3
110813, 2
413718, 3
161110, 3
422368, 3
632591, 3
481342, 3
620683, 3
192842, 2
617785, 3
175290, 3
542401, 3
643447, 3
414789, 3
81408, 3
348507, 2
401134, 3
14634, 3
517751, 3
267643, 3
601764, 3
561336, 3
530562, 3
513257, 3
552388, 3
215392, 3
519874, 3
545182, 3
72071, 3
545804, 3
5297, 3
440062, 2
563967, 3
610964, 1
2515, 3
27713, 3
256326, 3
571189, 3
267662, 3
108655, 3
182581, 3
92031, 3
633356, 3
387882, 3
620642, 3
298323, 3
387463, 3
556358, 3
611348, 3
519665, 3
333353, 3
458684, 3
361531, 3
610913, 3
111783, 3
155116, 3
193011, 3
149088, 3
470175, 3
166097, 3
628988, 3
246017, 3
570438, 3
142795, 3
600362, 2
444542, 2
266631, 3
246568, 3
37552, 3
204885, 3
426745, 3
476931, 3
640635, 3
251656, 3
92641, 3
7605, 3
323232, 3
427603, 3
651853, 3
185414, 3
337803, 3
312610, 1
136341, 3
508056, 3
508369, 3
1977, 3
378164, 3
456862, 2
630749, 2
223551, 3
586728, 3
524637, 3
360071, 3
662691, 3
21167, 3
420941, 3
206938, 3
68747, 3
180890, 3
4563, 3
662229, 3
531611, 3
143826, 3
593621, 3
409696, 3
251207, 3
293001, 3
4717, 3
343353, 3
487496, 3
83418, 3
607743, 3
643806, 3
130420, 3
107465, 3
656305, 3
417139, 3
233899, 3
106621, 3
22040, 3
421656, 3
562984, 3
161718, 3
532323, 3
564978, 3
401900, 3
374473, 3
547280, 3
374728, 3
111706, 3
52109, 3
516161, 3
475259, 3
23089, 3
49241, 3
565065, 3
381419, 3
65811, 3
489691, 1
378816, 3
412505, 3
17775, 3
580795, 3
267437, 3
191024, 3
35444, 3
396595, 3
159355, 3
572508, 3
252227, 3
564104, 3
307960, 3
474276, 3
12559, 3
389756, 3
484486, 3
116186, 3
490196, 3
82217, 3
358581, 3
77188, 3
216557, 3
338770, 3
170618, 3
315875, 3
549973, 3
55478, 3
41015, 3
479154, 3
224203, 3
503718, 3
182136, 3
59344, 3
451632, 3
533073, 3
193705, 3
9749, 3
440721, 3
253998, 3
90471, 3
428099, 3
177065, 3
516153, 3
138390, 3
1875, 3
170009, 3
130706, 3
220703, 3
376630, 3
214853, 3
602140, 3
426271, 3
151213, 3
616287, 3
625699, 3
432479, 3
596818, 3
327904, 3
74952, 3
198865, 3
607776, 3
521363, 3
210079, 3
466366, 3
226394, 3
278631, 3
405091, 3
553387, 3
459007, 3
582866, 3
238462, 3
484970, 3
157892, 3
124736, 3
134363, 3
201605, 3
235453, 3
134686, 3
180896, 3
114197, 3
628971, 3
166873, 3
607916, 3
447047, 3
480137, 3
543204, 3
188132, 3
501876, 3
2202, 3
646040, 3
442083, 3
446815, 3
174211, 3
584286, 3
381084, 3
307975, 3
336632, 3
492699, 3
606158, 3
512475, 3
277104, 2
632852, 3
62405, 3
454910, 3
62418, 3
643479, 3
149893, 3
291466, 3
7470, 3
510822, 3
57936, 2
464379, 3
473729, 3
64071, 3
74945, 3
2475, 3
219003, 3
371037, 3
531965, 3
418323, 3
524620, 3
500183, 2
324306, 3
464955, 3
649257, 3
588189, 3
286456, 3
662077, 3
108379, 3
634944, 3
219871, 3
185187, 3
137078, 2
474073, 3
657512, 3
589867, 1
232260, 2
156654, 3
32059, 3
593296, 3
13522, 3
637123, 3
644337, 3
601760, 3
661696, 3
347905, 3
430989, 3
68723, 3
516827, 3
512620, 3
461246, 3
138618, 3
161362, 3
312870, 3
371348, 3
132413, 3
542254, 3
589172, 3
34836, 3
30646, 3
289867, 3
527737, 3
304313, 3
258855, 3
369490, 3
247308, 1
212951, 3
512766, 1
48880, 3
343864, 3
37759, 3
468342, 3
214865, 3
328395, 3
438341, 3
405036, 3
401266, 3
164794, 3
155341, 3
517063, 3
210551, 3
89803, 3
282757, 3
343012, 3
423834, 3
284253, 3
409513, 3
608333, 1
145872, 3
401968, 3
615957, 3
474384, 3
508409, 3
192804, 3
497572, 3
284449, 3
313412, 3
101183, 3
534304, 3
486035, 3
212719, 3
402076, 3
594294, 3
394060, 3
302659, 3
505478, 3
213481, 3
640512, 3
528200, 3
377039, 3
167239, 3
58738, 3
284701, 3
55714, 3
23967, 3
34484, 3
185403, 3
268703, 3
544265, 3
152146, 3
254560, 3
40815, 3
158318, 3
89058, 3
474987, 3
81832, 3
194606, 3
465680, 3
58520, 3
8717, 3
44937, 3
659606, 3
535934, 3
445619, 3
251448, 3
321994, 3
616019, 3
182841, 3
222309, 3
409344, 3
510041, 3
343082, 3
265267, 1
551185, 3
560638, 3
386597, 3
10167, 3
564880, 3
130628, 3
534484, 3
462616, 3
490218, 3
120483, 3
125012, 2
22929, 3
293205, 3
321976, 3
420795, 3
293569, 3
170815, 3
625705, 3
499480, 3
525683, 3
422102, 3
113956, 3
423980, 3
460783, 2
38859, 3
527144, 3
339039, 3
640912, 3
547303, 3
398533, 3
564114, 3
445794, 3
421542, 3
40951, 3
328524, 3
218815, 3
622226, 3
11836, 3
11510, 3
564489, 3
525214, 3
396916, 3
537333, 3
49397, 3
303039, 3
252030, 3
119636, 3
274119, 3
326706, 3
41779, 3
225868, 3
253330, 3
353311, 3
606980, 3
78362, 3
89822, 3
469567, 3
110495, 3
598926, 3
595265, 3
349498, 3
484177, 3
57636, 3
186945, 1
122393, 3
161022, 3
388675, 3
263979, 3
202036, 3
37391, 3
554314, 3
43088, 3
150062, 3
238503, 3
650783, 3
467057, 3
582878, 1
245953, 3
185592, 3
484443, 3
389249, 2
239318, 3
140000, 1
394094, 3
201545, 3
545751, 3
385826, 3
23417, 3
116924, 3
166077, 3
635286, 3
484684, 3
143693, 3
438079, 3
552997, 3
616153, 3
426670, 3
229092, 3
22457, 3
589004, 3
206627, 3
549612, 3
245765, 3
526287, 3
295684, 3
180110, 1
219189, 3
343157, 3
563486, 3
541736, 3
253352, 2
520321, 3
344142, 3
122008, 3
312864, 3
464852, 3
90890, 3
168589, 3
530289, 3
198978, 3
326213, 3
151904, 3
604447, 3
154581, 3
493118, 3
534349, 3
557376, 3
471302, 3
477246, 2
462424, 3
416077, 3
149711, 3
417889, 3
348241, 3
163865, 3
495793, 3
270334, 3
306450, 3
657490, 3
30276, 1
380960, 3
501672, 3
428327, 3
446104, 3
373062, 3
303973, 2
328982, 3
220838, 3
544812, 3
472528, 3
526546, 3
622744, 3
240501, 3
542038, 3
382385, 3
225742, 3
243355, 3
237117, 3
340771, 3
303522, 3
244740, 3
342139, 3
518593, 3
87379, 3
650016, 3
456722, 3
626184, 3
40682, 3
117087, 3
24665, 3
311443, 2
558551, 3
137077, 3
46110, 3
110642, 3
555487, 3
185226, 3
182151, 3
375099, 3
343232, 2
15475, 3
321675, 1
252973, 3
59812, 3
187531, 3
263209, 3
542988, 3
337560, 3
119313, 3
297907, 3
567780, 2
440387, 3
160918, 3
228697, 3
544019, 3
482564, 3
131768, 3
378643, 3
179276, 3
338880, 3
581321, 3
84749, 3
437637, 1
495817, 3
142594, 3
139567, 3
643394, 3
185618, 3
148013, 3
44466, 3
613163, 3
135966, 3
653814, 3
208067, 3
223022, 3
13415, 3
529195, 3
470689, 3
607840, 1
481593, 3
553756, 3
337531, 3
359145, 3
160892, 3
614343, 3
3200, 3
599347, 3
528054, 3
470899, 3
356316, 3
15938, 3
284502, 3
443005, 3
68183, 3
451713, 3
347491, 3
570923, 3
575653, 3
533011, 3
269610, 3
375305, 3
379748, 3
174150, 3
167899, 3
264102, 3
426168, 3
410197, 3
378255, 3
890, 3
410269, 3
605479, 3
622444, 3
604947, 3
39266, 3
598013, 3
536307, 3
651940, 1
232910, 3
414508, 3
277543, 3
66375, 3
123516, 3
485666, 3
331314, 3
265962, 1
365029, 3
597756, 2
286634, 3
212723, 3
341430, 3
630276, 3
58167, 3
43489, 3
327168, 3
178549, 3
267366, 3
301755, 2
658174, 3
343282, 3
516587, 3
180854, 3
378882, 3
580363, 3
231754, 3
5983, 3
545883, 3
495322, 3
164316, 3
310189, 3
386248, 3
352665, 3
581895, 3
74015, 3
295679, 3
151232, 3
298163, 3
379912, 3
41703, 3
442611, 3
159906, 3
303276, 3
31730, 3
426530, 3
273364, 3
590204, 3
134326, 3
323647, 3
314852, 3
254426, 3
343109, 3
205817, 3
466403, 3
282048, 2
214861, 3
90364, 3
339923, 3
226119, 3
24152, 3
410653, 3
50159, 3
477895, 3
435272, 3
554462, 3
649165, 3
318331, 3
40926, 3
656297, 3
43509, 3
182869, 3
568705, 3
185447, 3
18744, 3
429279, 3
202381, 3
100738, 3
490456, 3
556014, 3
379313, 3
368800, 3
83242, 3
41356, 3
642777, 3
257302, 3
7058, 3
270782, 3
483581, 3
1567, 3
532939, 3
67846, 3
489412, 3
82912, 3
247735, 3
435479, 3
557570, 3
659457, 3
521339, 3
381092, 3
50868, 3
497585, 3
452841, 3
345803, 3
272353, 3
437730, 3
209872, 3
215450, 3
408364, 3
232815, 3
518455, 3
43476, 3
200942, 3
207194, 3
485171, 3
370542, 3
87489, 3
450215, 3
154270, 3
530821, 3
217632, 3
168672, 3
368021, 3
495796, 3
69210, 1
64167, 3
249888, 3
604921, 3
92696, 2
355163, 3
198923, 3
427033, 3
177928, 2
116383, 3
345460, 3
231768, 3
375863, 3
213613, 3
373889, 3
630305, 3
497947, 3
125716, 3
424283, 3
287125, 3
198083, 3
436454, 3
213815, 3
298685, 3
172473, 3
374779, 3
206242, 3
429238, 3
567315, 3
546591, 3
373365, 3
157316, 3
253725, 3
606266, 3
611811, 3
249632, 3
463774, 3
239435, 3
322593, 3
51634, 3
660586, 3
251277, 3
285506, 2
83572, 3
442624, 3
236211, 3
623059, 3
496655, 3
347228, 3
619530, 3
233859, 3
13619, 3
272450, 3
660565, 3
421387, 3
416692, 3
660277, 3
375676, 3
596945, 3
260611, 3
219104, 3
9949, 3
276227, 3
540140, 3
361337, 2
206684, 3
81727, 3
74738, 3
256383, 2
661745, 3
296504, 1
511982, 3
215338, 3
559438, 3
317836, 3
89700, 3
160508, 3
498862, 3
9236, 3
420122, 3
656287, 3
566897, 2
146431, 3
65257, 3
401331, 3
575237, 2
493478, 3
356749, 3
379003, 3
122933, 3
232966, 3
127111, 3
222210, 3
13826, 3
580614, 3
185480, 3
138245, 3
442750, 3
651609, 3
372925, 3
45388, 3
342695, 3
587032, 3
633505, 3
413125, 3
28334, 3
167100, 3
323553, 3
74362, 3
638935, 2
45077, 1
536415, 3
97096, 3
176147, 3
193477, 3
168358, 3
600794, 3
445917, 3
77722, 3
600692, 3
565594, 3
239421, 2
36640, 3
409184, 3
629591, 3
130650, 3
25036, 3
261473, 3
358925, 3
198801, 3
516097, 3
589273, 3
220053, 3
57351, 3
110679, 3
425283, 3
566287, 3
209901, 3
459024, 3
27048, 3
649223, 3
450726, 3
44191, 3
448736, 3
70144, 3
175903, 3
408156, 3
351830, 3
48611, 3
577604, 3
501244, 3
216269, 3
417024, 3
309668, 3
247870, 3
570368, 3
171369, 3
408508, 3
60242, 3
593107, 3
132587, 3
228055, 3
76542, 3
210633, 3
438088, 3
597331, 3
124399, 3
183647, 3
342107, 3
249477, 3
306216, 3
201026, 3
595945, 3
351882, 3
276218, 3
608736, 3
204135, 3
262648, 3
391841, 3
100929, 3
32239, 3
440800, 3
266125, 3
74234, 3
247749, 3
113763, 3
240084, 3
424115, 3
383247, 3
441854, 2
512846, 3
217845, 3
84583, 3
179389, 3
188368, 3
664607, 3
567023, 3
560480, 3
254058, 3
347841, 3
462936, 3
193247, 3
205161, 3
111592, 3
83755, 3
6893, 3
374632, 3
141220, 3
3865, 3
32923, 3
449219, 3
384169, 3
175820, 3
290995, 3
389012, 3
455687, 3
656664, 1
425488, 3
116885, 3
132171, 3
20668, 3
157596, 3
367592, 3
518335, 3
196427, 3
652272, 3
156190, 3
886, 3
488110, 3
584778, 3
281597, 3
578115, 3
379626, 2
245074, 3
272119, 3
92571, 3
206011, 3
98717, 3
418724, 3
81357, 3
570236, 3
417908, 3
37178, 3
309469, 3
660194, 3
73184, 3
410956, 3
573157, 3
310733, 3
501388, 3
133608, 3
264735, 3
204684, 3
215351, 3
340633, 3
409597, 3
534946, 3
43216, 3
583046, 3
476440, 3
613581, 3
106365, 2
606365, 3
71724, 3
370139, 3
83194, 3
361225, 3
468940, 3
393924, 3
71100, 3
659341, 3
186038, 3
612603, 3
397903, 3
398566, 3
325498, 3
504557, 3
563571, 2
553325, 3
5564, 3
535223, 3
298052, 3
508740, 3
652413, 3
435867, 3
90567, 3
155860, 3
663492, 3
295225, 3
27937, 3
41035, 3
207887, 1
244475, 3
665109, 2
330709, 3
617609, 3
578860, 3
422806, 3
122835, 1
304482, 3
314250, 3
594455, 3
369881, 3
469212, 3
34802, 3
557333, 3
406957, 3
266279, 3
104221, 1
625663, 3
369682, 3
209113, 3
381917, 3
32058, 3
15866, 3
200537, 3
263015, 3
619305, 3
330229, 3
322772, 2
395012, 3
248377, 3
300366, 3
25410, 3
218970, 3
444710, 3
439337, 3
300054, 3
371422, 3
454628, 3
512466, 3
379665, 3
171921, 3
70193, 3
500528, 3
526457, 3
262458, 2
281634, 3
225499, 3
447929, 3
395613, 3
246578, 3
565917, 3
131030, 3
41976, 3
239912, 3
293949, 3
142317, 3
265794, 2
128316, 3
195707, 3
120824, 3
324405, 3
177994, 3
554004, 3
183513, 3
241745, 3
642655, 3
226356, 2
341141, 3
531058, 3
326624, 3
176798, 3
23426, 3
147655, 3
362980, 3
396654, 3
486046, 3
360021, 3
49268, 3
136580, 3
197212, 3
494279, 3
626024, 3
512045, 3
199356, 3
371379, 3
391898, 3
35708, 3
33285, 3
478321, 3
306376, 3
267858, 3
327478, 3
219552, 3
631031, 3
107473, 3
644879, 1
169411, 3
327248, 3
107823, 3
444868, 3
113893, 3
235043, 3
119470, 3
227172, 3
241149, 3
226887, 3
135045, 3
600228, 2
656464, 3
215156, 3
570529, 3
245902, 3
633952, 3
458812, 3
450216, 3
601007, 3
402607, 3
485628, 3
141044, 3
273940, 3
307048, 3
264605, 3
524060, 3
629152, 3
423566, 3
394746, 3
576309, 3
441319, 2
45282, 3
88065, 2
263055, 3
530570, 3
282655, 3
481714, 3
382954, 3
519430, 3
202511, 3
259558, 2
462634, 3
84156, 3
104401, 3
588640, 3
70628, 3
373713, 3
654940, 3
38324, 3
514168, 3
168540, 3
275387, 3
174701, 3
58026, 3
432668, 3
55044, 3
88869, 3
408941, 3
4600, 3
406968, 3
416820, 3
115397, 3
109673, 3
10930, 3
559316, 3
110565, 3
60181, 3
212537, 3
361379, 3
467934, 3
263686, 3
329653, 3
258988, 3
596526, 3
29496, 3
253012, 3
450516, 3
216686, 3
437008, 3
244666, 2
214285, 3
142289, 3
546370, 3
557008, 3
183022, 2
636583, 3
591954, 3
313407, 3
463347, 3
199171, 3
219151, 3
631562, 3
474491, 3
251470, 3
311723, 3
157404, 3
87801, 3
329719, 3
463300, 3
172228, 3
525054, 3
607056, 3
312412, 2
227451, 3
571787, 3
67305, 3
68940, 3
631726, 3
643597, 3
189035, 3
168838, 3
196564, 3
194514, 3
318770, 3
440985, 3
56381, 3
497417, 3
177053, 3
253215, 2
24155, 3
641850, 3
363908, 3
280338, 3
640457, 3
135863, 3
19498, 3
410198, 3
480873, 3
325917, 3
356478, 3
180936, 3
270684, 3
665293, 2
453701, 3
539302, 3
321645, 3
521240, 3
574751, 3
584836, 3
395165, 3
641312, 3
100076, 3
631927, 3
581301, 3
576080, 3
580512, 3
26885, 3
61312, 3
541664, 3
580197, 3
46054, 3
67614, 3
233008, 3
76074, 2
273453, 3
33113, 3
163542, 3
297206, 3
304381, 3
221485, 3
462876, 3
592815, 3
358467, 3
570716, 3
64139, 3
156436, 3
296736, 3
279539, 3
65571, 3
82547, 3
563762, 2
136582, 3
261094, 3
248144, 3
102823, 3
654379, 3
59065, 3
360644, 3
33715, 3
264499, 3
404057, 3
313127, 3
410974, 3
243926, 3
398244, 3
473185, 3
440328, 3
499672, 3
482773, 3
241074, 3
598143, 3
440395, 3
504219, 3
482053, 3
290498, 3
52722, 3
571249, 3
509099, 3
628707, 3
489931, 3
626217, 3
333436, 3
396431, 3
239605, 3
305843, 3
159715, 3
179030, 3
242321, 3
613706, 3
629213, 3
32605, 3
92877, 3
369955, 3
428045, 3
358498, 3
350077, 3
47750, 3
193105, 3
370468, 2
646973, 3
450266, 3
5450, 3
194948, 3
573459, 3
292741, 3
284143, 3
239105, 3
278989, 3
561202, 3
587664, 3
408525, 3
436539, 3
151867, 3
584325, 2
279260, 3
653609, 3
339922, 3
13660, 3
65412, 3
274168, 3
145566, 3
186778, 3
365724, 3
465543, 3
629945, 3
550672, 3
477708, 3
457770, 3
556559, 3
15783, 3
396918, 3
117051, 3
79848, 3
17587, 3
520240, 3
392197, 3
298500, 3
394534, 2
454762, 3
340179, 3
22191, 3
164133, 3
647868, 3
353345, 2
371786, 3
586476, 1
587144, 2
133938, 3
504675, 3
75586, 3
376873, 3
608560, 3
93932, 3
276196, 3
63979, 3
140451, 1
105754, 3
158900, 3
622693, 3
94563, 3
494386, 3
535102, 3
412686, 3
630266, 3
183673, 3
373598, 3
659096, 3
38817, 3
533777, 3
301869, 2
38383, 3
72561, 3
29006, 3
248212, 3
405840, 3
295518, 3
415418, 3
463616, 3
514065, 3
12586, 3
274850, 3
648103, 3
472329, 3
234022, 3
266728, 2
487816, 3
279498, 3
304393, 1
96438, 3
225468, 3
363406, 3
340697, 3
172396, 3
110961, 3
392113, 2
148643, 2
490292, 3
16406, 3
515226, 3
650424, 3
303605, 3
650285, 2
663697, 3
466584, 3
304199, 3
646294, 3
58579, 3
143303, 3
611780, 3
561409, 3
407109, 3
278386, 3
257192, 3
335794, 3
200666, 3
262761, 3
507568, 3
69289, 3
604130, 3
387790, 3
281706, 3
487900, 3
345285, 3
257963, 3
43284, 3
86141, 3
464850, 3
544268, 3
513273, 3
616106, 3
87655, 3
226237, 3
412872, 3
233415, 3
240914, 3
487203, 3
361271, 2
104413, 3
556915, 3
66884, 3
219615, 3
300885, 3
172065, 3
454225, 3
462037, 3
517107, 3
205808, 3
648942, 3
452051, 3
516353, 3
56212, 3
228873, 3
643603, 3
205389, 3
543328, 3
151390, 3
362999, 3
271804, 3
454936, 3
515342, 3
491394, 2
639003, 3
609638, 3
253729, 2
13930, 3
62628, 3
25978, 3
191043, 3
487521, 3
594346, 3
23274, 3
438918, 3
396959, 3
451197, 3
422039, 3
108475, 3
379233, 3
523584, 3
160740, 3
394450, 3
15782, 3
133444, 3
69613, 3
554084, 3
562766, 3
48200, 3
8139, 3
641630, 3
478199, 3
68795, 3
281325, 3
327546, 3
149328, 3
555277, 3
176540, 3
650271, 3
491768, 3
404077, 3
238622, 3
102518, 3
414224, 3
64824, 3
540084, 3
450758, 3
565626, 3
593570, 3
80232, 3
109617, 3
278736, 3
632474, 3
220923, 3
29282, 3
122270, 3
517309, 3
25941, 3
647012, 3
631539, 3
376407, 3
25313, 3
15726, 3
168306, 3
609377, 3
514821, 3
537985, 3
534784, 3
328968, 3
659687, 3
650572, 3
451626, 3
71069, 3
619157, 3
44333, 3
42591, 3
433388, 3
410288, 3
576941, 3
454714, 3
349881, 2
379688, 3
530079, 3
500524, 3
452773, 3
363840, 3
51727, 3
168209, 3
438986, 3
510964, 3
402778, 3
404277, 3
282078, 3
391344, 3
184497, 3
468166, 3
319816, 3
227814, 3
347887, 3
551999, 3
275225, 3
425919, 3
660413, 3
236037, 2
379103, 3
401857, 3
256891, 3
75371, 3
290675, 3
95296, 3
9226, 3
262573, 3
137403, 3
638715, 3
633032, 3
605358, 1
341956, 3
305793, 3
377741, 3
626178, 3
235300, 3
231809, 3
289589, 3
446734, 3
291850, 3
589983, 3
608717, 3
540547, 3
179599, 3
659422, 3
70141, 3
621983, 3
100345, 3
580044, 3
135127, 3
6198, 3
612955, 3
514192, 3
477764, 3
576758, 3
192028, 3
256461, 3
85953, 3
246643, 3
4567, 3
239519, 3
65486, 3
226447, 3
352039, 3
626875, 3
597714, 3
145626, 3
32427, 3
87365, 3
605770, 3
265022, 3
228983, 3
450302, 3
277227, 3
659082, 3
554110, 3
113963, 3
528476, 3
337327, 3
154915, 3
623827, 3
267003, 3
333931, 3
49462, 3
213692, 3
602695, 3
189872, 3
568629, 3
277465, 3
648959, 3
523397, 3
509453, 3
326606, 3
72864, 3
644840, 3
561389, 3
137866, 3
264993, 2
340514, 3
60993, 3
454358, 3
422323, 3
466043, 3
98873, 3
636704, 3
531436, 3
461670, 3
85866, 3
185372, 3
592657, 3
468263, 3
436688, 3
444101, 3
502520, 3
657237, 2
644525, 3
182927, 3
72902, 3
570662, 3
596251, 3
94849, 3
307615, 3
555802, 3
465147, 3
135367, 3
157867, 3
73659, 3
301597, 3
364214, 3
555122, 3
132303, 3
210189, 3
335504, 2
108000, 3
510046, 3
232444, 3
11540, 3
59799, 2
560387, 3
318882, 3
430565, 3
140613, 3
199614, 3
204929, 3
369936, 3
33568, 3
285813, 3
244088, 3
80454, 3
500504, 3
497578, 3
522547, 1
6800, 3
523096, 3
250154, 3
611017, 3
256864, 3
74418, 3
22287, 3
350186, 3
203607, 3
42166, 3
44916, 3
232195, 3
362760, 3
504493, 3
26414, 3
356641, 3
83766, 2
278140, 3
317808, 3
54577, 3
294103, 3
511250, 3
201335, 3
441500, 3
4555, 3
462313, 3
328691, 3
315988, 3
140774, 3
127690, 3
424488, 3
550538, 3
366901, 3
656853, 3
655755, 2
323924, 3
501891, 3
385263, 3
150876, 2
231352, 3
617441, 3
584163, 3
282780, 3
62834, 3
278991, 3
425616, 3
332581, 3
8232, 3
334614, 3
70279, 3
30279, 3
78702, 3
298170, 3
590349, 3
299864, 3
327696, 3
403188, 3
409821, 3
285946, 3
76600, 3
31911, 3
75109, 3
319290, 2
537837, 3
44112, 3
537981, 3
192125, 1
182950, 3
233651, 3
321550, 2
651153, 3
592988, 3
68793, 3
512110, 3
193712, 3
616064, 3
94718, 3
286429, 3
324258, 3
212866, 3
55927, 3
436980, 3
398073, 3
403596, 3
540257, 3
238852, 3
363099, 3
176896, 3
132222, 3
514720, 3
192036, 3
492121, 3
554483, 3
309188, 3
645367, 3
491167, 3
85095, 3
299654, 3
460672, 3
375952, 3
408692, 3
588267, 2
99302, 3
39322, 3
441513, 3
293142, 3
504527, 3
231420, 3
151366, 3
657467, 3
248138, 3
485329, 3
505238, 3
533794, 3
533378, 3
448495, 1
67223, 3
364754, 3
79856, 2
492982, 3
330302, 3
564634, 3
31746, 3
40858, 3
153794, 3
222400, 3
429820, 2
598195, 2
384880, 3
231009, 3
190510, 3
602402, 3
470751, 3
287805, 3
8829, 3
74248, 3
377635, 2
564553, 3
27771, 3
356639, 3
598782, 3
42906, 3
417306, 3
552240, 3
122582, 3
118650, 3
492655, 3
607526, 3
211167, 3
183490, 3
55042, 3
534356, 3
581142, 3
358964, 3
564094, 3
541342, 3
399541, 3
376059, 3
311469, 3
143185, 3
550566, 3
365615, 3
236362, 3
497904, 3
488484, 3
80845, 3
583286, 1
234410, 3
131871, 3
7178, 3
574928, 3
135235, 3
542294, 3
91163, 3
548461, 3
411161, 3
663014, 3
420436, 3
560187, 3
645956, 3
584908, 3
657950, 3
216292, 3
64753, 3
229713, 3
446126, 3
646928, 2
506060, 3
266806, 3
616618, 3
192935, 3
380144, 2
568611, 3
560104, 3
127706, 3
437920, 3
659350, 3
582750, 3
518639, 3
541482, 3
603489, 3
545222, 3
419012, 3
222962, 3
290786, 3
548243, 3
437424, 3
621537, 3
601966, 3
606818, 3
483986, 2
568470, 3
218661, 3
314180, 3
523596, 3
436087, 3
272588, 3
463115, 2
403462, 3
39626, 3
183074, 3
536803, 3
407520, 3
75241, 3
603831, 3
329593, 3
398345, 3
541925, 3
18786, 3
555246, 3
644868, 3
61775, 3
192405, 3
381438, 3
46093, 3
307895, 3
537386, 3
475665, 3
17720, 3
7040, 3
178994, 3
370379, 3
469120, 3
170214, 3
402638, 3
487778, 1
578595, 2
26666, 3
545696, 3
139616, 1
290090, 3
255885, 3
220395, 3
366244, 3
430, 3
227443, 3
547543, 3
663719, 3
520704, 3
563162, 2
370074, 3
51359, 3
425636, 3
637836, 3
462260, 3
61805, 3
432989, 3
63405, 3
355500, 3
151465, 3
596764, 3
523536, 3
497371, 3
477018, 3
620423, 3
640367, 3
291159, 3
411552, 3
387352, 3
570344, 3
262032, 3
546299, 3
256467, 3
334187, 3
305108, 3
602025, 3
258018, 3
43075, 1
518399, 3
634909, 3
290630, 3
401394, 3
71018, 3
508154, 3
60632, 2
490365, 3
431290, 3
450340, 3
188916, 3
210125, 3
658941, 3
564502, 3
180121, 3
84461, 3
513087, 3
164421, 3
370897, 3
362420, 3
512489, 3
497767, 3
417057, 3
404806, 3
311091, 3
405022, 3
279528, 3
274632, 3
100515, 3
2735, 3
140634, 3
277825, 3
51176, 3
99289, 3
379308, 3
641173, 3
204718, 3
145972, 3
530497, 3
539724, 3
75233, 3
307148, 3
416405, 3
596966, 3
58602, 3
384180, 1
200224, 3
396722, 3
215995, 3
271587, 3
1295, 3
543612, 3
500378, 3
608703, 3
546844, 3
351064, 3
191645, 3
580198, 3
224278, 3
253477, 3
302893, 3
94351, 3
126054, 3
142201, 3
12494, 3
85103, 3
647544, 3
149940, 3
472892, 3
206593, 3
379635, 3
406892, 3
640946, 2
494480, 3
196480, 3
186201, 3
395319, 3
445814, 3
247236, 3
525335, 3
245405, 3
232960, 3
109764, 3
301166, 3
611321, 3
38679, 3
456621, 3
276018, 3
277526, 3
360606, 3
243588, 3
162086, 3
49834, 1
297101, 3
233869, 3
195078, 2
583045, 3
655010, 3
4533, 3
358979, 3
624298, 3
407957, 3
517277, 3
368412, 3
493818, 3
501469, 3
359505, 3
421785, 3
308113, 3
108568, 3
161526, 3
2767, 3
504274, 3
429369, 3
32739, 3
490531, 3
257270, 3
236101, 3
647214, 3
347084, 3
388257, 3
35244, 3
318892, 3
464123, 3
42014, 3
441291, 3
233892, 3
121053, 3
16450, 3
542245, 3
198456, 3
278854, 3
76302, 1
189736, 3
199587, 3
164990, 3
235332, 3
83529, 3
601615, 3
638354, 3
337818, 3
356913, 3
379664, 3
615521, 3
319285, 3
112080, 3
73298, 3
98221, 3
224815, 3
61313, 3
87446, 3
128813, 3
551675, 3
507257, 3
439572, 3
657199, 2
564002, 3
197807, 3
573220, 3
141441, 3
47964, 3
101157, 3
24195, 3
212418, 3
57189, 3
623159, 3
54646, 3
246964, 3
189359, 3
380686, 3
624044, 3
147257, 3
253259, 3
139919, 3
387408, 3
20765, 3
8484, 3
73989, 3
63395, 3
145727, 3
148358, 3
293151, 3
45316, 3
579608, 3
271296, 3
585595, 2
241354, 3
658894, 3
344624, 3
302644, 3
407912, 3
14660, 3
248381, 3
314535, 3
330065, 3
599408, 3
205238, 3
454301, 3
320464, 3
193156, 3
146517, 3
135, 3
655922, 3
397151, 3
335857, 2
266505, 2
191231, 3
295032, 3
288511, 3
638244, 3
88983, 3
456033, 3
583468, 3
607858, 3
450107, 2
264573, 1
628216, 3
172901, 3
245079, 3
152763, 3
126669, 3
404248, 3
3070, 3
577758, 3
456032, 3
255971, 3
191588, 3
312846, 2
425811, 3
394586, 1
458482, 3
518997, 3
387018, 3
58231, 3
409509, 3
630198, 3
176373, 3
257074, 3
52808, 3
538006, 3
396677, 3
251996, 3
279795, 3
108834, 3
383681, 3
263342, 3
85448, 3
230429, 3
264710, 3
278063, 3
83644, 3
527766, 2
223976, 3
102139, 3
580538, 3
161119, 3
370873, 3
261611, 3
361411, 3
585319, 3
634602, 3
627465, 3
132446, 3
457216, 3
279972, 3
489176, 3
22553, 3
165138, 3
9295, 3
23482, 3
434152, 3
410943, 3
1701, 3
575571, 3
128726, 3
278513, 3
522641, 3
68777, 3
393239, 3
209170, 3
38823, 3
465038, 3
640322, 1
639063, 3
617376, 3
98735, 3
556971, 3
1789, 3
68367, 3
543948, 3
354604, 3
203974, 3
235442, 3
319856, 3
357864, 3
377032, 3
531758, 3
370540, 3
99054, 3
21353, 3
186334, 3
205983, 3
280319, 3
444826, 3
149574, 3
130472, 3
584026, 3
145008, 3
340804, 3
512864, 3
175618, 3
195618, 3
15173, 3
269407, 3
174868, 3
250843, 3
115316, 3
397304, 3
608611, 3
438087, 3
66427, 3
584264, 3
447838, 3
642702, 3
136902, 3
415297, 3
411151, 3
468733, 3
106417, 3
607927, 3
346636, 3
149858, 3
396038, 3
367321, 3
209501, 3
470950, 3
507310, 3
613391, 3
645667, 3
475826, 3
471438, 3
246361, 3
633749, 3
250318, 3
304994, 3
267818, 3
265538, 3
429366, 3
289680, 3
468672, 3
488743, 3
170367, 3
364201, 3
421370, 3
442274, 3
655968, 3
20731, 3
106504, 3
13405, 3
247804, 3
403701, 3
609840, 3
321370, 3
662744, 2
517489, 3
34776, 3
451890, 3
121226, 3
557794, 3
105058, 3
106633, 3
470438, 3
4987, 3
556747, 3
213076, 3
332281, 3
416735, 3
64159, 3
165953, 3
61185, 3
1938, 3
576364, 3
52547, 3
656374, 3
662775, 3
291683, 3
377600, 3
217897, 3
427203, 3
506376, 3
528410, 3
216782, 3
112100, 3
615573, 3
607946, 3
138841, 3
421385, 3
189264, 3
213172, 3
294217, 3
424666, 3
463995, 3
219648, 3
101747, 3
404634, 3
500558, 3
638408, 3
429044, 3
661337, 3
548985, 1
568703, 3
313203, 3
29857, 3
586274, 3
331359, 3
260809, 1
618186, 3
430635, 3
266734, 3
82413, 3
160015, 3
35596, 2
165449, 3
606626, 3
619488, 3
577819, 3
635285, 3
97246, 3
311462, 3
533213, 3
340747, 3
445694, 3
386140, 3
157909, 3
492596, 3
230970, 3
97082, 3
536313, 3
640108, 3
218453, 3
22572, 3
542756, 3
239199, 3
234831, 3
131094, 3
392570, 3
618712, 3
504211, 3
30018, 3
177277, 3
383632, 3
318305, 3
459095, 3
91632, 3
271649, 3
383560, 3
412210, 3
144364, 3
155109, 3
29116, 3
529946, 3
219598, 3
383785, 3
277468, 3
243559, 3
283867, 3
290454, 3
549921, 3
185985, 3
493909, 3
618285, 3
262330, 3
497333, 3
129775, 3
72092, 3
652756, 3
558630, 1
261357, 3
362654, 3
249396, 3
458668, 3
66215, 3
635507, 3
84042, 3
578237, 3
389811, 3
367775, 2
473376, 3
94959, 3
646409, 3
610453, 3
609, 3
598443, 3
159470, 3
629258, 3
457308, 3
81182, 3
609565, 3
270097, 3
451761, 3
176505, 3
599134, 3
345192, 3
501386, 3
440872, 3
617743, 3
322863, 3
150642, 3
499586, 3
377689, 3
446271, 3
155481, 3
320272, 3
349200, 3
73632, 3
538684, 3
582648, 3
174726, 3
606095, 3
96386, 3
60824, 3
519394, 3
554117, 3
132860, 3
174959, 3
117490, 3
591032, 3
575447, 3
119846, 3
447665, 3
52549, 3
12475, 3
632292, 3
140830, 3
627366, 3
141147, 3
383265, 3
460533, 3
1821, 3
569851, 3
494036, 3
359261, 3
660258, 3
299284, 3
293454, 3
250385, 3
578272, 3
475109, 3
194672, 3
471970, 3
218503, 3
615283, 3
320376, 3
200563, 3
106916, 3
653729, 3
424674, 3
627575, 3
280700, 3
257527, 3
302581, 3
585304, 2
607297, 3
322737, 3
345996, 3
509405, 3
468377, 3
564447, 3
519370, 3
353754, 3
457998, 3
520148, 3
173462, 3
645374, 3
276851, 3
288497, 3
606915, 3
288059, 3
228400, 3
293822, 3
236102, 3
254414, 3
174442, 3
484360, 3
636296, 3
402906, 3
124165, 3
257648, 3
56382, 3
72703, 3
177678, 2
477758, 3
51071, 3
581139, 3
521045, 3
350181, 3
224098, 3
60041, 3
49670, 3
211846, 3
484301, 3
203818, 3
331339, 3
351029, 3
156582, 3
121460, 3
245669, 3
659372, 3
445041, 3
448688, 3
419062, 3
23702, 3
359241, 3
599047, 3
476082, 3
251273, 3
17746, 1
410899, 3
623547, 3
598536, 3
90781, 3
24427, 3
565928, 3
37832, 3
620105, 3
460659, 3
34136, 3
24331, 3
491258, 2
194803, 3
532069, 3
663595, 3
271019, 2
514260, 3
492110, 3
344353, 3
163671, 3
530184, 3
273135, 3
260792, 3
432413, 3
192909, 3
481059, 2
439548, 3
29667, 3
278767, 3
188804, 3
139478, 3
198466, 3
17111, 3
472731, 2
306660, 3
508951, 2
319772, 3
551196, 3
580359, 3
342591, 3
51542, 3
646784, 3
477983, 3
555144, 1
606244, 3
381804, 3
644995, 3
212902, 2
332285, 3
372831, 3
644187, 3
569002, 3
63022, 3
240059, 3
190949, 3
225312, 3
646845, 3
506794, 3
149010, 3
508549, 3
99283, 3
7850, 3
77240, 3
116683, 3
521723, 3
37032, 3
234613, 3
615731, 3
489829, 3
425611, 3
106647, 3
464965, 3
268292, 3
169759, 2
309594, 3
585861, 2
345959, 3
540261, 3
487359, 3
433222, 3
612354, 3
338925, 2
193595, 3
350580, 3
118988, 3
244819, 3
328067, 3
460745, 3
18924, 3
595723, 3
32608, 3
640557, 3
632470, 3
281048, 3
127428, 3
444325, 3
439403, 3
646201, 3
478531, 3
326202, 3
207780, 3
258578, 2
298626, 3
156055, 3
275416, 3
408091, 3
453252, 3
645928, 3
346964, 1
467719, 3
108058, 3
93451, 3
121820, 3
592264, 3
124690, 3
337810, 3
489701, 3
559715, 3
356520, 3
413785, 3
618650, 3
40462, 3
473478, 3
527711, 3
527849, 3
509788, 3
179660, 3
541196, 3
46861, 3
454635, 3
200031, 3
582882, 3
137258, 3
37140, 3
561101, 3
456334, 3
16724, 3
19800, 3
324278, 3
624072, 3
293445, 3
492122, 3
254383, 3
249564, 3
568538, 3
73432, 1
185230, 3
208746, 3
318545, 3
132764, 3
22483, 3
449381, 3
340577, 3
303476, 3
560711, 3
25166, 3
383326, 2
67252, 3
513480, 3
31703, 3
664073, 3
528308, 3
319969, 2
382618, 3
332222, 3
112007, 3
122172, 3
39228, 3
357730, 3
54539, 3
398895, 3
477080, 3
561959, 3
503570, 3
643592, 3
415893, 3
123945, 3
182034, 2
203378, 3
62728, 3
429384, 3
464387, 3
139763, 1
196102, 3
356112, 3
244640, 3
559612, 3
68561, 3
562216, 3
403202, 3
307447, 3
538913, 3
284313, 3
371584, 3
236936, 3
457021, 3
267064, 3
174254, 3
595527, 3
377329, 3
644486, 3
301486, 3
437768, 3
183426, 3
539014, 3
143473, 3
63756, 3
465874, 3
90919, 3
499011, 3
360228, 3
185261, 3
439406, 3
142348, 3
139174, 3
338519, 3
316936, 3
56930, 3
328018, 3
84648, 3
352823, 3
218007, 3
117468, 3
21588, 3
113052, 3
366019, 3
276122, 3
256399, 3
423269, 3
481019, 3
459299, 3
602525, 3
404162, 3
623800, 3
617074, 3
557912, 3
581789, 3
119416, 3
408730, 3
284228, 3
49627, 3
169027, 3
437776, 3
407139, 3
236921, 3
500398, 3
195446, 3
498868, 3
522606, 3
587333, 3
153351, 3
528302, 3
466247, 3
369658, 3
653735, 3
345967, 3
80795, 3
626938, 3
314660, 3
383598, 3
267173, 3
213442, 3
584396, 3
77002, 3
402715, 3
377675, 3
375141, 3
32532, 3
652645, 3
643535, 3
538894, 3
431992, 3
314962, 3
165592, 3
29755, 3
477960, 3
441280, 3
584136, 3
510118, 3
296716, 3
289348, 3
625681, 3
546942, 3
41162, 3
489118, 3
567232, 3
72639, 1
530198, 3
16765, 3
400283, 3
81568, 3
585638, 3
34587, 3
157305, 3
631507, 3
565545, 3
536033, 3
296789, 3
283301, 3
440852, 3
577915, 3
164110, 3
436791, 3
156982, 3
269318, 3
409532, 3
347427, 3
216607, 3
113474, 3
611267, 3
100284, 3
17031, 3
416045, 3
320809, 3
648548, 3
483859, 3
596542, 3
291010, 3
104257, 3
15477, 3
145988, 3
280258, 3
490448, 3
440473, 3
312310, 2
170896, 3
377659, 3
135961, 3
531539, 3
226530, 3
624670, 3
514220, 2
166324, 3
291311, 3
28227, 3
120797, 3
1411, 3
619744, 3
625736, 3
298801, 3
224238, 3
497640, 3
588863, 3
88723, 3
57890, 3
334233, 3
488872, 3
507400, 3
13758, 3
484724, 3
533166, 3
367904, 3
362424, 3
199732, 3
572322, 3
244050, 3
430670, 2
98085, 3
645829, 2
434846, 3
583679, 3
420946, 3
233518, 1
157175, 3
504309, 3
591470, 3
254192, 3
533531, 3
276444, 3
314327, 3
464446, 3
587311, 3
392047, 3
167844, 3
31374, 3
477745, 3
276827, 3
173855, 3
659250, 3
23510, 3
637010, 3
44426, 3
373064, 3
158705, 3
432220, 3
73747, 3
37399, 3
220473, 3
657428, 3
340458, 3
516806, 3
423194, 3
361671, 3
358872, 3
73957, 3
389461, 3
229397, 3
142125, 3
80452, 3
263699, 3
582190, 3
163682, 3
173504, 3
179056, 3
348381, 3
110226, 3
27137, 3
122890, 3
187187, 3
388468, 3
546069, 3
89884, 3
392673, 3
640013, 3
37125, 3
278506, 3
294910, 3
65158, 3
274382, 3
654049, 3
434872, 3
301021, 3
82538, 3
127151, 3
631705, 3
266083, 3
544505, 3
125792, 3
573299, 3
366796, 2
448170, 3
24688, 3
469432, 3
1084, 3
515899, 3
323934, 3
269456, 3
157450, 3
438349, 3
464821, 3
398106, 3
164424, 3
570094, 3
448887, 3
460678, 3
186656, 3
430843, 3
548765, 3
99926, 3
518182, 3
467335, 3
617716, 3
409678, 3
415016, 3
348865, 3
1534, 3
500680, 3
429183, 3
516652, 3
324937, 3
67562, 3
365870, 3
354551, 3
363368, 3
292973, 3
241454, 3
232097, 3
199905, 3
72419, 3
103483, 3
391339, 3
415499, 3
434059, 2
394384, 3
99603, 3
190802, 3
83610, 3
99142, 3
380180, 3
147148, 3
80465, 3
534385, 3
254319, 3
494920, 3
394356, 2
475885, 3
303980, 3
414653, 3
130242, 3
611101, 3
323810, 3
381601, 3
441889, 3
600088, 3
77724, 3
302500, 3
662382, 3
297785, 2
595580, 3
172898, 3
524191, 3
612999, 2
17249, 3
230807, 3
477131, 3
530550, 3
361964, 3
119212, 3
632818, 3
290096, 3
472335, 3
608666, 3
167701, 3
657012, 3
493662, 3
7110, 3
140821, 3
240735, 3
454644, 3
380259, 3
303384, 3
58507, 3
307529, 3
284178, 3
298925, 3
254387, 3
491404, 3
546049, 3
88379, 3
279526, 3
78842, 3
467759, 3
63325, 3
138255, 3
140469, 3
40578, 3
642689, 3
514129, 2
198292, 3
331747, 3
422218, 3
88960, 3
571032, 3
63687, 3
177438, 3
137271, 3
479590, 3
609459, 3
191669, 3
608682, 1
217630, 3
173981, 3
365683, 3
612279, 3
112254, 3
165214, 3
17504, 3
438723, 3
92064, 3
95941, 1
458595, 3
99736, 3
276232, 3
612206, 3
283571, 3
341270, 3
593726, 3
625289, 1
155369, 3
115262, 3
499090, 2
209174, 3
193422, 3
460864, 3
496609, 3
333850, 3
336196, 3
168256, 3
211510, 3
576703, 3
319225, 3
148839, 3
456478, 3
244424, 3
375935, 3
136420, 3
494060, 3
405215, 3
382554, 3
479580, 3
268647, 3
575690, 3
588308, 3
445866, 3
522401, 3
446743, 3
321350, 3
362465, 3
158572, 3
571211, 3
266088, 1
273282, 3
86397, 3
420995, 3
562163, 3
41736, 3
173302, 3
457169, 3
379643, 3
633514, 3
463535, 3
143155, 3
139685, 3
508821, 3
556624, 3
168013, 3
201092, 3
610077, 3
149698, 3
92069, 3
610010, 3
636993, 3
504172, 3
307964, 3
455312, 3
421201, 3
278942, 3
663010, 3
226297, 3
347326, 3
397567, 3
402731, 3
195912, 3
638756, 3
653499, 3
181066, 3
528719, 3
55198, 3
194876, 3
33552, 3
259168, 3
112746, 3
65558, 3
471120, 3
64924, 3
427093, 3
302121, 3
374492, 3
126847, 3
174468, 3
446301, 3
238836, 3
537658, 3
267295, 3
233998, 3
235391, 3
203997, 3
216111, 1
175323, 3
164048, 3
612828, 2
505234, 3
295017, 3
375452, 3
428541, 3
347908, 3
413907, 3
440402, 3
259132, 2
312146, 3
303877, 3
74627, 3
200152, 3
548972, 3
21683, 3
467345, 3
250509, 3
488723, 3
63577, 3
428113, 3
381591, 3
38759, 3
347289, 1
241128, 2
5511, 3
444513, 3
564755, 3
489657, 3
438978, 3
526841, 2
514005, 3
128421, 3
225651, 3
436863, 3
107605, 3
140824, 2
428121, 3
526856, 3
149814, 3
176884, 3
137808, 2
237860, 3
621330, 3
473900, 3
5389, 3
21121, 3
440205, 3
377715, 3
490925, 3
326961, 3
246593, 3
59342, 3
455272, 3
535275, 3
314431, 3
235102, 3
439235, 3
652479, 3
662838, 3
43232, 3
644960, 3
32440, 3
467304, 3
504437, 3
165458, 3
447823, 3
308178, 3
513116, 3
194410, 3
615572, 3
35311, 3
414274, 3
445692, 3
66328, 3
36805, 3
531791, 3
577946, 3
426524, 3
497008, 3
397220, 3
407576, 3
306919, 3
405078, 3
16302, 3
250083, 3
339554, 3
182032, 3
148523, 3
99357, 3
44920, 2
499038, 3
309938, 3
662369, 3
292478, 3
241215, 3
296723, 3
296863, 3
210411, 3
315656, 3
16143, 3
609210, 2
55696, 3
615067, 3
438337, 3
315269, 3
223884, 3
145528, 3
327349, 3
293706, 3
27554, 3
131533, 3
541446, 3
61903, 2
250080, 3
520809, 3
493989, 3
596736, 3
354173, 3
153082, 2
519118, 3
502165, 3
74243, 3
89980, 3
592347, 3
458873, 3
634099, 3
99429, 3
434114, 3
105191, 3
554582, 3
577419, 3
212286, 3
162861, 3
448922, 3
453369, 3
245590, 3
404990, 3
281917, 3
374171, 3
661508, 2
573430, 3
452158, 3
265040, 3
12883, 3
11747, 3
495831, 3
90755, 3
38568, 3
105384, 3
201264, 3
300158, 2
46950, 3
114396, 2
422781, 3
267593, 3
198143, 3
541497, 3
524711, 3
3636, 3
199561, 3
192927, 3
308330, 3
184643, 3
456512, 3
652734, 3
456878, 3
78111, 3
86234, 3
384656, 3
365406, 3
285138, 3
136163, 3
602742, 3
484858, 3
608642, 3
28854, 3
60673, 3
229259, 3
262524, 3
103628, 3
35871, 3
303087, 3
295457, 3
497797, 3
168771, 3
61902, 3
106957, 3
473345, 3
389846, 3
490239, 3
120094, 3
61342, 3
398074, 3
178630, 3
628659, 3
640898, 3
240981, 3
645156, 3
256968, 3
122509, 3
135160, 3
201229, 3
505265, 3
166197, 3
382923, 3
156414, 3
68220, 3
84758, 3
4328, 3
350968, 3
651429, 3
181256, 3
117132, 3
369829, 3
615567, 3
595672, 1
629801, 2
582919, 3
189845, 3
223253, 3
212714, 3
113291, 3
598851, 3
421162, 3
563277, 3
216928, 3
18635, 3
219411, 3
477408, 3
241891, 3
514626, 3
153944, 3
464247, 3
559790, 3
534403, 3
386157, 3
242919, 3
597953, 3
402970, 3
228650, 3
592749, 3
574447, 3
228201, 3
196595, 3
125580, 3
39061, 3
339400, 3
237462, 3
158709, 3
32274, 3
648316, 3
544341, 3
507503, 3
411020, 3
339307, 3
468569, 3
51130, 2
318131, 3
464574, 3
231389, 3
448164, 3
121980, 3
72681, 2
661418, 3
399207, 3
447402, 3
536213, 3
197407, 3
162273, 3
374667, 3
632082, 3
364728, 3
524761, 3
447065, 3
19900, 3
345146, 3
2392, 3
653482, 3
304696, 3
196993, 3
239696, 3
20564, 3
457947, 3
395421, 2
155824, 3
269624, 3
429065, 3
104494, 3
477601, 3
333197, 3
601228, 3
109432, 3
385483, 3
152507, 3
135409, 3
322323, 3
289145, 3
245412, 3
155838, 3
579433, 3
307759, 3
189916, 3
496588, 3
573635, 3
43679, 3
246348, 3
125831, 3
379548, 2
122277, 3
630391, 3
51723, 3
298012, 3
395990, 3
219061, 3
417042, 3
188258, 3
169574, 3
645585, 3
126702, 3
34359, 3
199185, 3
68434, 3
574433, 2
583651, 3
379721, 3
177541, 3
470625, 3
507631, 3
378687, 3
83155, 3
324205, 3
651410, 3
223743, 3
300720, 3
442574, 3
499231, 3
599903, 3
330362, 3
264047, 3
605609, 3
444904, 3
73770, 3
407772, 3
307134, 2
263942, 3
188289, 3
596005, 3
462397, 3
412256, 3
371716, 3
92725, 3
163614, 3
635187, 3
162134, 3
44867, 3
563524, 3
407565, 3
630070, 3
485444, 3
558047, 3
243701, 3
654956, 3
159978, 3
133600, 3
480279, 3
373936, 1
116236, 2
325987, 3
249446, 3
455791, 3
267494, 3
403809, 3
256897, 3
471374, 3
521865, 3
250347, 3
310841, 3
102133, 3
561052, 3
84128, 3
575075, 3
310794, 3
242855, 3
411996, 3
569750, 3
655474, 3
134606, 3
300533, 3
77368, 3
63778, 3
519346, 3
606214, 3
581766, 3
623422, 3
239868, 3
323062, 2
171870, 3
605469, 3
103834, 2
629398, 3
118124, 3
376078, 3
216427, 3
516430, 3
470115, 3
471361, 3
634519, 3
350869, 3
240317, 3
196616, 3
371034, 3
314989, 3
657419, 3
575224, 2
89024, 3
285461, 3
553367, 3
321031, 2
439517, 3
620389, 3
609535, 3
664657, 3
109761, 3
12878, 3
391255, 3
243479, 3
662732, 3
418122, 3
522365, 3
540367, 3
439890, 3
374120, 3
127654, 3
573337, 3
343875, 3
533103, 3
494876, 3
458123, 3
178243, 3
143224, 3
470973, 3
467794, 3
352386, 3
16386, 3
35445, 3
28304, 3
264160, 3
431677, 3
181710, 2
628931, 3
108735, 3
99305, 3
497374, 3
572846, 3
80209, 3
124245, 3
372872, 3
424894, 3
197759, 3
36316, 3
531268, 3
142252, 3
530175, 3
384695, 3
618944, 3
405228, 3
55710, 3
659178, 3
658415, 3
477956, 3
2374, 3
235831, 3
553486, 3
311969, 3
47268, 3
8509, 3
401476, 3
294993, 3
608104, 3
606898, 1
632157, 3
486652, 3
573410, 3
384163, 3
523655, 3
490542, 3
489142, 3
541725, 3
665118, 3
644854, 3
419616, 3
238216, 3
635576, 3
53669, 3
578531, 3
655573, 3
382834, 2
202246, 3
102058, 3
142925, 3
91237, 3
474654, 3
61837, 3
538073, 3
88159, 3
656725, 3
630115, 2
304998, 3
93041, 3
365328, 3
467306, 3
496871, 3
441175, 2
363481, 3
201620, 3
402365, 3
503510, 3
224898, 3
323033, 3
260802, 1
319839, 3
151961, 3
242307, 3
643446, 3
653327, 3
132081, 3
159107, 3
396238, 3
450271, 3
502427, 3
117801, 3
418975, 3
441681, 3
397011, 3
508331, 3
512120, 3
379272, 3
307329, 3
264432, 3
245468, 3
319859, 3
546776, 3
440326, 3
213911, 3
328374, 3
219918, 3
546103, 3
483381, 3
344487, 2
532846, 3
90276, 3
43720, 3
143013, 3
245557, 3
555311, 3
542884, 3
510662, 3
643047, 3
226944, 3
645403, 3
235434, 3
10649, 3
46480, 3
520583, 3
275689, 3
531347, 3
476283, 3
252649, 3
370658, 3
418092, 3
200012, 3
650609, 3
456760, 3
406691, 3
375182, 3
168345, 3
229861, 3
73890, 2
52352, 3
200461, 3
627919, 3
646475, 3
430057, 3
182507, 3
102988, 3
109629, 3
504071, 3
165779, 3
573234, 3
197954, 3
189761, 3
80164, 3
649548, 3
386621, 3
531319, 3
296271, 3
587425, 3
278226, 3
573169, 3
116314, 3
298165, 3
552222, 3
404651, 3
6730, 3
138582, 3
503117, 3
85101, 3
238831, 3
368391, 3
50829, 3
246014, 2
484617, 3
416049, 3
408141, 3
259217, 3
64422, 3
279841, 3
101057, 3
469201, 3
342143, 2
18309, 3
144037, 3
378853, 3
536411, 3
652677, 3
15547, 3
271779, 3
46707, 3
556940, 3
276586, 3
614182, 2
660199, 3
495800, 3
254004, 3
174342, 3
274394, 3
313713, 3
145466, 3
61447, 3
247751, 3
219307, 3
539601, 3
542407, 3
156406, 3
376395, 3
261790, 3
163909, 3
78371, 3
439532, 3
663988, 3
336078, 3
398205, 3
390733, 3
617058, 3
414395, 3
318361, 3
401163, 3
415659, 3
412333, 3
54327, 3
338947, 3
596227, 2
458676, 3
113385, 3
376119, 3
585161, 3
473486, 3
389039, 3
622435, 3
308612, 3
3753, 3
239051, 3
584705, 2
21233, 3
525159, 3
328662, 3
131164, 3
289270, 3
521743, 3
113050, 3
187142, 3
619753, 3
233616, 3
58025, 3
466652, 3
256319, 3
265659, 2
157845, 3
594270, 3
282565, 3
90870, 3
78114, 3
639722, 3
110107, 3
14237, 3
516621, 3
102468, 3
285750, 3
197094, 3
224054, 2
202910, 3
303558, 3
100819, 3
266810, 3
520509, 3
648414, 3
640271, 3
499133, 3
30235, 3
285799, 3
298612, 3
242313, 3
8757, 3
257258, 2
148629, 2
616967, 3
73048, 3
86813, 3
590692, 3
289345, 3
531792, 3
196545, 3
33024, 3
237409, 3
665397, 3
448643, 3
617983, 3
45163, 3
322280, 3
150675, 3
517931, 3
551399, 3
123187, 3
113208, 3
347538, 3
245833, 3
34220, 3
124672, 3
661633, 3
465891, 3
116094, 3
462226, 3
233547, 3
123512, 3
581411, 3
21642, 3
615060, 3
57374, 3
195316, 3
295276, 3
638166, 3
177287, 3
463766, 3
581296, 3
201415, 3
408539, 3
402428, 3
149838, 3
129684, 3
494865, 3
657188, 3
321762, 3
511167, 3
408236, 3
240404, 3
579614, 3
15652, 3
148852, 3
441237, 3
56359, 3
296958, 3
146251, 3
139571, 3
94754, 3
542717, 3
566302, 3
229977, 2
633897, 3
412044, 3
321315, 3
214961, 3
135932, 3
258001, 3
211125, 3
530708, 3
140494, 3
95708, 3
327408, 3
54463, 3
102297, 3
286994, 3
355118, 3
413213, 3
96380, 3
205708, 3
303264, 3
194820, 3
323951, 3
524407, 3
570420, 3
583163, 3
504699, 3
504819, 3
545947, 3
364240, 3
480280, 3
435182, 3
297910, 3
85343, 3
269377, 3
298646, 3
580183, 3
227177, 3
142912, 1
211665, 3
321008, 3
643669, 3
410154, 3
138038, 3
487232, 3
158686, 3
72532, 3
375275, 3
411183, 3
289637, 3
343522, 3
49728, 3
115840, 3
206535, 3
338749, 1
455784, 3
378964, 3
306409, 3
176605, 3
474725, 3
203581, 3
115568, 3
85614, 3
645820, 3
482235, 3
641783, 3
410861, 3
12640, 3
104906, 3
387580, 3
379294, 3
312033, 3
405681, 3
280793, 3
259002, 3
328973, 3
652352, 3
56671, 3
625842, 3
470319, 3
177702, 3
153422, 3
612106, 3
195678, 3
23391, 3
260694, 3
421641, 3
644705, 3
495313, 3
482030, 3
159361, 3
36224, 3
485523, 3
247709, 3
526150, 3
147716, 3
198320, 3
226122, 3
89749, 3
584993, 3
524255, 3
613943, 3
48218, 3
35340, 3
209431, 3
249801, 3
78181, 3
53750, 3
344092, 3
565055, 3
553521, 3
155419, 3
386292, 3
582520, 3
43023, 3
118752, 3
549931, 3
64315, 3
190557, 3
575851, 3
417084, 3
404987, 3
364479, 3
646030, 3
147338, 2
61952, 3
465938, 3
161570, 3
125633, 3
180474, 3
171659, 3
67600, 3
449131, 3
498883, 3
180538, 3
493156, 3
433455, 3
624373, 3
253519, 2
661413, 3
392102, 3
87273, 3
385199, 3
221524, 3
613941, 3
106636, 3
478455, 3
64235, 3
550203, 3
435022, 3
126942, 3
108989, 3
480384, 3
287675, 3
108280, 3
155141, 3
615683, 3
369174, 3
412345, 3
489791, 3
56854, 2
94229, 3
320101, 3
457926, 3
243324, 3
61504, 3
663126, 1
594962, 3
539015, 3
199275, 3
122065, 3
91856, 3
233916, 3
152102, 3
327315, 3
532413, 3
297894, 3
536604, 3
96710, 3
218169, 3
102402, 3
581168, 3
641721, 3
336637, 2
525136, 3
638104, 3
361713, 2
327011, 3
172753, 3
531906, 3
250118, 3
172526, 3
25388, 3
374028, 3
663799, 3
550906, 3
126846, 3
5777, 3
23363, 3
630606, 3
36454, 3
363275, 3
114150, 3
506219, 3
120140, 3
174623, 3
416102, 3
535709, 3
432081, 3
512983, 3
482783, 3
256748, 3
211361, 3
490871, 3
259269, 3
150435, 3
353124, 3
627793, 3
313033, 3
431055, 3
67205, 3
275306, 3
393265, 3
253430, 3
9934, 3
33443, 3
72310, 3
107830, 3
571477, 3
389947, 3
169062, 3
642986, 3
465912, 3
250728, 3
16366, 3
81086, 3
407908, 3
172797, 3
640384, 3
464677, 3
585187, 3
359107, 3
248008, 3
621086, 3
212427, 3
386307, 3
654773, 3
183587, 3
125001, 2
636642, 3
337275, 3
166566, 3
53550, 3
83336, 3
377553, 3
390495, 3
627434, 3
566373, 3
216451, 3
317868, 3
217465, 3
384489, 3
391527, 3
369930, 3
500460, 3
137730, 3
114116, 3
240486, 3
510248, 3
243814, 3
615405, 3
603263, 3
573146, 3
428748, 3
391520, 3
510010, 3
37274, 3
226691, 3
631563, 3
308285, 3
456090, 3
247, 3
118630, 3
135739, 3
641908, 3
24742, 3
428712, 3
322165, 3
16931, 3
249700, 3
491385, 3
545276, 3
489231, 1
217106, 2
661399, 3
353131, 3
71388, 3
68929, 3
428983, 3
88050, 3
222976, 3
577615, 3
370940, 3
635726, 3
568202, 3
653985, 3
147045, 3
213926, 3
277653, 3
379737, 3
291585, 3
286525, 3
68351, 3
443866, 3
429742, 3
133887, 3
509064, 3
190661, 3
50520, 2
288010, 3
38125, 3
116294, 3
246955, 3
80182, 3
606346, 3
154241, 3
415240, 3
417396, 3
279960, 3
94486, 3
354265, 3
203977, 3
372681, 3
174356, 3
295972, 3
246591, 3
139331, 3
629037, 3
516716, 2
420483, 3
584810, 3
211824, 3
645001, 3
248660, 3
437857, 3
505842, 3
447264, 3
415051, 3
129497, 3
521, 3
55987, 3
465042, 3
141913, 3
218943, 2
219619, 3
538442, 3
643339, 3
416092, 3
570278, 3
115050, 3
136207, 3
458570, 3
201613, 3
174549, 3
103544, 3
591506, 3
383737, 3
220801, 3
370552, 3
390600, 3
600260, 3
516839, 3
487432, 3
59046, 3
400842, 3
453580, 3
201859, 3
557820, 3
439241, 3
319311, 3
150048, 3
537863, 3
349031, 3
635007, 3
630887, 3
381255, 3
80440, 3
556638, 3
115004, 3
241686, 2
393966, 3
272648, 3
441825, 2
11315, 1
315965, 3
307669, 3
67505, 3
632988, 3
54089, 3
168249, 3
252066, 3
447754, 3
186399, 3
83985, 3
587721, 3
502391, 3
596576, 3
183487, 3
415646, 3
398636, 3
481346, 3
536851, 3
602991, 3
514934, 3
660556, 2
609477, 3
229382, 2
389998, 3
431725, 2
150956, 3
269032, 3
519123, 3
646422, 2
386526, 1
464516, 3
570148, 3
316254, 3
541948, 3
464799, 3
587184, 3
217658, 3
516603, 3
88058, 3
216420, 3
579707, 3
643930, 3
480014, 3
281461, 3
318528, 3
406806, 3
570056, 3
527366, 3
78715, 3
214325, 3
605506, 3
17079, 3
408178, 3
147296, 3
295322, 3
609784, 3
465187, 3
649477, 3
156013, 3
605951, 3
205493, 3
175461, 3
457682, 3
366086, 3
388600, 3
132676, 3
612104, 3
119966, 3
234014, 3
204446, 3
507250, 3
348594, 3
596194, 3
101360, 3
139732, 3
147465, 3
359692, 3
640012, 3
3220, 3
594235, 3
256352, 3
653685, 3
357176, 3
439412, 3
4452, 3
548286, 3
638727, 3
135256, 3
572148, 3
427808, 3
327675, 3
424703, 3
143872, 2
360550, 3
296899, 3
638770, 3
110239, 3
598166, 3
134501, 3
254318, 3
459988, 3
9998, 3
390191, 3
82636, 3
27619, 3
46494, 3
641121, 3
305492, 1
430775, 3
193162, 3
429022, 3
97296, 3
14308, 3
638816, 3
495, 3
539278, 3
640813, 3
528668, 3
286908, 3
366255, 3
388459, 3
482511, 3
220251, 3
74372, 2
330834, 3
375168, 3
576069, 3
246898, 3
565186, 3
197563, 3
43765, 3
657007, 2
369645, 3
238496, 3
156032, 3
642869, 3
410342, 3
601044, 3
53232, 3
2203, 3
4232, 3
605977, 3
606400, 3
388272, 2
31021, 3
37634, 3
117448, 3
626506, 3
154238, 3
585108, 3
640970, 3
499130, 3
455286, 3
606650, 3
375097, 3
139558, 3
427890, 3
9458, 2
188962, 3
374711, 3
456622, 3
80731, 3
43866, 3
395366, 3
551726, 3
486412, 3
497170, 3
179228, 3
492915, 3
438155, 3
477801, 3
277240, 3
511407, 3
103239, 3
117791, 3
70969, 3
394728, 3
414423, 3
390418, 1
641437, 3
134767, 3
573711, 3
34411, 3
584620, 3
152439, 3
476624, 3
564787, 3
619958, 3
520229, 3
481328, 3
77480, 2
163105, 3
404664, 3
212804, 2
444565, 3
201752, 3
227045, 3
241816, 3
85488, 3
492053, 3
431294, 3
406621, 3
635781, 3
335602, 2
159609, 3
422519, 3
608991, 3
126023, 3
635064, 3
576659, 3
204932, 3
62321, 3
349081, 3
622179, 3
451796, 3
173001, 3
307825, 3
390744, 3
34420, 3
352931, 3
74937, 3
54337, 3
435311, 3
72925, 3
373726, 3
266795, 1
11595, 3
151233, 3
527368, 2
336969, 3
44156, 3
460634, 3
1105, 3
273425, 3
403733, 3
343761, 3
42006, 3
522688, 3
17502, 3
79681, 2
538563, 3
400631, 3
211666, 3
432387, 2
572175, 3
164312, 3
314966, 3
75734, 3
662729, 3
147546, 2
212791, 3
537896, 3
46098, 3
172780, 3
83448, 3
77357, 3
653736, 3
469981, 3
517637, 3
27948, 3
639849, 3
257371, 3
433062, 3
516682, 3
610465, 3
398018, 3
209871, 3
418146, 3
407003, 3
220845, 3
622774, 3
658950, 3
461366, 3
321255, 3
605362, 3
607060, 3
427795, 3
628182, 3
647329, 3
87911, 3
469028, 3
531342, 3
478189, 3
505901, 3
553601, 3
129233, 3
138073, 3
437065, 3
85682, 3
590187, 3
616184, 3
242344, 3
442190, 3
19671, 3
516470, 3
140779, 3
526732, 3
134039, 3
431762, 3
245218, 3
185064, 3
346433, 3
589839, 3
6350, 3
566158, 3
483440, 3
22271, 3
606504, 3
453667, 3
10515, 3
431900, 3
655870, 3
119776, 3
617221, 3
281393, 3
72569, 3
191806, 3
123045, 3
401760, 3
480262, 1
69924, 3
348549, 3
636331, 3
27684, 3
578065, 3
54551, 3
134434, 3
496519, 3
439882, 3
91281, 3
348915, 3
330771, 1
189183, 3
549505, 3
427758, 3
528318, 1
278539, 3
626729, 3
229964, 3
268784, 3
260992, 2
29186, 3
568288, 3
179636, 3
581227, 3
382082, 3
178064, 2
11087, 3
565123, 3
624694, 3
203211, 2
132329, 3
63191, 3
479519, 3
26894, 3
529270, 3
552206, 3
487727, 3
588862, 3
26874, 3
420790, 3
135408, 3
350130, 3
529687, 3
202108, 3
548142, 3
555799, 3
530772, 3
310895, 3
455104, 3
28841, 3
304790, 1
578029, 3
548342, 3
239748, 3
279181, 3
172935, 3
259975, 3
204263, 3
42957, 3
528, 3
558251, 3
376321, 3
192379, 1
118091, 3
662718, 1
288635, 3
359885, 3
533830, 3
555266, 3
256295, 3
254313, 3
228375, 3
211328, 3
212978, 3
600149, 3
291204, 3
287393, 3
420828, 3
254549, 3
389803, 3
85278, 3
74336, 3
425236, 3
417797, 3
350765, 3
580020, 3
370918, 3
154704, 3
513828, 3
427428, 3
408051, 3
264282, 3
319848, 3
547295, 3
537034, 3
508640, 3
64700, 3
159330, 3
423748, 3
374264, 3
276966, 3
490194, 3
356251, 3
474050, 3
509205, 3
445369, 3
643509, 3
396796, 3
264886, 3
401750, 3
440564, 3
585248, 2
103377, 3
70405, 3
519813, 3
590667, 2
412162, 3
620313, 1
210864, 3
228605, 3
335926, 3
613840, 3
25952, 3
353023, 3
374688, 3
486375, 3
646481, 3
156565, 3
39790, 3
372766, 3
524105, 3
268471, 3
70914, 3
608416, 3
44880, 3
163811, 3
18215, 3
19310, 3
22520, 3
538766, 3
84196, 3
252077, 3
19940, 3
238661, 3
482721, 3
13533, 3
506018, 3
347892, 3
521841, 3
579703, 3
280404, 3
457107, 3
623449, 1
290122, 3
195734, 3
101897, 3
15807, 3
234540, 3
238000, 3
615207, 3
465312, 3
434652, 3
166572, 3
308717, 3
494738, 3
264, 3
608554, 3
523678, 1
545069, 3
565405, 3
131180, 3
265377, 3
237219, 3
652425, 3
68109, 3
664008, 2
555135, 3
145783, 3
632025, 3
502031, 3
111356, 3
9134, 3
114054, 3
65018, 3
354809, 3
310557, 3
354503, 3
654454, 3
481562, 3
375306, 3
306497, 3
238513, 3
648752, 3
136609, 3
356956, 3
85689, 3
402469, 3
648542, 3
161720, 3
226914, 3
647074, 3
539606, 3
328247, 3
105769, 3
313253, 3
645170, 3
74446, 1
468, 3
131900, 3
294268, 3
167994, 3
637029, 3
169086, 3
276953, 3
342201, 3
617684, 3
631171, 2
29128, 3
560073, 3
415518, 3
104068, 3
189286, 3
528358, 3
220496, 3
491529, 3
325844, 3
254890, 3
291031, 3
79886, 3
621198, 3
486891, 3
443814, 3
34490, 3
591197, 3
610765, 3
272462, 3
57035, 3
527536, 3
121029, 3
184801, 3
430557, 2
658219, 3
5774, 3
623590, 3
319617, 3
571480, 3
366693, 3
652333, 3
332584, 2
503022, 3
139196, 3
361435, 3
557239, 3
608207, 3
162782, 3
28073, 3
183611, 3
119423, 3
201065, 3
192167, 3
303154, 3
149993, 3
663005, 3
272207, 3
431672, 3
495392, 3
530487, 3
166542, 3
467271, 3
382205, 3
56724, 3
113461, 3
108052, 3
354004, 3
516803, 3
413447, 3
146725, 3
49290, 2
495349, 3
306326, 3
349954, 3
625936, 3
53395, 3
523041, 3
493539, 3
199951, 3
227809, 3
392808, 3
349674, 3
632887, 3
191585, 3
591303, 3
458857, 3
571503, 3
143718, 3
292322, 3
552397, 3
294295, 3
64537, 3
122011, 3
174596, 3
35106, 2
646298, 2
193089, 3
66174, 3
586877, 3
308894, 3
618671, 3
92864, 3
69851, 3
135316, 3
559457, 3
395559, 3
315661, 3
173636, 3
109993, 3
315207, 3
99957, 3
153491, 3
196228, 3
444204, 3
391265, 3
572807, 3
591578, 3
270287, 3
361683, 3
630099, 3
376886, 3
136307, 3
184603, 3
660140, 3
414855, 3
459400, 3
15452, 3
331227, 1
587794, 3
363923, 3
290419, 3
596717, 3
305341, 3
101786, 3
456848, 3
477236, 3
73000, 3
226285, 3
434732, 3
499319, 2
118578, 3
144659, 3
338026, 3
366515, 3
629895, 3
279047, 3
609469, 3
551779, 3
619733, 3
582057, 2
357328, 3
600662, 3
537185, 3
45679, 3
158537, 3
352486, 3
259531, 3
136875, 3
585739, 3
255771, 3
82157, 3
397952, 3
376116, 3
659171, 3
647726, 3
299967, 3
48377, 3
21822, 3
411338, 3
593697, 3
419376, 3
507157, 3
357684, 3
480161, 2
131225, 3
412743, 3
643316, 3
563628, 3
187102, 3
58371, 3
226262, 3
639516, 3
289690, 3
549194, 3
151293, 3
91639, 3
108111, 3
169232, 3
325890, 3
369119, 3
449507, 3
257390, 3
141930, 3
383401, 3
559728, 3
148691, 2
364453, 3
485099, 3
523576, 3
42514, 1
402440, 1
185052, 3
581568, 3
116550, 3
240677, 3
88953, 3
107808, 3
384950, 3
232308, 3
28392, 3
574944, 3
177530, 3
497582, 3
268286, 3
400551, 3
11681, 3
449895, 3
28352, 3
252285, 3
643147, 3
406367, 3
91957, 3
347578, 3
355206, 3
479084, 3
494093, 3
234404, 3
285430, 3
630348, 3
128110, 3
63960, 3
445738, 3
469545, 3
95124, 3
69358, 3
179849, 3
325510, 3
94955, 3
635344, 3
150363, 3
257950, 3
576147, 3
288954, 3
279675, 3
59226, 3
366050, 3
90129, 3
553144, 3
379332, 3
100584, 3
125842, 3
397585, 3
199729, 3
171260, 3
311686, 3
192907, 3
359581, 3
182820, 3
279631, 3
95664, 3
101626, 3
272713, 3
284688, 3
425763, 3
446626, 3
309059, 3
570439, 3
39032, 3
27736, 3
352067, 3
611829, 3
464501, 3
275960, 3
547454, 3
379600, 3
350034, 3
265580, 3
201507, 3
229949, 3
587274, 3
611386, 3
58218, 3
596753, 3
132623, 3
413977, 3
273290, 3
600285, 2
163762, 2
386294, 3
419221, 3
134831, 3
71185, 3
85173, 3
470867, 1
203034, 3
593910, 3
496476, 3
633523, 3
408416, 3
623826, 3
647995, 3
10810, 3
295175, 3
221501, 3
93440, 3
638189, 3
1956, 3
648656, 3
410429, 3
543759, 3
636893, 3
557014, 3
433044, 3
459393, 3
134848, 3
270429, 3
35862, 3
123435, 3
523232, 3
481606, 3
297532, 3
258353, 2
487289, 3
507137, 3
324862, 3
178505, 3
200373, 3
596599, 3
625176, 3
111943, 3
653878, 3
421962, 3
306545, 3
49636, 3
27201, 3
299514, 3
38711, 3
446140, 3
70505, 3
472082, 3
246738, 2
547746, 3
456841, 3
82505, 3
13945, 3
346519, 1
366725, 3
505109, 3
2720, 3
177466, 3
489007, 3
111223, 3
2583, 3
556214, 3
63316, 3
394092, 3
599846, 3
99041, 3
212454, 3
405800, 3
457328, 3
389588, 3
613616, 3
270570, 3
599234, 3
303862, 3
287569, 3
144459, 3
475192, 3
318197, 3
167002, 3
622012, 3
655585, 3
298652, 3
508305, 3
489782, 3
129754, 3
63953, 3
434971, 3
307092, 3
395973, 3
41239, 3
342255, 3
81471, 3
515926, 3
17525, 3
248466, 3
344539, 3
554679, 3
623119, 3
206614, 3
476709, 3
548202, 3
427355, 3
652628, 3
188203, 1
588944, 3
513513, 3
121815, 3
167877, 3
641734, 3
215424, 3
510146, 3
559980, 3
540067, 3
614207, 3
244724, 3
136612, 3
336754, 3
319602, 3
18364, 3
370239, 3
56546, 3
461158, 3
639087, 3
596335, 3
135210, 3
462908, 1
161287, 3
149379, 3
539509, 3
216667, 3
188235, 3
124420, 3
155870, 3
155765, 3
210436, 3
196911, 3
448744, 3
241086, 3
195821, 3
601019, 3
625837, 3
217860, 3
480351, 3
261936, 3
504790, 3
112090, 3
654522, 3
353525, 3
78762, 3
520319, 3
121059, 3
316931, 3
403152, 3
59886, 3
636820, 3
642881, 3
324003, 3
534665, 3
552243, 3
593651, 3
435560, 3
72033, 2
130626, 3
391792, 3
168151, 3
329912, 3
355460, 3
344435, 3
380103, 3
641156, 3
372712, 3
510564, 3
453193, 3
438910, 3
228518, 3
204287, 3
231220, 3
28626, 3
238950, 3
138162, 3
618319, 3
468789, 3
16900, 3
407926, 3
81586, 3
226508, 3
106309, 3
15812, 3
356606, 3
648985, 3
659577, 3
204119, 2
657599, 3
484124, 3
182688, 3
213680, 3
559534, 3
596821, 3
641322, 3
117905, 3
130379, 3
543994, 3
348141, 3
477447, 3
412775, 3
41370, 3
502043, 3
609609, 3
260140, 3
385004, 3
515355, 3
84816, 3
284613, 3
80773, 3
146244, 3
23403, 3
619934, 3
8110, 3
452194, 1
477020, 3
564929, 3
158397, 3
594702, 3
646810, 3
307655, 3
405815, 3
476549, 3
317626, 3
33484, 3
226465, 3
526379, 3
462548, 2
523790, 3
347464, 3
659266, 3
391055, 3
615077, 3
470604, 3
90211, 3
239161, 3
632078, 3
406880, 3
549791, 3
601329, 3
359865, 3
200638, 3
423905, 3
79571, 3
461960, 3
537358, 3
203839, 3
508218, 3
272362, 3
48658, 3
36510, 3
579586, 2
494102, 3
166443, 3
241211, 3
66715, 3
212467, 3
624244, 3
374906, 3
50851, 2
543372, 3
346056, 3
526246, 3
625737, 3
537655, 3
393407, 3
394288, 3
632528, 3
372915, 3
38279, 3
363541, 3
397511, 3
37826, 3
27879, 3
420185, 3
228828, 3
482544, 3
83894, 1
113816, 3
64111, 3
138381, 3
203205, 3
120016, 3
446765, 3
585475, 2
485605, 3
189570, 3
591366, 3
611904, 2
392594, 3
320190, 3
307353, 3
294171, 3
29122, 3
10768, 3
7029, 3
243865, 3
568218, 3
325628, 3
654912, 2
365783, 3
165960, 3
217963, 3
52933, 3
247393, 3
471805, 3
133336, 3
17751, 3
77323, 3
438035, 3
196291, 3
582835, 3
182784, 3
157147, 3
557628, 3
365602, 3
455627, 3
233835, 3
198966, 3
276591, 3
606620, 3
531114, 3
544778, 3
10183, 3
622200, 3
185625, 3
176972, 3
643098, 3
438860, 3
241695, 3
647571, 3
542663, 3
522035, 3
436515, 3
639870, 3
519378, 3
135234, 3
537298, 3
82512, 2
27709, 3
90357, 3
153517, 3
29982, 3
29835, 3
601801, 3
410955, 3
180124, 3
479570, 3
217618, 3
19576, 3
321352, 3
581305, 3
75668, 3
475138, 3
559122, 3
588405, 2
617863, 3
125384, 3
162218, 3
572118, 3
523442, 3
329462, 3
356189, 2
342704, 3
530008, 3
116386, 3
328392, 3
401182, 3
292772, 3
432505, 3
195974, 3
178433, 3
190406, 3
390209, 2
384669, 3
515780, 3
419635, 3
218837, 3
93600, 3
289108, 3
16098, 3
447375, 3
255480, 3
519299, 3
59463, 3
193421, 3
339693, 3
571186, 2
152483, 3
234573, 1
116411, 3
135477, 3
576034, 3
605184, 3
118113, 3
107288, 3
104463, 3
586554, 3
602327, 3
255298, 3
218557, 3
352112, 3
389787, 3
430350, 3
278183, 3
590804, 3
143532, 2
587920, 3
434529, 1
569877, 3
572923, 3
347183, 3
448536, 3
558275, 3
586061, 3
410077, 3
341168, 3
368071, 3
269962, 3
321727, 3
155102, 3
140857, 3
629641, 3
99241, 3
517124, 3
335897, 3
337716, 3
583397, 3
651480, 3
512187, 3
642099, 3
124195, 3
222169, 3
574489, 3
258673, 3
7514, 3
579783, 3
529927, 1
604815, 3
408144, 3
185608, 3
419633, 3
567736, 3
266705, 1
382587, 3
340081, 3
313306, 3
4666, 3
24248, 3
120505, 3
226526, 3
287273, 3
555759, 3
484274, 3
517879, 2
61494, 3
48618, 3
649509, 3
150088, 3
185386, 3
141524, 3
230707, 3
310158, 3
525262, 3
434028, 3
105110, 3
263370, 3
121634, 3
649981, 3
628872, 3
640569, 3
269649, 3
478148, 3
218666, 3
538214, 3
279261, 3
225645, 3
426296, 3
447516, 3
23506, 3
596712, 3
200828, 3
194979, 3
171847, 3
572937, 3
25055, 3
112779, 3
212391, 3
595049, 3
374073, 3
205057, 3
619004, 2
149384, 3
620302, 3
521757, 3
303026, 3
546281, 3
502913, 3
621738, 3
273179, 2
182931, 3
124489, 3
213307, 3
53379, 3
257059, 3
417021, 3
208576, 3
266426, 3
470542, 3
412798, 3
529634, 1
454723, 3
186284, 2
20554, 3
342539, 3
626084, 3
617651, 3
286137, 3
437624, 3
68006, 3
351964, 3
586656, 3
224184, 3
223351, 3
465097, 3
531283, 3
650268, 3
199265, 3
246810, 3
578953, 3
314144, 3
307624, 2
254540, 3
485977, 3
612397, 3
216659, 1
488382, 3
148081, 3
651079, 3
231288, 3
638739, 3
187665, 3
373817, 3
184374, 3
91065, 3
441881, 3
13939, 3
551326, 3
43171, 3
558206, 3
550847, 3
10223, 3
100625, 3
15278, 3
377475, 2
124517, 3
280170, 3
630953, 3
232690, 3
465599, 3
396747, 3
210262, 3
586736, 3
526984, 3
286225, 3
87221, 3
639964, 3
335818, 3
309251, 3
147011, 3
408639, 3
560620, 3
186100, 3
649550, 3
624032, 3
603413, 2
8231, 3
436934, 3
480815, 3
443648, 3
152013, 3
211114, 3
61925, 3
493794, 3
189792, 3
475186, 3
650011, 3
422591, 3
41683, 3
476354, 3
36784, 3
289619, 3
580854, 3
319246, 3
447991, 3
562462, 3
450132, 3
380577, 3
82953, 3
513466, 3
48588, 2
361599, 3
130345, 3
441112, 3
163032, 3
600034, 3
542434, 3
43667, 3
181185, 3
530236, 3
263674, 2
451724, 3
489107, 3
317039, 3
659802, 3
597328, 3
551240, 3
289913, 3
298153, 1
403890, 3
182440, 3
176075, 3
148191, 3
369206, 3
336628, 3
419306, 3
627520, 3
359549, 3
195510, 3
168992, 3
549152, 3
119698, 3
428339, 3
309179, 3
142380, 3
76035, 3
597357, 3
213886, 3
626226, 3
639972, 3
529343, 2
544349, 3
150914, 3
323317, 3
576511, 3
319378, 3
372271, 3
610316, 3
498579, 3
323307, 2
171818, 3
616901, 3
238929, 3
136561, 3
133865, 3
400182, 3
1443, 3
400096, 3
455800, 3
577797, 3
312466, 3
573605, 3
321438, 3
390081, 3
600599, 3
1104, 3
140856, 2
258718, 3
135941, 3
211558, 3
50288, 3
178832, 3
485403, 3
363549, 3
60697, 1
47056, 3
639691, 3
168851, 3
45809, 3
209300, 3
376997, 3
377330, 3
127892, 3
291230, 3
522931, 3
627857, 2
100586, 3
383866, 3
161681, 3
33182, 3
158659, 3
399278, 3
256623, 2
214092, 3
542180, 3
356715, 3
656785, 3
561395, 3
598175, 3
5724, 3
505369, 3
556952, 3
320192, 2
598163, 3
533627, 3
239474, 3
212078, 3
160459, 3
131621, 3
508781, 3
533684, 3
138924, 3
88802, 3
510471, 3
527182, 3
142334, 3
299767, 3
226616, 1
345851, 3
622212, 3
147387, 2
256309, 3
463091, 3
635046, 3
273943, 2
555957, 3
514329, 3
573309, 3
294861, 3
486432, 3
658239, 3
204848, 3
533392, 3
86594, 3
657852, 1
53945, 3
467813, 3
483126, 3
171158, 3
373384, 3
205683, 3
115331, 3
589971, 3
568074, 3
138046, 3
503791, 3
230515, 3
503046, 3
181920, 3
366446, 3
592439, 3
101379, 3
81092, 3
315227, 3
189226, 3
406638, 2
135492, 3
23601, 3
146645, 3
327334, 3
104800, 3
32831, 3
362156, 3
419692, 3
326539, 3
54407, 3
2580, 3
467231, 1
430928, 3
579692, 3
51399, 3
19407, 3
611579, 3
477919, 3
422287, 3
422574, 3
117118, 3
228061, 3
420389, 3
591253, 3
589544, 3
449377, 3
537077, 3
335905, 3
487669, 3
91404, 3
590918, 3
94592, 3
625878, 3
480932, 3
440092, 3
535440, 3
330589, 3
661546, 3
588796, 3
396768, 3
412313, 3
486090, 3
215721, 3
211290, 3
632402, 3
364060, 3
581824, 3
203632, 3
542875, 3
379658, 3
655881, 3
346975, 3
255784, 3
630885, 3
335550, 3
442156, 3
230050, 3
585430, 3
445142, 3
289702, 3
520276, 3
186779, 3
645796, 3
447206, 3
27860, 3
214623, 3
630144, 3
388997, 3
10491, 3
83893, 3
525744, 3
563997, 3
13563, 3
586509, 3
292292, 3
246542, 3
540724, 3
219429, 3
197197, 3
43879, 3
600521, 3
328676, 3
584186, 3
332898, 3
365774, 3
443380, 3
105556, 3
110792, 3
257015, 3
102050, 3
261286, 3
107495, 3
383187, 3
403394, 3
461406, 3
254157, 3
656151, 2
148908, 3
513596, 3
102845, 3
44663, 3
60842, 3
460099, 3
550556, 3
645471, 3
197310, 2
138517, 3
383037, 3
257712, 3
66958, 3
404132, 3
540603, 3
487763, 3
167276, 3
300127, 3
402193, 3
377583, 3
418857, 3
301450, 3
299352, 3
55930, 3
180450, 3
476700, 3
286349, 3
267248, 2
561472, 3
99911, 3
637599, 3
87719, 3
574888, 3
54176, 2
269744, 3
11988, 3
276410, 3
234354, 3
482221, 3
385546, 3
555255, 3
205649, 3
642237, 3
436998, 3
302189, 3
229931, 3
570165, 3
493834, 3
269846, 3
642471, 3
596176, 3
627184, 3
441872, 1
155410, 3
270996, 3
66673, 3
648075, 3
433000, 2
316279, 3
455289, 3
99648, 3
475560, 3
604140, 3
321422, 3
500203, 3
280419, 3
564600, 3
345931, 3
111604, 3
609577, 3
621201, 3
140100, 3
572336, 3
215163, 3
606609, 3
622134, 3
444042, 3
500280, 3
5371, 3
475912, 3
100026, 3
318552, 3
35476, 3
483597, 3
451647, 3
79407, 3
459179, 3
95909, 3
626110, 3
249893, 3
485969, 3
140491, 2
230344, 3
579931, 3
265024, 3
513968, 3
90373, 3
73037, 3
296237, 3
392243, 3
247042, 3
276468, 3
565302, 3
49, 3
290925, 2
265201, 3
321698, 3
407594, 3
487680, 3
139575, 3
284381, 3
556568, 3
246705, 2
565, 3
442371, 3
261582, 3
121080, 3
259147, 2
434555, 2
137941, 3
135878, 3
547453, 3
198486, 3
161421, 3
53713, 3
439694, 3
563776, 2
197160, 2
141039, 3
316491, 3
60381, 3
659633, 3
175550, 3
371699, 3
295224, 3
215504, 3
535813, 3
426791, 3
403779, 3
112938, 3
183050, 3
455424, 3
286631, 3
518595, 3
573488, 3
272800, 3
79972, 3
179316, 3
83533, 3
259624, 3
570454, 3
412393, 3
553282, 3
121520, 3
620075, 3
238477, 3
256430, 1
183912, 3
626648, 3
228759, 3
264450, 2
111029, 3
29969, 3
500057, 3
629487, 3
276662, 3
372783, 3
96636, 3
566102, 3
620903, 3
184635, 3
175824, 3
566353, 3
79309, 3
288380, 3
429442, 3
599103, 3
433138, 3
92554, 3
408191, 3
265646, 3
620352, 3
650161, 3
324131, 3
204, 3
307429, 3
658303, 3
171916, 3
446001, 3
247668, 3
144859, 3
561326, 3
530564, 3
63612, 3
514606, 3
572786, 3
223371, 3
632698, 2
538479, 3
260165, 3
121969, 3
149818, 3
69728, 3
608834, 3
351414, 3
387522, 3
41252, 3
76801, 3
299751, 3
423063, 3
111198, 3
466041, 3
631110, 3
357213, 3
510253, 3
148814, 3
321235, 3
29073, 3
265634, 3
554945, 3
445194, 3
365094, 3
327230, 3
78333, 3
653050, 3
428492, 3
282787, 3
98217, 3
84574, 3
55331, 3
220286, 3
133180, 3
339877, 3
306790, 3
563597, 3
427036, 3
535799, 3
306878, 3
582317, 3
489578, 3
420329, 3
545896, 3
261624, 3
112295, 3
245518, 3
366220, 3
605428, 3
650468, 3
71476, 3
71980, 3
167209, 3
176740, 3
457621, 3
302313, 3
428603, 3
290038, 3
619870, 3
50327, 3
284034, 3
441584, 3
413825, 3
165247, 3
516570, 3
365635, 3
252482, 3
160970, 3
373328, 3
600428, 3
522650, 3
113665, 3
317335, 3
144683, 3
52696, 3
20807, 3
566304, 3
7896, 3
581555, 3
199781, 3
71000, 3
419670, 3
412338, 3
23195, 3
505460, 3
638666, 3
581370, 3
123132, 3
70228, 3
503702, 3
460224, 3
411492, 3
550215, 3
234821, 3
484496, 3
407420, 3
618271, 3
367955, 3
571936, 3
341990, 3
436826, 3
324998, 3
300286, 3
526076, 3
407088, 3
236789, 3
24524, 3
78603, 3
210443, 3
221885, 3
69094, 3
251528, 3
117477, 3
394872, 1
571491, 3
449529, 3
310087, 3
391535, 3
572886, 3
222190, 3
459296, 3
168122, 3
371204, 3
564545, 2
225532, 3
641944, 3
656112, 1
405543, 3
550889, 3
349224, 3
203477, 3
439393, 3
52907, 3
257801, 3
99518, 3
487012, 1
91613, 3
175576, 3
387007, 3
362213, 3
560458, 3
615545, 3
440751, 3
280101, 3
170440, 3
350347, 3
366136, 3
291664, 3
476273, 3
38173, 3
609581, 3
415239, 3
521297, 3
299830, 3
166639, 3
529315, 3
610959, 3
141889, 3
483615, 3
151218, 3
198473, 3
169528, 3
187330, 3
366967, 3
312928, 3
25238, 3
14232, 3
439160, 3
496862, 3
274306, 3
82257, 3
2879, 3
259187, 3
207992, 3
530647, 1
65069, 3
265680, 3
630140, 3
261847, 3
84914, 3
263544, 3
327495, 3
528278, 3
150901, 3
130819, 3
250358, 3
32685, 3
301850, 1
357618, 3
100769, 3
319213, 3
80323, 3
660678, 3
600837, 2
122017, 3
407023, 3
588193, 3
184942, 3
258798, 3
173904, 3
566409, 3
480024, 3
38066, 3
221876, 3
497543, 3
100869, 3
72667, 3
350853, 3
493523, 3
412781, 3
212524, 3
598719, 3
246031, 3
79533, 3
308218, 3
406572, 3
30803, 3
388874, 2
574739, 1
617112, 3
271515, 3
549245, 3
547298, 3
374139, 3
240307, 3
607784, 3
313275, 3
248298, 3
54779, 3
363738, 3
618191, 3
54902, 3
199809, 3
225215, 3
355267, 3
251050, 3
108018, 3
540649, 3
217143, 3
600126, 3
454851, 3
77730, 3
506134, 3
206876, 3
69663, 3
525774, 3
40509, 3
374643, 3
514751, 3
431823, 3
147570, 3
12627, 3
138105, 3
556538, 3
167446, 3
269418, 3
330701, 3
75259, 3
399725, 3
127403, 3
364802, 3
257830, 3
107687, 3
584601, 3
22146, 3
434023, 3
444377, 3
43396, 1
473996, 3
505389, 3
518053, 3
648437, 3
556097, 3
311926, 3
568816, 3
573071, 3
612850, 3
439978, 1
392035, 3
516501, 3
563282, 3
287843, 3
541568, 3
455790, 3
277268, 3
114230, 3
101902, 3
307716, 1
656973, 3
30024, 3
202748, 3
342725, 3
437297, 3
215970, 3
385750, 3
545425, 3
20190, 3
502489, 3
637478, 3
587038, 3
105234, 3
171138, 3
56526, 2
605579, 3
560282, 3
513931, 3
3748, 3
7095, 3
230656, 3
489277, 3
295300, 3
118975, 3
354934, 2
81033, 3
376146, 3
496489, 3
603982, 3
22950, 3
121869, 3
480498, 3
485615, 3
603984, 3
277190, 3
144613, 3
154122, 3
359087, 3
31720, 3
319514, 3
173661, 3
628417, 2
400076, 3
149271, 1
426483, 3
291438, 3
265930, 3
642700, 3
492182, 3
313095, 3
166332, 3
274665, 3
477033, 3
412311, 3
38967, 3
135876, 3
208705, 3
216331, 3
260845, 3
569167, 3
231161, 3
603994, 3
508600, 2
469623, 3
307517, 3
72399, 3
124616, 3
565746, 3
407917, 3
116083, 3
288627, 2
535566, 3
460012, 3
417755, 3
143799, 3
384585, 3
256772, 3
537881, 3
262840, 2
602204, 3
174916, 3
552201, 3
570398, 3
331756, 3
66584, 3
467767, 3
388207, 3
1149, 3
77081, 3
73238, 3
16902, 3
465322, 3
228248, 3
321433, 3
367833, 3
167577, 3
649453, 3
610030, 3
74427, 2
602957, 3
21012, 3
238186, 3
144970, 3
279807, 3
216935, 3
103469, 3
430529, 3
489754, 3
172340, 3
129667, 3
597721, 3
532525, 3
498916, 3
342260, 3
462714, 3
433904, 3
526963, 3
587946, 2
302911, 3
601322, 3
181265, 3
520177, 3
565911, 3
322791, 3
121341, 3
117424, 3
332613, 1
597024, 3
14591, 3
36219, 3
214454, 3
380145, 3
204788, 3
252162, 3
425890, 3
230473, 3
31708, 2
123949, 1
15541, 3
660857, 3
437941, 3
331353, 3
600094, 3
128022, 3
395749, 3
225566, 3
140582, 3
457867, 3
103123, 3
419551, 3
527695, 3
371479, 3
120832, 3
167037, 3
82994, 2
433621, 3
74369, 3
262075, 3
262355, 3
586384, 3
485777, 3
53842, 3
31174, 3
584406, 3
580919, 3
177578, 3
557150, 3
127497, 3
111016, 3
145561, 3
571241, 3
46528, 3
211738, 3
617211, 2
41199, 3
29064, 3
356162, 3
64461, 1
429495, 3
388292, 3
191274, 3
152670, 3
564348, 3
533273, 3
506876, 3
52431, 3
279638, 3
547400, 3
138089, 3
32257, 3
586152, 3
322828, 2
567826, 3
92366, 3
580771, 3
225013, 3
25714, 3
654539, 3
610467, 3
360253, 3
416555, 3
301055, 3
389434, 3
39250, 2
523865, 3
178022, 3
618266, 3
582156, 3
476465, 3
490928, 3
528586, 3
595250, 3
262667, 2
25614, 3
367251, 3
145350, 3
612632, 3
402159, 3
396788, 1
312609, 2
592948, 1
27647, 3
274109, 3
377156, 3
496050, 3
331530, 3
255601, 3
378244, 3
644163, 3
594272, 3
117485, 3
327065, 3
394809, 3
539343, 3
290781, 3
529979, 3
632196, 3
197837, 3
73886, 3
163545, 3
95314, 3
558307, 3
458086, 3
323234, 3
194325, 3
126977, 3
383082, 3
344461, 3
364751, 3
249736, 3
512747, 3
39571, 3
509278, 3
388865, 3
469055, 3
84659, 1
430148, 3
504841, 3
255072, 3
119708, 3
431711, 3
661231, 3
428347, 2
265389, 3
14494, 3
656045, 3
246644, 3
152915, 3
198809, 3
15991, 3
447249, 3
309879, 3
426103, 3
477639, 3
245940, 3
359222, 3
432189, 3
168323, 3
53529, 3
4661, 3
469759, 1
219338, 3
40005, 3
170029, 3
565903, 3
357953, 3
187863, 3
366593, 3
534964, 3
75936, 3
439478, 3
111755, 3
12959, 3
663280, 3
470767, 3
225576, 3
133971, 3
558854, 3
508890, 3
588969, 3
446122, 3
0, 3
22771, 3
585895, 3
368950, 3
14647, 3
251714, 2
500426, 3
320468, 3
630076, 3
364457, 3
322521, 3
134046, 3
475058, 3
475121, 3
319726, 3
12121, 3
232936, 3
361605, 3
342573, 3
466560, 3
294045, 3
183194, 3
542117, 3
203528, 3
167061, 3
623758, 3
120423, 3
250619, 3
407839, 3
633253, 3
190867, 3
363934, 3
119973, 3
459535, 3
271560, 3
143510, 3
163756, 3
577385, 3
580228, 3
14419, 3
119350, 3
492927, 3
1479, 3
173566, 3
248544, 3
167788, 3
490352, 3
204173, 3
473529, 3
323304, 3
460175, 3
111007, 3
528751, 3
508012, 3
562733, 3
586068, 3
23528, 3
36289, 3
307219, 3
383328, 3
641611, 3
301898, 3
591966, 3
382347, 3
324256, 3
642786, 3
383139, 3
217810, 3
341759, 3
95034, 3
495885, 3
111930, 3
336368, 3
528418, 3
579544, 3
576545, 3
514125, 3
423521, 3
446070, 3
561724, 3
477887, 1
456255, 3
263327, 3
62242, 3
527203, 1
163161, 2
72704, 3
262732, 3
180215, 3
366974, 3
150991, 3
574251, 3
580231, 3
182404, 3
212125, 3
392165, 3
616647, 3
183340, 3
388946, 3
56830, 3
308923, 3
372351, 3
203865, 3
230552, 3
519899, 3
127436, 3
251056, 3
656019, 3
249962, 3
135703, 3
507865, 3
43733, 3
478, 3
407279, 3
663166, 3
359847, 3
88645, 3
469215, 3
253674, 3
37805, 3
313736, 3
119136, 3
312520, 3
634730, 3
57634, 3
167032, 3
208171, 3
571005, 3
55199, 3
77839, 3
468458, 3
60462, 1
593386, 3
655202, 3
587995, 3
498527, 3
184363, 3
123667, 3
665207, 3
587151, 3
646055, 3
484808, 3
34238, 3
488149, 3
542197, 3
614429, 3
8128, 3
322715, 3
270806, 3
371670, 3
224994, 3
130526, 2
514470, 3
131420, 3
641397, 3
192276, 3
54900, 3
56131, 3
509448, 3
622879, 3
287243, 3
483686, 3
338470, 3
588705, 3
419905, 3
618755, 3
107333, 3
452197, 3
408069, 3
528927, 3
185191, 3
607372, 3
271233, 3
70745, 3
207448, 3
514613, 3
47330, 3
575743, 2
140756, 1
313350, 3
555343, 3
310101, 3
320597, 3
229791, 2
9547, 3
42997, 3
646835, 3
174403, 3
493167, 3
376, 3
353538, 3
247152, 3
557207, 3
278973, 3
527537, 3
596115, 3
238854, 3
610853, 3
199038, 2
595579, 3
404332, 3
331160, 3
253241, 3
559141, 3
538023, 3
349144, 3
526306, 3
348608, 3
74445, 3
556880, 3
173843, 3
605929, 3
152478, 3
136086, 3
437262, 3
99743, 3
283452, 3
636377, 3
550731, 3
215018, 3
125717, 3
212925, 3
598956, 3
41699, 3
89869, 3
595770, 3
467945, 3
326102, 3
530024, 3
171551, 3
588317, 3
334281, 3
387628, 3
125884, 3
252011, 1
49959, 3
29126, 3
484529, 3
556284, 3
183393, 3
158380, 2
464502, 3
226242, 3
267883, 1
3575, 3
142651, 3
138636, 3
275064, 3
605532, 3
350060, 3
473364, 3
310761, 3
357990, 3
484590, 3
363693, 3
528067, 3
417733, 3
583805, 3
206645, 3
102373, 2
519410, 3
322677, 3
242558, 3
487482, 3
71588, 3
206396, 3
343370, 3
461077, 3
520545, 3
632979, 2
549305, 3
46909, 3
142473, 3
619757, 3
612887, 3
158370, 3
336126, 3
250024, 3
124954, 3
136655, 3
523194, 2
502866, 3
166850, 3
137409, 3
10434, 3
367069, 3
443236, 3
110011, 3
53946, 3
355150, 3
539833, 3
379027, 3
394381, 3
499161, 3
509811, 3
627415, 3
221167, 3
360672, 3
265141, 3
79274, 3
262370, 3
83554, 3
584630, 3
4792, 3
21304, 3
42071, 3
469197, 3
4750, 3
132727, 3
306855, 3
402380, 3
609574, 3
106943, 3
377256, 3
86131, 1
558906, 3
442122, 3
285412, 3
24102, 3
297047, 2
374383, 3
498771, 3
184854, 3
229413, 3
401645, 1
97247, 3
404804, 3
111942, 3
564525, 3
105259, 3
12949, 3
544222, 3
283524, 3
189609, 3
207971, 3
219558, 3
535974, 3
443534, 3
111553, 3
577549, 3
14503, 3
507252, 3
593428, 3
240907, 3
509242, 3
236160, 3
637463, 3
365673, 3
135038, 2
299337, 3
329258, 3
262912, 3
384015, 1
440733, 3
487307, 3
377758, 3
504704, 3
66557, 1
284920, 3
93678, 3
539474, 3
204491, 3
52638, 3
294044, 3
113757, 3
348239, 3
452166, 3
230634, 3
110874, 3
316511, 3
201990, 3
21340, 3
660598, 3
517739, 3
363635, 3
528000, 3
37364, 3
331452, 2
352219, 3
102107, 3
52436, 3
242528, 3
5487, 3
301287, 3
491664, 3
437568, 3
567951, 3
556290, 3
583785, 3
139479, 3
4332, 3
254872, 3
103928, 3
191472, 3
639024, 3
459232, 3
3258, 3
147290, 3
109959, 3
218808, 3
317218, 3
178062, 3
642418, 3
640521, 3
510115, 3
107125, 3
186147, 3
457165, 3
216115, 2
110277, 3
61651, 3
112835, 3
460657, 3
629140, 3
263791, 3
652125, 3
297372, 3
428171, 3
612077, 3
574071, 3
319854, 3
495418, 3
97722, 3
247727, 3
425154, 3
271723, 3
659353, 3
94634, 3
203896, 3
28174, 3
606491, 3
519613, 3
652451, 3
89472, 3
46971, 3
422518, 3
332286, 3
484718, 3
86800, 3
607437, 3
357080, 3
110669, 3
69446, 3
224596, 3
287533, 3
237697, 3
71491, 3
585554, 3
132845, 3
168603, 3
348396, 3
5834, 3
379142, 3
622951, 3
304875, 2
468258, 3
162249, 3
625738, 3
428760, 3
630930, 3
236225, 3
286401, 3
559965, 3
326248, 3
663340, 3
622082, 3
108826, 3
95905, 3
583111, 3
30076, 3
626438, 3
463218, 3
107400, 3
33885, 3
339154, 3
219967, 3
447517, 3
169923, 3
529359, 3
504265, 3
527153, 3
576124, 3
502563, 3
80583, 3
134153, 3
403402, 3
587322, 3
243779, 3
655826, 3
455337, 3
153419, 3
211260, 3
19041, 3
539850, 3
149969, 3
464751, 3
468984, 3
374925, 3
51379, 3
640734, 3
387749, 3
365790, 3
383355, 2
87948, 3
608280, 3
542814, 3
66128, 3
289153, 3
121028, 3
206065, 3
47621, 3
383506, 3
441662, 3
515512, 3
205614, 3
27484, 3
222457, 3
370026, 3
112953, 3
178392, 3
408602, 3
524822, 3
132305, 3
549379, 3
292509, 3
466653, 3
148848, 3
658378, 3
195721, 3
97808, 3
611932, 3
37441, 3
79758, 3
352133, 3
562924, 2
540552, 2
387382, 3
273351, 3
214112, 3
99750, 2
156940, 3
301369, 2
552021, 3
309649, 3
664930, 2
176304, 3
85417, 3
393484, 3
215453, 3
516204, 3
50801, 3
614552, 3
624853, 3
188795, 3
457369, 3
114574, 3
328893, 3
324401, 3
583619, 3
577111, 3
642113, 3
595363, 3
161384, 3
65737, 3
503577, 3
255263, 3
126223, 3
639449, 3
324580, 3
95888, 3
9655, 3
81055, 3
514447, 3
453474, 3
58295, 3
566592, 3
360152, 3
406898, 3
89891, 3
541686, 3
344112, 3
536482, 3
61668, 3
597715, 3
8683, 3
641981, 3
40892, 3
296130, 3
67304, 3
69843, 3
633162, 3
180278, 3
278361, 3
34634, 3
229305, 3
5864, 3
255521, 3
201334, 3
132419, 1
176368, 3
548890, 3
610152, 3
126124, 3
587395, 3
15624, 3
413498, 3
1175, 3
69443, 3
193870, 3
54688, 3
179034, 3
99330, 3
250897, 3
433533, 3
415665, 3
91040, 3
174412, 3
369664, 3
391660, 3
204060, 3
198602, 3
178179, 3
151169, 3
332776, 3
598164, 3
551600, 3
527064, 3
122057, 3
121642, 3
542766, 3
324378, 3
569510, 2
71933, 3
156096, 3
504272, 3
542323, 3
320075, 3
28977, 3
36894, 2
178529, 3
560558, 3
9210, 3
115672, 3
660310, 1
317640, 3
586577, 3
353081, 1
291008, 3
210449, 3
259404, 3
136978, 3
117002, 3
476821, 3
559956, 3
391358, 3
253576, 2
569594, 3
304677, 3
502863, 3
93136, 3
431414, 3
432139, 3
592279, 3
12955, 3
286734, 3
599677, 3
67072, 3
125122, 3
301551, 3
145669, 3
224200, 3
280729, 3
431118, 3
60679, 3
147975, 3
226900, 3
395369, 3
430934, 3
507544, 3
291005, 3
222214, 3
551487, 3
388291, 3
248701, 3
456440, 3
116837, 3
84657, 3
159334, 3
315668, 3
190884, 3
389714, 2
407939, 3
264907, 3
344308, 3
109484, 3
439688, 2
149966, 2
415440, 3
133450, 3
186404, 3
322408, 3
639081, 3
293177, 3
476532, 3
380949, 3
152764, 3
141032, 3
328459, 3
336931, 3
124436, 3
593732, 3
504798, 3
243909, 3
61472, 3
147020, 3
86089, 3
548132, 3
501015, 3
124115, 3
356921, 3
544485, 3
82722, 3
506110, 3
177508, 3
286340, 3
23294, 3
432440, 3
13561, 3
203621, 3
412968, 3
585351, 3
219418, 3
462693, 2
231692, 3
24852, 3
96158, 3
49982, 3
39659, 3
445066, 3
503007, 3
166105, 3
161371, 3
103473, 3
544230, 3
298538, 3
624552, 3
416927, 3
569438, 3
639012, 3
637870, 3
465742, 3
486200, 3
76713, 3
100751, 3
324074, 3
510376, 3
183036, 3
247399, 3
222947, 2
400540, 3
425174, 3
66439, 3
257763, 3
438006, 3
614935, 3
408955, 3
467585, 3
822, 3
307312, 3
89076, 3
154110, 3
177741, 3
624386, 3
361890, 3
78805, 3
617360, 1
200253, 3
574460, 3
324267, 3
331242, 3
148485, 3
275319, 3
344873, 1
5736, 3
516268, 3
550088, 3
196730, 3
309040, 3
369784, 3
38754, 2
524061, 3
572673, 3
70035, 3
335860, 3
457406, 3
578767, 3
609092, 3
517117, 3
477737, 3
655121, 3
148695, 3
418153, 3
153896, 3
509749, 3
293226, 3
411616, 3
571771, 3
32883, 3
249630, 3
181848, 3
286806, 3
166655, 3
457813, 3
259781, 3
626952, 3
25518, 3
531346, 3
461400, 3
102067, 3
112341, 3
465331, 3
339700, 3
410923, 3
298024, 3
650475, 3
591396, 3
356722, 3
149482, 3
68676, 3
508878, 3
256701, 3
387706, 3
385489, 3
243607, 3
158023, 3
384430, 3
222541, 3
90192, 3
163794, 3
594287, 3
475334, 3
629441, 3
211132, 3
287359, 3
184293, 3
43212, 3
316079, 2
212551, 3
318343, 3
418027, 3
171365, 3
73026, 3
345313, 3
242730, 3
443543, 3
149922, 3
623790, 3
378408, 3
636825, 3
134957, 3
270495, 3
163368, 3
572298, 3
461193, 1
41157, 3
254466, 3
372901, 3
337709, 3
343364, 3
275303, 3
10343, 3
504909, 3
616688, 2
238238, 1
520360, 3
109194, 3
543999, 3
209115, 3
52240, 3
562373, 3
53296, 3
647388, 3
160436, 3
213265, 3
662333, 3
147861, 3
214952, 3
497884, 3
105217, 3
317553, 3
377535, 3
164843, 3
124042, 3
317605, 3
115801, 3
523542, 3
150768, 3
14135, 3
295663, 3
220670, 3
552352, 3
304606, 3
61578, 3
62935, 3
633989, 3
605322, 1
161956, 3
186208, 3
304125, 3
172998, 3
239983, 3
663805, 3
347196, 3
455417, 3
142944, 3
470383, 3
450649, 2
615401, 3
577425, 3
540246, 3
449081, 3
181741, 3
87065, 3
663704, 3
108295, 3
112638, 3
349388, 3
262784, 3
612123, 3
341026, 3
46271, 3
583736, 3
561748, 3
634698, 3
431334, 3
381496, 3
128214, 3
180764, 3
9914, 3
50222, 3
657211, 3
228995, 3
140326, 3
73780, 1
115360, 3
368093, 1
470725, 3
77028, 3
71940, 3
237873, 3
379618, 3
491891, 3
27240, 3
264976, 2
44825, 3
641617, 3
640687, 3
198441, 3
266652, 3
326594, 3
9410, 3
431918, 3
116573, 3
144245, 3
612609, 3
64533, 3
303390, 1
33520, 3
177843, 3
431814, 3
495710, 3
258685, 3
78552, 3
210453, 3
657054, 3
608908, 3
162719, 3
389258, 3
230213, 3
551207, 3
579357, 3
92841, 3
239457, 3
203208, 3
66995, 2
467955, 3
335928, 1
583678, 2
572270, 3
210107, 3
392234, 2
207324, 3
484388, 3
85326, 3
366137, 3
522196, 3
292460, 3
52316, 3
506294, 3
17080, 3
64664, 3
83631, 3
387958, 3
359627, 3
493126, 3
77609, 3
94764, 3
472877, 3
228254, 3
112957, 3
455710, 3
65090, 3
587203, 3
160017, 3
9345, 3
279312, 3
23529, 3
551655, 3
424241, 3
354646, 3
393047, 3
552145, 3
390625, 3
300748, 3
492820, 3
394981, 3
268322, 3
593281, 3
141158, 1
498054, 3
481557, 3
160424, 2
307273, 3
75794, 3
548761, 3
615101, 3
661573, 3
467910, 3
256027, 3
432379, 3
480257, 3
152221, 3
509575, 3
530451, 3
45719, 3
203597, 3
155498, 3
174686, 3
567180, 3
141090, 2
109665, 3
657832, 3
155200, 3
362523, 3
509353, 3
404242, 3
89172, 3
277906, 3
504046, 3
379536, 3
109678, 3
222881, 3
448026, 3
4143, 3
223252, 2
615151, 3
577589, 3
354319, 2
585996, 2
410826, 3
119345, 2
529588, 3
641485, 3
69458, 3
463536, 3
462988, 3
491587, 3
548097, 3
357756, 3
557562, 3
174449, 3
55958, 3
378975, 3
605622, 3
54020, 3
445928, 3
171917, 3
608289, 3
277176, 3
270940, 3
576348, 1
92939, 3
344709, 3
122067, 3
427010, 2
511316, 3
60039, 3
608807, 3
626380, 2
336268, 3
147703, 3
211332, 3
150474, 3
309030, 3
250609, 2
155009, 3
457491, 3
76691, 3
532439, 3
493409, 3
350892, 3
3523, 3
246650, 3
67485, 3
176182, 3
256939, 3
547811, 3
449216, 2
112551, 3
551809, 3
57632, 3
404712, 3
187404, 3
521709, 3
317015, 3
223429, 3
99775, 3
216356, 3
510901, 3
74965, 3
239079, 3
421002, 3
212713, 3
355799, 3
479342, 3
405067, 3
91459, 3
608955, 3
660153, 3
196065, 3
260817, 3
399339, 3
360709, 3
23477, 3
376603, 3
386800, 3
658969, 2
508527, 3
124146, 2
215978, 2
132326, 3
510907, 3
67671, 3
306229, 3
546861, 3
627469, 3
264135, 3
557728, 3
342429, 3
568883, 3
67469, 3
193238, 3
617791, 3
510514, 3
36195, 3
419480, 3
367124, 2
159557, 3
160343, 3
565502, 1
482876, 3
279839, 3
230396, 2
546935, 3
458764, 3
537377, 3
139248, 3
447797, 3
106984, 3
222486, 3
360764, 3
440185, 3
160541, 3
162425, 3
447597, 3
16432, 3
638070, 3
526782, 3
273027, 3
568522, 3
538827, 3
428274, 3
522789, 2
184852, 3
84452, 3
351630, 3
570211, 3
167016, 3
466074, 3
211626, 3
613830, 3
28472, 3
327894, 3
345554, 3
508926, 3
342607, 3
139092, 3
487478, 3
163943, 3
302701, 3
638395, 3
156909, 3
255098, 3
225237, 3
626553, 3
655642, 3
615876, 3
296535, 3
636118, 3
67419, 3
509923, 3
496029, 3
565506, 3
344047, 3
170810, 3
88177, 3
22966, 3
145153, 3
955, 3
410555, 3
587228, 3
197468, 3
141528, 3
25907, 3
146689, 3
238772, 3
497657, 3
602818, 3
297782, 3
51845, 3
74960, 3
507999, 3
329038, 2
195466, 3
220919, 3
74315, 3
112575, 3
33255, 3
377443, 3
296460, 1
85111, 3
230828, 3
18156, 3
181663, 3
309574, 3
615003, 3
477030, 3
570416, 3
16684, 3
482771, 3
312123, 3
526130, 3
553241, 3
424788, 1
265338, 3
323404, 3
93168, 3
59655, 3
125907, 3
87982, 3
191172, 3
487982, 3
233170, 3
438117, 3
393794, 3
555230, 2
390902, 3
78149, 3
377363, 3
384578, 3
65724, 3
493912, 3
303574, 3
8047, 3
575347, 3
397984, 3
313141, 3
504640, 1
51685, 3
439399, 3
658975, 3
469625, 3
658995, 3
415156, 3
434866, 3
620976, 3
1529, 3
242542, 3
123702, 3
96814, 3
100428, 3
505008, 3
12570, 3
306003, 3
309894, 3
406616, 3
285575, 3
526395, 3
611489, 3
287319, 3
106442, 3
340998, 3
287787, 3
518153, 3
334535, 3
486062, 3
399202, 3
153890, 3
378328, 3
430288, 3
215159, 3
501260, 3
423634, 3
613308, 3
185800, 3
602861, 3
98683, 2
326327, 1
206989, 3
149247, 3
277535, 3
209830, 3
400048, 3
578016, 3
580439, 3
160924, 3
375933, 3
27292, 3
105011, 3
528814, 3
149262, 3
118247, 3
318763, 3
325076, 3
354877, 3
248915, 3
93687, 3
56807, 3
391455, 3
308122, 3
554169, 3
638372, 2
22759, 3
256944, 3
108322, 3
66195, 3
481313, 3
213747, 3
297362, 1
449587, 3
19004, 3
56997, 3
356081, 3
475381, 3
332946, 3
296924, 3
620751, 3
502000, 3
363769, 3
615249, 3
578545, 3
175331, 3
168107, 3
172984, 3
607356, 3
633348, 3
356725, 3
384246, 3
357194, 3
103685, 3
532018, 2
385485, 3
449773, 1
7722, 3
121152, 3
329929, 3
208610, 3
152862, 3
592706, 3
354403, 3
500114, 3
315154, 3
37865, 3
72272, 3
84324, 3
137214, 3
256894, 3
127696, 3
658934, 3
68694, 3
365645, 3
54069, 3
341578, 3
407867, 3
140898, 3
323028, 3
211227, 1
666, 3
45799, 3
472948, 3
658154, 3
209375, 3
528457, 2
377291, 3
601310, 3
391304, 3
413660, 3
435766, 2
307213, 3
628093, 3
370339, 3
187156, 3
355224, 3
585049, 3
20007, 3
452705, 2
632332, 3
97803, 3
217417, 2
151201, 3
546043, 3
407620, 3
142419, 3
352077, 2
33000, 3
464338, 3
591174, 3
296374, 3
48624, 3
184328, 3
379706, 3
89115, 3
31266, 3
397114, 3
305925, 3
458706, 3
633560, 3
580972, 3
38947, 3
10264, 3
389471, 3
351610, 3
503580, 3
356781, 3
89880, 3
509170, 2
370879, 3
482329, 3
116522, 3
476049, 3
597651, 3
661759, 3
509572, 3
530729, 1
589652, 3
335792, 3
102894, 3
444724, 3
469748, 2
353932, 3
193360, 3
109209, 3
37913, 3
176423, 3
615989, 3
584368, 3
72176, 3
277951, 3
576368, 3
45304, 3
385433, 3
665380, 3
154344, 3
147152, 2
31833, 3
253652, 3
278112, 3
180197, 3
34381, 3
524679, 3
649328, 3
176931, 3
268397, 3
239950, 3
642016, 3
318502, 3
151463, 3
290600, 3
657634, 3
327667, 3
201580, 3
541836, 3
107119, 3
533849, 3
467569, 3
456731, 3
441859, 3
106196, 3
655116, 3
170276, 3
459040, 3
528542, 3
52289, 3
510815, 3
240034, 3
648430, 3
181901, 3
422401, 3
201607, 3
485047, 3
254864, 3
170773, 3
638027, 3
414215, 3
235828, 3
378116, 3
260876, 3
367604, 3
428281, 3
441504, 3
576292, 3
658391, 3
658610, 1
101726, 1
83280, 3
65504, 3
224920, 3
206868, 3
430432, 3
503472, 3
225822, 3
175548, 3
32375, 3
241338, 3
144933, 3
52961, 3
221761, 3
165004, 3
67475, 3
488605, 3
191407, 3
442219, 3
6653, 3
430339, 3
91112, 3
135267, 3
123061, 3
413654, 3
425105, 3
539787, 3
360362, 3
1602, 3
608782, 3
596823, 2
612649, 3
156179, 3
568769, 3
527452, 3
511013, 3
231403, 1
578471, 3
482134, 3
411726, 3
127741, 3
326249, 3
239364, 3
306689, 3
50811, 3
457968, 3
613540, 3
391652, 3
95502, 3
259043, 3
595146, 3
318465, 2
496496, 3
124668, 3
420473, 3
262274, 3
214606, 3
166482, 3
502466, 3
525818, 3
307409, 3
41840, 3
30489, 3
425216, 3
539675, 3
226436, 3
264239, 3
259948, 3
185722, 3
311605, 3
243757, 3
436240, 3
86567, 3
139410, 3
578630, 3
294841, 3
661606, 3
429684, 3
160260, 3
260299, 3
334124, 3
114174, 3
660683, 2
47928, 3
79172, 3
557436, 3
431104, 3
480980, 3
24503, 3
420454, 3
623468, 3
563008, 3
228024, 3
402284, 3
228906, 3
620568, 3
221338, 3
523707, 2
273305, 3
121484, 3
43700, 3
522061, 3
291250, 3
140647, 3
20356, 3
535604, 3
36845, 3
258206, 3
628382, 3
545147, 3
258022, 3
86749, 3
660494, 3
62800, 3
260711, 3
219037, 3
79767, 3
195738, 3
549885, 3
514899, 3
320722, 3
507622, 3
470181, 3
141667, 3
618456, 3
235111, 3
223504, 3
550226, 3
384745, 3
411945, 3
572018, 3
355960, 3
486448, 3
163325, 3
620535, 3
149975, 3
587517, 3
525768, 3
288502, 3
197976, 1
185254, 3
71946, 3
538643, 3
65646, 3
579788, 3
220995, 3
190963, 3
216681, 3
625156, 3
370651, 3
609698, 3
114522, 3
636035, 3
550307, 3
340540, 3
572935, 3
412013, 3
95593, 3
24046, 3
153429, 3
141642, 3
173731, 3
570729, 3
369542, 3
194015, 3
536447, 3
507530, 3
262506, 3
661822, 3
6062, 3
439016, 3
371668, 3
192392, 3
196919, 3
98624, 3
307319, 3
229097, 3
303842, 3
656072, 3
260767, 3
525967, 3
73607, 3
179262, 3
590696, 3
149936, 3
205491, 3
234895, 3
444207, 3
660764, 3
118200, 3
326374, 3
63012, 3
584674, 2
265003, 3
270249, 3
278708, 3
326651, 3
20395, 3
5895, 3
17709, 3
340381, 3
614383, 3
502261, 2
168395, 3
268755, 3
29945, 3
280825, 3
252342, 3
291755, 3
346196, 3
139688, 3
179025, 3
355576, 3
630857, 3
23642, 3
110505, 3
601, 3
101067, 3
311066, 3
206044, 3
371535, 2
406821, 3
320082, 3
47033, 3
171841, 3
427853, 3
123282, 3
442392, 3
318369, 3
151192, 3
308944, 3
438394, 3
506822, 3
660, 3
480624, 3
151731, 3
591441, 3
429915, 3
103673, 3
575733, 3
351539, 3
148452, 3
4860, 3
350876, 3
374108, 3
554820, 3
614252, 3
179745, 3
96392, 3
64463, 3
270647, 3
589265, 3
575035, 3
655273, 3
564946, 3
438557, 3
553785, 3
195205, 3
259042, 3
162481, 3
265597, 3
168201, 3
30920, 3
64972, 3
165560, 3
578807, 3
374855, 3
509920, 3
609160, 3
39952, 3
597587, 3
268447, 3
423426, 3
385449, 3
184138, 3
599481, 3
49459, 3
448706, 3
242193, 3
654467, 2
35588, 3
611708, 3
466785, 3
652499, 3
42119, 3
256013, 3
527158, 3
662218, 3
177439, 3
319580, 3
81186, 3
71902, 1
575408, 3
375711, 3
189846, 1
650217, 3
108730, 3
315720, 3
32014, 3
375715, 2
577018, 3
204586, 3
527941, 3
326305, 3
438924, 1
203891, 3
582833, 3
469469, 3
483810, 3
111343, 3
550116, 3
212182, 3
58669, 3
461545, 3
577080, 3
164709, 3
5683, 3
6046, 3
300425, 3
647945, 3
354017, 3
507391, 1
502485, 3
482671, 3
228638, 3
534694, 3
60277, 3
534858, 3
246346, 3
326405, 3
415458, 3
403479, 3
444064, 3
571174, 3
219654, 3
346998, 2
641401, 3
42915, 3
523261, 3
49868, 3
147978, 3
514997, 3
86430, 3
184647, 3
278010, 3
4204, 3
180497, 3
245374, 3
205261, 3
347696, 3
658690, 3
393370, 3
410983, 3
298592, 3
346367, 3
151596, 3
410207, 3
117773, 3
68848, 3
429110, 3
495966, 3
609848, 3
385697, 3
410260, 3
274881, 3
245850, 3
104475, 3
306010, 3
44089, 3
344209, 3
632921, 3
214528, 3
153470, 3
480409, 3
187822, 3
467618, 3
404614, 3
275144, 3
253125, 3
205775, 3
195342, 3
499280, 3
434668, 3
392027, 3
179190, 2
327480, 3
159240, 3
31958, 3
223888, 3
140023, 3
233858, 3
487841, 3
567405, 3
391445, 3
268892, 3
603709, 3
131044, 2
358578, 3
192221, 1
659397, 3
652921, 3
338801, 3
242053, 3
10543, 3
563021, 3
515506, 3
207115, 3
502734, 3
257237, 3
454897, 3
329455, 3
107956, 3
150174, 3
636463, 3
282088, 3
55547, 3
486108, 3
327310, 3
447007, 3
525208, 3
552064, 3
369374, 2
178101, 3
545303, 3
401871, 3
511161, 3
43611, 3
381260, 3
116195, 3
628381, 3
606012, 3
560639, 2
95283, 3
73707, 1
501529, 3
614445, 3
636396, 3
548724, 3
25576, 3
54155, 3
410214, 3
236167, 3
156156, 3
10079, 3
256207, 3
597955, 3
461623, 3
40134, 3
659920, 3
220214, 2
164733, 3
253021, 3
517241, 3
489640, 3
10682, 3
45875, 3
461174, 3
421573, 3
476329, 2
265057, 3
281284, 3
332280, 3
69462, 3
136805, 3
179939, 1
564345, 3
304459, 2
359717, 3
331863, 3
524790, 2
276814, 3
401237, 3
39384, 3
156312, 3
264600, 3
468235, 3
199000, 3
489276, 3
620190, 3
374763, 3
21445, 3
417815, 3
508349, 3
206520, 3
5898, 2
372909, 3
381713, 3
448003, 3
345903, 3
567924, 3
573674, 3
4618, 3
391788, 3
527820, 3
486646, 3
420427, 3
209225, 3
592873, 3
366880, 3
336277, 3
466314, 3
127005, 3
654663, 3
176736, 3
89110, 3
623856, 3
104375, 3
392652, 3
549263, 3
36672, 3
142046, 2
191177, 3
591109, 3
195897, 3
241073, 3
39862, 3
351982, 3
507315, 3
379088, 3
341191, 3
504885, 3
330766, 3
649390, 3
295350, 3
606007, 3
544201, 3
156884, 3
614725, 3
154348, 3
229362, 3
284046, 3
28266, 3
531824, 3
19084, 3
230713, 3
341621, 3
447878, 3
418573, 3
562648, 3
51373, 3
560818, 2
370521, 3
144052, 3
660206, 3
170407, 3
227375, 3
114533, 3
382120, 3
491090, 3
372255, 3
499733, 3
529834, 3
244469, 3
46212, 3
512331, 3
483728, 3
410001, 3
450556, 3
46013, 3
4248, 3
558053, 3
161794, 3
278430, 3
39750, 2
136773, 3
225625, 3
470337, 3
548905, 3
175385, 3
310780, 3
85325, 1
199647, 1
15022, 3
41476, 3
471558, 3
598617, 3
447435, 3
6698, 3
475300, 3
634971, 3
570188, 3
465024, 3
202714, 3
479085, 3
650437, 3
136988, 3
267119, 3
518949, 3
583707, 3
591849, 3
181022, 3
585361, 2
322723, 3
18814, 3
569257, 3
244381, 3
478617, 3
87434, 3
256014, 3
68512, 3
427347, 2
210328, 3
607147, 3
48453, 3
216688, 3
459523, 3
108814, 3
85086, 3
230711, 3
574927, 2
531612, 3
65361, 3
661635, 3
315824, 3
148842, 3
661458, 3
87930, 1
619058, 3
260193, 3
407551, 3
254751, 3
283163, 3
426874, 3
250735, 3
410026, 3
634373, 3
418260, 3
126798, 3
654622, 3
503257, 3
37749, 3
624165, 2
653267, 3
33839, 3
537235, 3
123922, 3
607981, 3
205258, 3
404869, 3
143047, 3
522146, 3
630483, 3
469473, 3
180202, 3
149422, 3
347818, 3
315187, 3
181197, 3
98054, 3
237876, 2
597293, 3
581425, 3
643520, 3
570491, 3
646051, 3
235599, 3
414001, 3
70374, 3
613607, 3
620247, 3
435625, 3
507986, 3
399808, 3
26720, 3
193885, 1
290358, 3
477138, 3
615544, 3
511176, 3
66260, 3
29979, 3
447083, 3
613806, 3
248642, 3
513979, 3
235224, 3
151635, 3
632985, 3
296342, 3
572782, 2
302018, 3
439637, 3
278027, 3
88310, 2
271908, 3
470637, 3
336255, 3
39845, 3
200064, 3
416335, 3
202619, 3
45576, 3
162359, 3
164355, 3
599137, 3
447775, 3
607532, 3
532819, 3
402789, 3
521746, 3
175827, 3
327787, 1
154415, 3
622275, 3
567672, 3
438100, 3
362412, 3
205072, 3
302546, 3
395566, 3
81101, 3
50424, 2
18066, 2
199102, 1
429414, 3
433089, 3
422290, 3
485300, 3
492144, 3
95913, 1
439820, 2
426146, 2
293062, 3
408503, 3
310430, 3
242806, 3
539852, 3
443392, 3
114138, 3
637656, 3
535627, 3
158669, 3
382456, 3
273177, 3
429049, 2
496316, 3
231732, 3
472066, 3
235045, 3
232640, 3
603137, 2
190161, 3
41612, 3
138113, 3
389766, 3
241525, 3
590999, 3
163730, 3
619926, 3
432610, 3
489347, 3
80601, 3
473004, 3
5663, 3
24664, 3
35652, 3
23464, 3
322675, 3
89035, 3
373900, 3
410677, 3
134982, 3
624037, 3
501248, 3
485874, 3
148557, 3
438666, 3
43817, 3
55712, 3
371093, 3
587004, 3
66437, 3
183763, 3
989, 3
84252, 3
352603, 3
445074, 3
160900, 3
498709, 3
600531, 3
276962, 3
73578, 3
158276, 3
532657, 3
610771, 3
43025, 3
74901, 3
526216, 3
486910, 3
191507, 3
294176, 3
185313, 3
310878, 3
577258, 2
210378, 3
499844, 3
468701, 3
392464, 3
469844, 3
143147, 2
465413, 3
267038, 3
3297, 3
484079, 3
366622, 3
44769, 3
450540, 3
632663, 3
566004, 3
301506, 3
275712, 3
380075, 2
498818, 3
69610, 3
510924, 2
313658, 3
36596, 2
519323, 3
398734, 3
318489, 3
366736, 3
573087, 3
447195, 3
538517, 3
123627, 3
594904, 3
460409, 3
646669, 3
578623, 3
612607, 3
476594, 3
210512, 3
211595, 3
204283, 3
604246, 3
544712, 3
270828, 3
454275, 3
79600, 3
576353, 2
418921, 3
639610, 3
75405, 3
585408, 3
83601, 3
644002, 3
628341, 3
254885, 3
213223, 3
8711, 3
341980, 3
450493, 2
197317, 3
55288, 3
234632, 3
138805, 3
430499, 3
354149, 3
658511, 3
56265, 2
445219, 3
500604, 3
640460, 3
441943, 3
163809, 3
500828, 3
558230, 3
491117, 3
604141, 3
521589, 3
91622, 3
593214, 3
206715, 3
378516, 3
265533, 2
125287, 3
525903, 3
410592, 3
211097, 3
356302, 3
46386, 3
597975, 3
535969, 3
470017, 3
198364, 3
149168, 3
331945, 3
290881, 3
192960, 3
108532, 3
123093, 3
566763, 3
617150, 3
424543, 3
594001, 3
512090, 3
71701, 3
660982, 3
89135, 3
483024, 3
167717, 3
332893, 3
639873, 3
606521, 3
361821, 3
366364, 3
221815, 3
243936, 3
503322, 3
60002, 3
493163, 3
211620, 3
218861, 3
583623, 3
194567, 3
498052, 3
124507, 3
478088, 3
148011, 3
519017, 3
443021, 3
297202, 3
338115, 3
607240, 3
268611, 3
539333, 3
105456, 3
433471, 3
40941, 3
149019, 3
664884, 1
412633, 3
271905, 3
439576, 3
54969, 3
415184, 3
557368, 3
521756, 3
463311, 3
414952, 3
632791, 3
419770, 3
492189, 3
304193, 3
320310, 3
349157, 3
380370, 3
611396, 3
155586, 3
281762, 3
68971, 3
58971, 3
191192, 3
57438, 3
618187, 3
496448, 3
49231, 3
458767, 3
73022, 3
66642, 3
582640, 3
560844, 3
412756, 3
583701, 3
488036, 3
403716, 3
80791, 3
463949, 1
408635, 3
26731, 3
38840, 3
349240, 3
47432, 3
143646, 3
532243, 1
553912, 3
602928, 3
138634, 3
531069, 3
592939, 3
269810, 3
505148, 3
166311, 3
488114, 3
566009, 3
619908, 3
35872, 3
33494, 2
479339, 3
467814, 3
378011, 3
124856, 3
379398, 2
126555, 3
420842, 3
616423, 3
440986, 3
315799, 3
389548, 3
78447, 3
567638, 3
622854, 3
196392, 3
173486, 3
636245, 3
106277, 3
247182, 3
286794, 3
624798, 3
97716, 3
174078, 3
125798, 3
424245, 3
294926, 3
315438, 3
560452, 3
120018, 3
176820, 3
604952, 2
303069, 3
21413, 3
623013, 3
148089, 3
327934, 3
370004, 3
189027, 3
549088, 3
37995, 3
647979, 3
592554, 3
478908, 3
362821, 3
612903, 3
27455, 3
646053, 3
144822, 3
494003, 3
622211, 3
563769, 3
288818, 3
94456, 3
170834, 3
647171, 3
473450, 3
140001, 2
195749, 3
262715, 3
336210, 2
172567, 3
263432, 3
493485, 3
521483, 3
539005, 3
19165, 3
448745, 3
30979, 1
30604, 3
495205, 3
556866, 2
480468, 3
405789, 3
349385, 3
630638, 3
161972, 3
216131, 3
187088, 3
68617, 3
61411, 3
618937, 3
10919, 3
108129, 3
509901, 3
186698, 3
249179, 3
413415, 3
215029, 3
633531, 3
57100, 3
219254, 3
320991, 3
450408, 2
175904, 3
425953, 3
156973, 3
114867, 3
300200, 3
507882, 3
563492, 3
40375, 3
664028, 3
77033, 3
125931, 3
57150, 3
15711, 3
357034, 3
195024, 3
48958, 3
663055, 3
390796, 3
130391, 3
387794, 3
488386, 3
519309, 3
30137, 3
595094, 3
101799, 3
511663, 3
75866, 3
63516, 3
29770, 3
269107, 3
8547, 3
281520, 3
283245, 3
580733, 3
268437, 2
348391, 3
173861, 3
306904, 3
162254, 3
78002, 3
145436, 3
270357, 3
287829, 3
96318, 3
201173, 3
565476, 3
179705, 3
581480, 3
316358, 3
229199, 3
213862, 3
530379, 1
2909, 3
655358, 3
187882, 3
336475, 3
161016, 3
59491, 3
661981, 3
218407, 3
552202, 3
554875, 3
55524, 3
319282, 3
489012, 3
400333, 3
290849, 3
26322, 3
628565, 2
467788, 3
596670, 3
20851, 3
312234, 3
339836, 3
292413, 3
603422, 3
37505, 3
13043, 3
9509, 3
373537, 3
79849, 3
137690, 3
133461, 3
120169, 3
13231, 3
580599, 3
30707, 3
64050, 3
561217, 3
12829, 3
582385, 2
621061, 3
574542, 3
495051, 3
23379, 3
468636, 2
21599, 1
57233, 3
242816, 3
629889, 3
47386, 3
420150, 3
103163, 3
244422, 3
134487, 3
603981, 3
643244, 3
345518, 3
191981, 2
31716, 3
347888, 3
438050, 3
207495, 3
34392, 3
40399, 3
267772, 3
20919, 3
244282, 3
316828, 3
73807, 3
313396, 3
564186, 3
59002, 3
168038, 3
210884, 3
620459, 3
452747, 3
145396, 3
228002, 3
502153, 3
184979, 3
236769, 3
473339, 3
628204, 3
56976, 3
514819, 3
367376, 3
128448, 3
20061, 3
625794, 3
579848, 3
643174, 3
264038, 3
582703, 3
335421, 3
379786, 3
204516, 3
493444, 3
128506, 3
247603, 3
130929, 3
308281, 3
436277, 3
286154, 1
73328, 3
504584, 3
284455, 3
92120, 3
66737, 3
245157, 3
261518, 3
585823, 3
537444, 3
288698, 3
162306, 3
135299, 3
238140, 3
655461, 3
602757, 3
380823, 3
208543, 3
433165, 3
575412, 3
56307, 3
498801, 3
292545, 3
562300, 3
467907, 3
255680, 3
385641, 2
447145, 2
260079, 3
210825, 3
544047, 3
14175, 3
197742, 2
10145, 3
454307, 3
166508, 3
388906, 3
1135, 3
236467, 3
484397, 3
129424, 3
2697, 3
95624, 3
587877, 3
376540, 3
171088, 3
439345, 3
209027, 3
500171, 3
68601, 3
463913, 3
82531, 3
433317, 3
34199, 3
538817, 3
294976, 3
486238, 3
484185, 3
409510, 3
528365, 3
437214, 3
547430, 3
119355, 3
515446, 3
313660, 3
23848, 3
330150, 3
523344, 3
306181, 3
406401, 3
538388, 3
433142, 3
361808, 3
113557, 3
303097, 3
479407, 3
17061, 3
595701, 3
463634, 3
396870, 3
222923, 3
625589, 3
174732, 3
49188, 3
638265, 3
358275, 3
653919, 3
79965, 3
349348, 3
146305, 3
85254, 3
575891, 3
16651, 3
254509, 3
291193, 1
237585, 3
520188, 3
239472, 3
41219, 3
248777, 3
80955, 3
334797, 3
457126, 3
205255, 3
83303, 3
230150, 3
366721, 3
364336, 3
428426, 3
322883, 2
78685, 3
650117, 3
283901, 3
483493, 3
89503, 3
129726, 3
143125, 3
356676, 3
642369, 3
94043, 3
306702, 3
665308, 3
507518, 1
532503, 3
572411, 3
443835, 3
624565, 3
465761, 3
78530, 3
164539, 3
177106, 3
504864, 3
605566, 3
246724, 3
346275, 3
222791, 3
348864, 3
372678, 3
94329, 3
78689, 3
589824, 3
122681, 3
494376, 3
209387, 1
103404, 3
360927, 3
604958, 3
314747, 3
540206, 3
20018, 3
18386, 3
657254, 3
165698, 2
373611, 3
12091, 3
369012, 3
592085, 3
498011, 3
267331, 3
96122, 3
99392, 3
7440, 3
536533, 3
489544, 3
25937, 3
393612, 3
649331, 3
474152, 3
642520, 3
601673, 3
338409, 3
66732, 3
401599, 3
447710, 3
150769, 3
581584, 3
82698, 3
383771, 3
345602, 2
29385, 3
110476, 3
204065, 3
311262, 3
429762, 3
213324, 3
40664, 3
423916, 3
644674, 3
193775, 3
152614, 2
531920, 3
611941, 3
628749, 3
584487, 3
548635, 3
151819, 3
447024, 3
178950, 3
475456, 3
500075, 3
382042, 3
577231, 3
662996, 3
472856, 3
363724, 3
89304, 3
160415, 3
473855, 3
331876, 3
382748, 3
315763, 3
414808, 3
187030, 3
8956, 3
274965, 3
294667, 3
67044, 3
398546, 3
317068, 3
287983, 3
279800, 3
580423, 3
310432, 3
140744, 3
343354, 3
163655, 3
552020, 3
161660, 3
47265, 3
520233, 3
94942, 3
546847, 3
351793, 3
137458, 3
301052, 3
366504, 3
502699, 3
129067, 3
457893, 3
582779, 3
340099, 3
551672, 3
567127, 3
650257, 3
127184, 3
380417, 3
654219, 3
560861, 3
430281, 3
291958, 3
508995, 2
565800, 3
526070, 3
376313, 3
560546, 3
646375, 3
287424, 3
416051, 3
601929, 3
305823, 3
392350, 3
245966, 3
48646, 3
136837, 3
472709, 3
25962, 3
35123, 2
224857, 3
612040, 3
375394, 3
166872, 3
257452, 3
511195, 3
555456, 3
228072, 3
143005, 3
563320, 3
203918, 3
640237, 3
653574, 3
398931, 3
40743, 3
318728, 3
375135, 3
301490, 3
531277, 3
97027, 3
521360, 3
119528, 3
275143, 3
334365, 3
382018, 3
137184, 3
69561, 3
614818, 3
300443, 3
511494, 2
436300, 3
158139, 3
480302, 3
644638, 3
533534, 3
282332, 3
270351, 3
35628, 3
209014, 3
502127, 3
463977, 3
333447, 2
301247, 3
554991, 3
307562, 3
15346, 3
138549, 3
451261, 2
362290, 2
130658, 3
618216, 3
353800, 3
337135, 3
537892, 3
560686, 3
549146, 3
34452, 3
575108, 3
364232, 3
119505, 3
14622, 3
178199, 3
121660, 3
531667, 3
305233, 3
107111, 3
414493, 3
457908, 3
263348, 3
214145, 3
459432, 3
603914, 2
600396, 1
540969, 3
587040, 2
229025, 3
124342, 3
390671, 3
271177, 3
506037, 3
616975, 3
171467, 3
48712, 3
556246, 3
598220, 3
504657, 3
494136, 3
565380, 3
306788, 3
275785, 3
302714, 3
351036, 3
560858, 3
336179, 3
54753, 3
528115, 3
141200, 3
324571, 3
3720, 3
427611, 3
105002, 3
119992, 3
571834, 3
480748, 3
308572, 3
211486, 3
147707, 3
329073, 3
210832, 3
577427, 3
13496, 3
325591, 3
574165, 3
169945, 3
221455, 3
550237, 3
333461, 3
294711, 3
646497, 3
483901, 3
583362, 3
211161, 3
337258, 2
540054, 3
425641, 3
468148, 3
135211, 2
122700, 3
444406, 3
661543, 3
177737, 3
147246, 3
343091, 1
175255, 3
372347, 3
277822, 3
541343, 3
299587, 3
10283, 3
95142, 3
163040, 3
447790, 3
548121, 3
214216, 3
332071, 3
108075, 3
588960, 3
424941, 3
653133, 3
267114, 3
226462, 3
601236, 3
509562, 3
439001, 3
640270, 3
240824, 3
1751, 3
301642, 2
508731, 3
625021, 3
535355, 3
368918, 3
538806, 3
573290, 3
104129, 3
33117, 3
307164, 3
264178, 3
575007, 3
91523, 3
492832, 3
625692, 3
301825, 3
496570, 3
527908, 3
139542, 3
467380, 3
502891, 3
67884, 3
138554, 3
199239, 3
25174, 3
300136, 3
89344, 3
402303, 3
307802, 3
259725, 3
651398, 3
172321, 3
442270, 3
316773, 3
601672, 3
354427, 3
571096, 3
368853, 3
414041, 3
427691, 3
277471, 3
164400, 3
601426, 3
72174, 3
485331, 3
99860, 3
129506, 3
598626, 3
399651, 3
81030, 3
515366, 3
327587, 3
348920, 3
635732, 3
513119, 3
88714, 3
481275, 3
122646, 3
103972, 3
182322, 3
608985, 3
352564, 3
640532, 3
435176, 3
171852, 3
221808, 3
272624, 3
244358, 3
431356, 3
55785, 3
79090, 3
246948, 3
623027, 3
26357, 3
150028, 3
585488, 3
603211, 3
257710, 3
537954, 3
652822, 3
207718, 3
645841, 3
231978, 3
236061, 3
357190, 3
19335, 3
64100, 3
645252, 1
617549, 3
206279, 3
620663, 3
291951, 3
153903, 3
166457, 3
629839, 3
209676, 3
314357, 3
406037, 3
548593, 3
21652, 3
37946, 3
425394, 3
227655, 3
229505, 3
592949, 1
151092, 3
362746, 3
541249, 2
378943, 3
290259, 3
397377, 3
255118, 3
532144, 3
124080, 3
224821, 3
62386, 3
429100, 3
603702, 3
313472, 3
133952, 3
85035, 3
349194, 3
64448, 3
23415, 3
367760, 3
115249, 3
220353, 3
56739, 3
402741, 3
4778, 3
572228, 3
326312, 3
165812, 3
653673, 1
651645, 3
161288, 3
316711, 3
100686, 3
561042, 3
117351, 3
280795, 3
188587, 3
432059, 3
58388, 3
615594, 3
523836, 3
227413, 3
44533, 3
117586, 3
301225, 3
287548, 3
453878, 3
317012, 3
542984, 3
85699, 3
243681, 3
232417, 3
420381, 3
588719, 3
36394, 3
376452, 3
442282, 3
297038, 1
490511, 3
341638, 3
494436, 3
224436, 2
146463, 3
233131, 3
517918, 2
66251, 3
471752, 3
290437, 3
224074, 3
337772, 3
174880, 3
442570, 3
16976, 3
99585, 3
208582, 3
396370, 3
360173, 3
269125, 3
323001, 3
540093, 3
21457, 3
620225, 3
55948, 3
290615, 3
16879, 3
454079, 3
309296, 3
416260, 3
309745, 3
556139, 3
593394, 3
106865, 3
298172, 3
94520, 3
313250, 3
48450, 3
321592, 3
611585, 3
211627, 3
358995, 3
646116, 3
26459, 3
579116, 3
21559, 3
242315, 3
93876, 3
81965, 3
252943, 3
354480, 3
314892, 3
470190, 3
600232, 3
488330, 3
168984, 3
234572, 3
90513, 3
46571, 3
185871, 3
17435, 3
348018, 3
7710, 3
130734, 3
642545, 3
541315, 3
402544, 3
124882, 3
43219, 3
399077, 3
648994, 3
254676, 3
204867, 3
33270, 3
446653, 3
175080, 3
119298, 3
140115, 1
415468, 3
225403, 3
141485, 3
185415, 3
563088, 3
99931, 3
599599, 3
585508, 3
296860, 3
196081, 3
81302, 3
596633, 3
569217, 3
448471, 3
275587, 3
627462, 3
442620, 3
88146, 1
503101, 3
642806, 3
254585, 3
587358, 3
544486, 3
21126, 3
39857, 3
35904, 3
470026, 3
376390, 3
591268, 3
559808, 3
181061, 3
93453, 3
104510, 2
490689, 3
265489, 3
21662, 3
493029, 3
513209, 3
104929, 3
302903, 3
370175, 3
23365, 3
332620, 3
366191, 3
348903, 3
335521, 3
217994, 3
128353, 3
226459, 3
279328, 3
631745, 3
138446, 3
168703, 3
142119, 3
77591, 3
107641, 3
44701, 3
236324, 3
117714, 3
418671, 3
621246, 3
59869, 3
642435, 3
600404, 1
147657, 3
593852, 3
148799, 3
539966, 3
504466, 3
317392, 3
588388, 3
207509, 3
294085, 3
626354, 3
275858, 3
239720, 3
172105, 3
213901, 3
12052, 3
33991, 3
343917, 3
225707, 3
370532, 2
598591, 3
277496, 3
166272, 3
532797, 3
51742, 3
276628, 3
530725, 3
484247, 3
463598, 3
111406, 3
610423, 3
418563, 3
516021, 3
581763, 3
397456, 3
372716, 3
348910, 3
491487, 2
468866, 3
1277, 3
359770, 3
136103, 3
484610, 3
656737, 2
423773, 3
609368, 3
40186, 3
476420, 3
192947, 3
230535, 3
365560, 3
49206, 3
171326, 3
152451, 3
419146, 3
471090, 3
166996, 3
198217, 3
253420, 1
21761, 3
344438, 3
467098, 3
6746, 3
462708, 3
408533, 3
291918, 3
568855, 3
397631, 3
381722, 3
603048, 3
545885, 3
359558, 3
580617, 3
578582, 3
41247, 3
419886, 3
213516, 3
342739, 3
67815, 3
56652, 3
7735, 3
83812, 3
650189, 3
619899, 3
532167, 3
571672, 3
263494, 3
203513, 3
660405, 3
224426, 3
414497, 3
60396, 3
458059, 3
23729, 3
521892, 3
229416, 3
138296, 3
2324, 3
283176, 3
187754, 3
214641, 3
342060, 3
531625, 3
381996, 3
257510, 3
521344, 3
192145, 3
221322, 3
58131, 3
97039, 3
21229, 2
359489, 3
73641, 3
79675, 3
464325, 3
253551, 3
164893, 3
568605, 3
235722, 2
526453, 3
530666, 3
55398, 3
152866, 3
208229, 3
100227, 3
476158, 3
21279, 3
40558, 3
241456, 3
97589, 3
660218, 2
273731, 3
527329, 3
209036, 3
422292, 3
318570, 3
519314, 3
494781, 3
209754, 3
134984, 3
333729, 3
262233, 3
376237, 3
641519, 3
612736, 3
155453, 3
63712, 3
280145, 3
252987, 3
610795, 3
637605, 3
576370, 3
50011, 3
283317, 3
340861, 3
17211, 3
122002, 3
119717, 3
340060, 1
81549, 3
27530, 3
212743, 3
513831, 3
395270, 3
372227, 2
253837, 2
214001, 2
525880, 3
278872, 3
126906, 3
648120, 3
333170, 3
648453, 3
151190, 2
253882, 3
188515, 3
369741, 3
95613, 3
637587, 3
440454, 3
326050, 3
598098, 3
244087, 3
134051, 3
174080, 3
147592, 3
519969, 3
490905, 3
34507, 2
394440, 3
294485, 3
321305, 2
660944, 3
65039, 3
411566, 3
240636, 3
391079, 3
15239, 3
112468, 3
387064, 3
392043, 3
289030, 3
250812, 3
273645, 3
664479, 3
449344, 3
162843, 3
495955, 3
207306, 3
496664, 3
176342, 3
600527, 3
495268, 3
540353, 3
427881, 3
636829, 3
451343, 2
640925, 3
617120, 3
401982, 3
326890, 3
213860, 3
600217, 3
453337, 3
594030, 2
470145, 3
518056, 3
437176, 3
156854, 3
504752, 3
656776, 3
31061, 3
432041, 3
452549, 3
564560, 3
28180, 3
109546, 3
216024, 3
8649, 3
354425, 3
55241, 3
552027, 3
96979, 3
151481, 3
193530, 3
409691, 3
204112, 3
133449, 3
355110, 3
552848, 3
226487, 3
497887, 3
533137, 3
644330, 3
255322, 3
455795, 3
585207, 3
57709, 3
537750, 3
192970, 3
537667, 3
47458, 3
256069, 3
52423, 3
502607, 3
67401, 3
515276, 3
409394, 3
93320, 3
429140, 3
445834, 3
216173, 3
10449, 3
450999, 3
322205, 2
472283, 3
359780, 3
191827, 3
521014, 3
385336, 3
388107, 3
29277, 3
111547, 3
542589, 3
86440, 3
195532, 3
466070, 3
486789, 3
431254, 3
194633, 3
379139, 2
531981, 3
190890, 3
256160, 3
122801, 3
637980, 3
651587, 3
35490, 2
408034, 3
650073, 3
57486, 3
147920, 3
628574, 3
34455, 3
592895, 3
381604, 3
169974, 3
28270, 3
269901, 3
153140, 3
636667, 3
311063, 3
51241, 3
344607, 3
464950, 3
589711, 3
182237, 3
357093, 3
245465, 3
145247, 3
81079, 3
31731, 3
431320, 3
66200, 3
187652, 3
130302, 3
613572, 3
243232, 3
305099, 3
326611, 3
260430, 3
352827, 3
314057, 3
258029, 3
476828, 3
325473, 3
539446, 3
88591, 3
398681, 3
305539, 3
50173, 3
27208, 3
466768, 2
446141, 3
592099, 3
406577, 3
99445, 3
46240, 3
125874, 3
359311, 3
222087, 3
588926, 3
416851, 3
497434, 3
411114, 3
128093, 3
533901, 3
54396, 3
170215, 3
569415, 3
59574, 3
160224, 3
150324, 3
200458, 3
349171, 3
188932, 3
633187, 3
276442, 3
593906, 3
584160, 3
549943, 3
609244, 3
423384, 3
219550, 3
499941, 3
80019, 3
580390, 3
511827, 3
444689, 3
579299, 3
448582, 3
52006, 3
423971, 3
4741, 3
124797, 3
365641, 3
138845, 3
558937, 2
215099, 3
6218, 3
388097, 3
349971, 3
448040, 3
557839, 3
358831, 2
240578, 3
196878, 3
347764, 3
565134, 3
232179, 3
525944, 3
571381, 3
244844, 3
314685, 3
48550, 3
530142, 3
469728, 3
118722, 3
596094, 3
196502, 3
245105, 3
67931, 3
271949, 3
158812, 3
401307, 3
638242, 3
67424, 3
600213, 3
497679, 3
118838, 3
43786, 1
134799, 3
201674, 3
500011, 2
168574, 3
137130, 3
498567, 3
508304, 3
143828, 3
370761, 3
233058, 3
181262, 3
649196, 3
574030, 3
429483, 3
19634, 3
452451, 2
518959, 3
502409, 3
473070, 3
608468, 3
15271, 3
370132, 3
655459, 3
30332, 1
77143, 3
204004, 3
355216, 3
401008, 3
429088, 3
525391, 3
434777, 3
252361, 3
21565, 3
350716, 3
658747, 3
142459, 3
138361, 2
399952, 3
214196, 3
23120, 3
312316, 3
261027, 3
538655, 3
209162, 1
290784, 3
68919, 3
236498, 3
170380, 3
647639, 3
88581, 3
249581, 3
563382, 3
517782, 3
358444, 3
56150, 3
21375, 3
156519, 3
617806, 3
305604, 2
568316, 3
324833, 3
570169, 3
276810, 3
453731, 3
94279, 3
427199, 3
537641, 3
303774, 3
632095, 3
41485, 3
131077, 3
620344, 3
516045, 3
371826, 3
429921, 2
633234, 3
314272, 3
623379, 3
178604, 3
141681, 3
386210, 3
182602, 2
174772, 3
226533, 2
428632, 3
493965, 3
281361, 3
103337, 3
629547, 3
657545, 3
216316, 3
298478, 3
483949, 3
155979, 3
70847, 3
583636, 3
85503, 3
565736, 2
605781, 3
452574, 3
289121, 3
429842, 3
599011, 3
594052, 3
596667, 3
235401, 3
601245, 3
80441, 3
330568, 3
530386, 3
139213, 3
206105, 3
46040, 3
247851, 3
633571, 3
262487, 3
449403, 3
105345, 3
209491, 3
592101, 3
306237, 3
86060, 3
319427, 3
326266, 3
19558, 3
599420, 3
486290, 3
276477, 3
347597, 3
214791, 3
48952, 3
54913, 3
264545, 3
10307, 3
176055, 3
301837, 3
613446, 3
532387, 3
551885, 3
406384, 3
384477, 3
183129, 3
79954, 3
166815, 3
275659, 3
507799, 3
540660, 3
594205, 3
54264, 3
2837, 3
453197, 3
11978, 3
318902, 3
585086, 3
583181, 3
303327, 3
558557, 3
344830, 3
45101, 3
355745, 3
585749, 3
403749, 3
398571, 3
373609, 3
441541, 3
81062, 3
48888, 3
14383, 3
237116, 3
502340, 1
591472, 3
519110, 3
589533, 3
615086, 3
419116, 3
492036, 3
618492, 3
231361, 3
393115, 3
111548, 2
236718, 3
399931, 2
587398, 3
573235, 3
284903, 3
11918, 3
47947, 3
378760, 3
595502, 3
27778, 3
187362, 3
321099, 3
422593, 3
1069, 3
283565, 3
537545, 3
123111, 3
313284, 3
465623, 3
293037, 3
108144, 3
447240, 3
96878, 2
572570, 3
204372, 3
603184, 3
379456, 3
563674, 3
114593, 3
560700, 3
354645, 3
519766, 3
488638, 3
543084, 3
317529, 3
10288, 3
159848, 3
27110, 3
422668, 3
90431, 3
632578, 3
176477, 3
635657, 3
436640, 3
269064, 3
161753, 3
496414, 3
252477, 3
458445, 3
348618, 3
103963, 3
133460, 3
360086, 3
202998, 3
141713, 3
441297, 3
101845, 3
312830, 3
50381, 3
510478, 3
327162, 3
208484, 3
89026, 3
507277, 3
157261, 3
594221, 3
196079, 1
330497, 3
58658, 3
529326, 3
625050, 3
57584, 3
564314, 3
35910, 3
24018, 3
386470, 3
439641, 3
450111, 3
98230, 3
498778, 3
295736, 3
478594, 3
61944, 3
91375, 3
568204, 1
304898, 3
530103, 3
417358, 3
514847, 3
523631, 3
453802, 3
78101, 3
77786, 3
633045, 3
295641, 3
521406, 3
395835, 3
528161, 3
71649, 3
405859, 3
511537, 3
145664, 3
48121, 3
309772, 3
224309, 3
415754, 3
224166, 3
487008, 3
38953, 3
461544, 3
378763, 3
151276, 3
585790, 2
317871, 3
128400, 3
453585, 3
385928, 3
168822, 3
165744, 3
41320, 3
455185, 3
285491, 3
367019, 3
565117, 2
408835, 3
625491, 3
31748, 3
652357, 3
191319, 3
401197, 3
105174, 3
391174, 3
135328, 3
559618, 3
182655, 3
303894, 3
367882, 3
79561, 3
582063, 3
68246, 3
175332, 3
581966, 3
343535, 3
514121, 3
220618, 3
194896, 3
549419, 3
608287, 3
325715, 3
323937, 3
132112, 3
434770, 3
471271, 3
113288, 3
556641, 3
351739, 3
427321, 3
642933, 3
441693, 3
59791, 3
222559, 3
450869, 2
401876, 3
566435, 3
106438, 3
377245, 3
6659, 3
468081, 3
242760, 3
312742, 3
220889, 3
276013, 3
527869, 3
421434, 3
382225, 3
45123, 3
101679, 3
197540, 3
594080, 3
343739, 3
124518, 3
222956, 3
161504, 3
522286, 2
42222, 1
637869, 3
128045, 3
45681, 3
393885, 3
274302, 3
377534, 3
263576, 3
443862, 3
146237, 3
224123, 3
97841, 2
347581, 3
285425, 3
118029, 3
522311, 2
629434, 3
328946, 3
158915, 3
618892, 3
378713, 3
318822, 3
334406, 3
179965, 3
92711, 3
324919, 3
559855, 3
31273, 3
210764, 3
164851, 3
379983, 3
354523, 3
615215, 3
508081, 3
392908, 3
522721, 3
337381, 3
570264, 3
623683, 3
482841, 3
66360, 3
569604, 3
508538, 3
331996, 3
198846, 2
499412, 3
150759, 3
381397, 3
403192, 3
383614, 3
558827, 3
454213, 3
663807, 2
580502, 3
177453, 3
63816, 3
539630, 3
357880, 3
352693, 3
430096, 3
270139, 3
275493, 3
625602, 3
68520, 3
278643, 3
264412, 3
378730, 2
360155, 3
173838, 3
182474, 2
246471, 3
270845, 3
300782, 3
579925, 3
650409, 3
626767, 3
33289, 3
106049, 3
234187, 3
622639, 3
469815, 3
204001, 3
328632, 1
552416, 3
28813, 3
88428, 3
662279, 3
463818, 3
130169, 3
345594, 3
310824, 3
500456, 3
558402, 3
79451, 3
139416, 3
246546, 3
589250, 3
380524, 3
28469, 3
50045, 1
200980, 3
499603, 3
279325, 3
578726, 3
249382, 3
150243, 3
289908, 1
575336, 2
316356, 3
410169, 3
89379, 1
331521, 3
25563, 3
167390, 3
307676, 3
417557, 3
313032, 3
661698, 3
316344, 3
530615, 3
217160, 2
643752, 3
294915, 3
431732, 1
544825, 3
591726, 3
538903, 3
193567, 3
377379, 3
604497, 3
562212, 3
592449, 3
652406, 3
664088, 3
518517, 3
294791, 3
224991, 3
91988, 3
661649, 3
586467, 3
12770, 3
602713, 3
646790, 3
518582, 3
296590, 3
341005, 2
643193, 3
116007, 3
216636, 3
56586, 3
638626, 3
613417, 3
655163, 3
87647, 3
498790, 3
27848, 3
606744, 3
658945, 3
275198, 3
195639, 3
239232, 3
660745, 2
10654, 3
303681, 3
262486, 3
461835, 3
5197, 3
309724, 3
103206, 3
447950, 3
229820, 3
637065, 3
647744, 2
371792, 3
183454, 3
55439, 3
465375, 3
4052, 3
229959, 3
634934, 3
416595, 3
363004, 3
516431, 3
72965, 1
489450, 3
170376, 3
193190, 3
265385, 3
132570, 3
120061, 3
121531, 3
297857, 3
477055, 3
13982, 3
540161, 3
299114, 3
319731, 3
34942, 3
249241, 2
552839, 3
74311, 2
124455, 3
394660, 3
516661, 3
166099, 3
470993, 3
99640, 3
443705, 3
172175, 3
519205, 3
398922, 3
567064, 3
131322, 2
214878, 3
292175, 3
663347, 2
643070, 3
607487, 3
636435, 3
14277, 3
655868, 3
135036, 3
485769, 3
386257, 3
498287, 3
572347, 3
328363, 3
642070, 3
463168, 3
164519, 3
404796, 3
466087, 3
377674, 3
159474, 3
540125, 3
111070, 3
462293, 3
438547, 3
664314, 3
212987, 3
263789, 3
26674, 3
15169, 3
312835, 3
221487, 3
608826, 3
542837, 3
37457, 3
458671, 3
364280, 3
256137, 3
104526, 3
619712, 3
477420, 3
583358, 3
24683, 3
588637, 3
124052, 3
507328, 3
45132, 3
320939, 3
153402, 3
589639, 3
367382, 3
558097, 3
661066, 3
214036, 3
602347, 3
653170, 3
44786, 3
127474, 3
358767, 3
312836, 3
405256, 3
615484, 3
83012, 3
367528, 3
500915, 3
242251, 3
106831, 3
568681, 1
447168, 3
61625, 3
136446, 2
297503, 3
585124, 3
557224, 3
479916, 3
115980, 3
334177, 3
313765, 3
490146, 3
194033, 3
292963, 3
394824, 3
296161, 3
275820, 3
188271, 3
268189, 3
48803, 3
458154, 3
247280, 3
15623, 3
520123, 3
520656, 3
41762, 3
79895, 3
476920, 3
637005, 3
471280, 3
401946, 3
199692, 3
467641, 3
146638, 3
101645, 3
79817, 3
208119, 3
252172, 3
66216, 3
196532, 3
468682, 3
255573, 3
355827, 3
14916, 3
351613, 3
143272, 3
559711, 3
115674, 3
631509, 3
306707, 3
149539, 3
117581, 3
650808, 3
6190, 3
273007, 3
514545, 3
206567, 3
122623, 3
436234, 3
114735, 3
485517, 3
152207, 1
408674, 3
471594, 3
365680, 3
50294, 3
518234, 3
3862, 3
480406, 3
180062, 3
444335, 3
132254, 3
391171, 3
21878, 3
254669, 3
352506, 3
199095, 3
249348, 3
340417, 3
259151, 3
91302, 3
651641, 3
600643, 3
401561, 3
545740, 3
425834, 3
241236, 3
657345, 3
399369, 3
228049, 3
310395, 3
564822, 3
593197, 3
4411, 3
649042, 3
502632, 3
515580, 3
502615, 3
209236, 1
147734, 3
9420, 3
44475, 3
96948, 3
109083, 3
140949, 3
156040, 3
497394, 3
91705, 3
71025, 3
663849, 2
583268, 3
104534, 3
345318, 3
92776, 3
130653, 3
244987, 3
475935, 3
358482, 3
525780, 3
638456, 3
289998, 3
486961, 3
304685, 3
610992, 3
603576, 3
627749, 3
361465, 3
145985, 3
373952, 3
170895, 3
330147, 3
251241, 3
511922, 3
515763, 3
492859, 3
393529, 3
538948, 3
10599, 3
65962, 3
473591, 3
20315, 3
250532, 3
561749, 3
110431, 3
18905, 3
66332, 3
438485, 3
79550, 3
12075, 3
398809, 3
3600, 3
500887, 3
232654, 3
382493, 3
222868, 3
382830, 3
4167, 3
155455, 3
318229, 3
448213, 3
350675, 3
157919, 3
295696, 3
405588, 3
326654, 3
548541, 3
418953, 3
298028, 3
29487, 3
257651, 3
237529, 3
489681, 3
198870, 3
331558, 3
475574, 3
648931, 3
435428, 3
435577, 3
647067, 3
440734, 3
386572, 3
48800, 2
626227, 3
335330, 3
382047, 3
189526, 3
410900, 3
80820, 1
25467, 3
426099, 3
620414, 3
366957, 3
63375, 3
251064, 3
190013, 2
446822, 3
594945, 3
321830, 3
573202, 3
48239, 3
487027, 3
434437, 3
311010, 3
55592, 3
84190, 3
443700, 3
663264, 3
5734, 3
15674, 3
546344, 3
45076, 1
211206, 3
88766, 3
210070, 3
415692, 3
303205, 3
637824, 3
36260, 2
425066, 3
241152, 3
117646, 3
320143, 3
510861, 3
567934, 3
69043, 3
159189, 3
137285, 3
254045, 3
592292, 3
303468, 2
250092, 3
637275, 3
190629, 3
306245, 3
594332, 3
474724, 3
649369, 3
4648, 3
539393, 3
107150, 3
638295, 3
523880, 3
639869, 3
55577, 3
394194, 3
371114, 3
81760, 3
165852, 3
636505, 3
600353, 1
212133, 3
571121, 3
194702, 3
444025, 3
230322, 3
579394, 3
78869, 3
532086, 3
422874, 3
467805, 3
381266, 3
367867, 3
249482, 3
639093, 3
109850, 3
186648, 3
462288, 3
377055, 3
337108, 3
169510, 3
167035, 3
617627, 3
427642, 3
81672, 3
289177, 3
14644, 3
59183, 3
51175, 3
659243, 3
645851, 3
502685, 3
90395, 3
74440, 3
86880, 3
517462, 3
310031, 3
37761, 3
630478, 3
518323, 3
139361, 3
256010, 3
197240, 3
174341, 3
35360, 3
593319, 3
468189, 3
195212, 3
334394, 3
557942, 3
234959, 3
520445, 3
451245, 3
466806, 3
467424, 3
4984, 3
620115, 3
618832, 3
54154, 3
232766, 3
539287, 3
272832, 3
22922, 3
536034, 3
501618, 3
73429, 3
525061, 3
541878, 3
41939, 3
566875, 3
529178, 1
326002, 3
319878, 3
626243, 3
167412, 3
327005, 3
84114, 3
547818, 3
418145, 3
223272, 3
532098, 3
438217, 3
409369, 3
555490, 3
183545, 3
303761, 3
179183, 3
318663, 3
575698, 1
399768, 3
567634, 3
418705, 3
197381, 3
246697, 3
33636, 3
219808, 3
94507, 3
190786, 3
497067, 3
320839, 3
420848, 3
262688, 1
604719, 3
42464, 3
161200, 3
87263, 3
212683, 3
538138, 3
157019, 3
553031, 3
76297, 3
564194, 3
224442, 3
200631, 3
664012, 3
471824, 3
435722, 3
365700, 3
498046, 3
163451, 3
210947, 3
56130, 3
98564, 3
120817, 3
402149, 3
380296, 3
394911, 3
105756, 3
492952, 3
248443, 2
142731, 3
528897, 1
98352, 3
527313, 2
409130, 3
645540, 3
119785, 3
46453, 3
283656, 3
47295, 3
205943, 3
54028, 3
658909, 3
393210, 3
571264, 3
344496, 3
627150, 3
283611, 2
604034, 3
63147, 3
52280, 3
7326, 3
320619, 3
509760, 3
312298, 3
263244, 3
492217, 3
646772, 3
349938, 3
35491, 3
268596, 3
522586, 1
603787, 3
55619, 3
606834, 3
68035, 3
648905, 3
370291, 3
191182, 3
433928, 3
303860, 3
263298, 3
470446, 3
210013, 3
180328, 3
602197, 3
78510, 3
3684, 3
90075, 3
589856, 3
592353, 3
81538, 3
513731, 3
593985, 3
288492, 3
568822, 3
186691, 3
417699, 1
328732, 3
13011, 3
439618, 3
486050, 3
245174, 3
32392, 1
16182, 3
367530, 3
173017, 3
488476, 3
16567, 3
225017, 3
664298, 3
338836, 3
189569, 3
599637, 3
238561, 3
106338, 3
595828, 3
622668, 3
228469, 3
270183, 3
529300, 3
230488, 3
38432, 3
163616, 3
335215, 3
517077, 3
296259, 3
330247, 1
184169, 3
528437, 3
556772, 3
148326, 3
141393, 1
99600, 3
62605, 3
235242, 3
456845, 3
326025, 3
124385, 3
399505, 3
408304, 3
91923, 3
237688, 3
294156, 3
437865, 3
554646, 3
466132, 3
173279, 3
78953, 3
513917, 3
72952, 3
508414, 3
593365, 3
300672, 3
372644, 3
551176, 3
465889, 3
591148, 3
458138, 3
37328, 2
530803, 1
520086, 2
80544, 3
195953, 3
321109, 3
377108, 3
327155, 3
462882, 3
568071, 3
561758, 3
567338, 3
44358, 3
22916, 3
640380, 3
512731, 3
661446, 3
418272, 3
521973, 3
336602, 3
55837, 3
317280, 3
44376, 3
450492, 3
259732, 3
51927, 3
448837, 3
317822, 3
222554, 3
27607, 3
585849, 3
256735, 3
75515, 3
271591, 3
239056, 2
463350, 3
366101, 3
379900, 3
431195, 3
184885, 2
571191, 3
514133, 2
437222, 3
467124, 3
541309, 3
210484, 3
523062, 3
218801, 3
19000, 1
99720, 3
262535, 3
356106, 3
224562, 3
280614, 3
337610, 3
591778, 3
387980, 3
98648, 3
227449, 3
189772, 3
297530, 3
461844, 3
777, 3
335319, 3
209544, 3
408614, 3
444118, 3
285523, 3
106353, 3
562379, 3
299448, 2
360656, 3
405695, 3
593876, 3
515414, 3
483118, 3
508379, 3
6713, 3
94587, 3
337583, 3
226178, 3
128654, 3
330026, 3
156678, 3
149802, 3
455709, 3
80915, 3
428672, 3
176300, 3
299857, 3
308271, 3
368423, 3
10742, 3
86460, 3
352349, 3
194721, 3
384627, 3
283742, 3
33316, 3
169374, 3
574009, 3
498358, 3
224134, 3
113029, 3
63587, 3
248707, 3
54754, 3
188606, 3
172086, 3
102579, 3
131749, 3
482175, 3
528011, 1
313589, 3
659336, 3
524460, 3
253850, 3
187243, 3
421518, 3
451209, 3
460073, 3
446334, 3
474052, 3
98838, 3
147698, 3
513221, 3
482473, 3
614297, 3
121605, 3
31214, 3
557996, 3
425564, 3
246774, 3
394759, 3
165586, 3
168, 3
46400, 3
569832, 3
439319, 3
551180, 3
247982, 3
15478, 3
508441, 3
531802, 3
411013, 3
517498, 3
546644, 3
367798, 3
192292, 3
180687, 3
357807, 3
422540, 3
353488, 3
531241, 2
131262, 3
241448, 3
12061, 3
544945, 3
649873, 3
2655, 3
19413, 3
254792, 3
39934, 3
382165, 3
94136, 3
42733, 3
313771, 3
589304, 3
385806, 3
235891, 3
60887, 3
296299, 3
582471, 3
538152, 3
48088, 3
63985, 3
637445, 3
310498, 3
368284, 3
267159, 3
63510, 3
369632, 3
354052, 3
40340, 3
345209, 3
217740, 2
234092, 3
388851, 3
91808, 3
475627, 3
214770, 3
216056, 3
138237, 3
474827, 3
618495, 3
198686, 3
520620, 3
559280, 3
117511, 3
407271, 3
635723, 3
584781, 3
432322, 3
342706, 2
391125, 3
594077, 3
392683, 3
386202, 3
495138, 3
139161, 3
655025, 3
77711, 3
79151, 3
424929, 3
429096, 3
522271, 3
627542, 3
621313, 3
562483, 3
526542, 3
372627, 3
657873, 2
578823, 3
151648, 3
170836, 3
69852, 3
184110, 3
605908, 3
159815, 3
293707, 3
76855, 3
276619, 3
505025, 3
642556, 3
344832, 3
311217, 3
118366, 3
561245, 3
56425, 3
10739, 3
654578, 3
30545, 3
665228, 3
91030, 3
253830, 3
658395, 3
168694, 3
371503, 3
595752, 3
616830, 3
400923, 3
369421, 3
570505, 3
301800, 3
260409, 3
462240, 2
169131, 3
546835, 3
661036, 3
147982, 3
535973, 3
4772, 3
567641, 3
236073, 3
204876, 3
6240, 3
358908, 3
316276, 3
534196, 3
241810, 3
428379, 3
421732, 3
132795, 2
225482, 3
87123, 3
243577, 2
25304, 3
474289, 3
94750, 3
32279, 3
237668, 3
163711, 3
525063, 2
125770, 3
627111, 3
33412, 3
595856, 3
293312, 3
143652, 2
618579, 3
386542, 3
484528, 3
209072, 3
423137, 3
282139, 3
416836, 3
507311, 3
355414, 3
18026, 3
13452, 3
80035, 3
48342, 3
605092, 3
590347, 3
252567, 3
311473, 3
186935, 3
421767, 3
380741, 3
592241, 3
93073, 3
505133, 3
571846, 3
314532, 3
218886, 3
290068, 2
12045, 3
581101, 3
476324, 3
538075, 3
458695, 3
624112, 3
76821, 3
261377, 3
162911, 3
408071, 3
325517, 3
35423, 3
607950, 3
179624, 3
429150, 3
121569, 3
373579, 3
252149, 3
429890, 3
67054, 3
621963, 3
9459, 3
406824, 3
326966, 3
112285, 3
78627, 3
236416, 3
355338, 3
221528, 3
538044, 3
643167, 3
156723, 3
230403, 3
127248, 3
474623, 1
152760, 3
58731, 3
196068, 3
61796, 3
487086, 3
482760, 3
526133, 3
517977, 3
255607, 3
287108, 3
323986, 3
359716, 3
573333, 3
51950, 3
438000, 3
591466, 3
11082, 3
456012, 3
448422, 3
594492, 3
83716, 3
33909, 3
339957, 3
128875, 3
510192, 3
491229, 3
131394, 3
42540, 3
363123, 3
55876, 3
357950, 3
282008, 3
126418, 3
157039, 3
182692, 2
132697, 3
322047, 3
569806, 3
248316, 3
390190, 3
253038, 3
618215, 3
375924, 3
144626, 3
137946, 3
392294, 3
609989, 2
463584, 3
319506, 2
23780, 3
197916, 3
78419, 3
437127, 2
383752, 3
207049, 3
72386, 3
384109, 3
477774, 3
549908, 3
129125, 3
4417, 3
21977, 3
344596, 3
93188, 3
259410, 3
550189, 3
356336, 3
515385, 3
371843, 3
488885, 3
490593, 2
163389, 3
553340, 3
558512, 3
645004, 3
64601, 3
658891, 3
604867, 3
204185, 3
170802, 3
645549, 3
633991, 3
102625, 3
269025, 3
63195, 3
311198, 3
598812, 3
363914, 3
208338, 3
170583, 3
580966, 2
346058, 3
307031, 3
59047, 3
70480, 3
179879, 3
369287, 3
585598, 2
142778, 3
273202, 3
399761, 3
326586, 3
84710, 1
381486, 3
655633, 3
649783, 3
570647, 3
179129, 3
357921, 3
70459, 3
638402, 3
542683, 3
37580, 3
95205, 3
109946, 3
142821, 3
54101, 3
272692, 3
558327, 3
196456, 3
21115, 3
597119, 3
400040, 3
94504, 3
497363, 3
360394, 3
643906, 3
232426, 3
100171, 3
555578, 3
141840, 3
423598, 3
521255, 3
325570, 3
113732, 3
164522, 3
306840, 2
273770, 3
4397, 3
299220, 3
429633, 3
246025, 3
234910, 3
634468, 3
275115, 3
300174, 3
642298, 3
233213, 3
427362, 3
435056, 3
559517, 3
438878, 3
315541, 3
35635, 3
531451, 3
266911, 3
537322, 3
595336, 3
62067, 2
578019, 3
567204, 3
546470, 3
292084, 3
294008, 3
223905, 3
325666, 2
97537, 3
614495, 3
291206, 3
30456, 3
572049, 3
193855, 3
462943, 3
453144, 3
529480, 2
574775, 3
1645, 3
566707, 2
574722, 2
106762, 3
351868, 3
19859, 2
289557, 3
539300, 2
497251, 2
452945, 3
522424, 2
642593, 2
943, 3
260104, 2
609238, 3
136724, 3
129248, 3
376152, 3
396807, 3
347754, 3
446014, 3
381469, 3
143918, 3
355346, 3
495093, 3
558255, 3
367293, 3
60675, 2
659026, 3
284220, 3
5261, 3
12144, 3
412843, 3
594920, 3
27359, 3
548105, 3
453292, 3
379775, 3
469673, 1
576554, 3
641885, 3
107672, 3
144759, 3
533712, 3
351763, 3
72432, 3
621009, 3
102001, 3
271067, 3
384063, 3
44640, 3
91160, 3
607630, 3
461042, 3
533665, 3
36836, 2
536863, 3
58535, 3
459673, 3
494345, 3
161316, 3
518941, 3
443910, 3
369524, 3
630220, 3
426774, 3
340970, 3
651464, 3
207307, 3
25504, 3
184255, 3
622259, 3
21579, 3
417421, 3
90402, 3
416267, 3
386626, 3
611649, 3
122728, 3
442097, 3
375937, 3
28042, 3
125071, 3
634812, 3
525253, 3
479502, 3
82138, 3
137200, 3
519024, 3
351465, 3
524439, 3
341114, 3
64544, 3
486579, 3
274759, 3
664092, 3
460543, 3
232894, 3
626772, 3
148841, 3
607900, 3
444485, 3
17886, 3
171051, 3
236039, 3
253054, 3
104271, 3
639278, 3
248538, 3
485269, 3
270820, 3
489396, 3
71078, 3
64580, 3
525974, 3
108343, 3
641213, 3
259445, 3
136313, 3
295040, 3
555438, 3
570656, 3
42923, 3
192760, 3
267744, 3
73644, 3
584149, 3
664583, 3
129321, 3
528538, 3
250351, 3
182472, 3
401504, 3
553604, 3
355532, 3
22006, 3
485928, 3
181672, 3
410510, 3
551919, 3
596202, 3
460092, 3
347426, 3
647784, 3
103347, 3
389504, 1
509803, 3
596991, 3
346627, 3
252134, 3
472824, 3
584542, 3
621692, 3
642414, 3
477023, 3
32308, 3
59006, 3
565766, 3
588638, 3
476753, 3
99040, 3
57599, 3
483032, 3
589570, 3
139149, 2
582390, 3
107846, 2
229033, 3
109693, 3
10368, 3
148414, 3
116853, 3
662067, 3
633402, 1
154696, 3
555112, 3
324613, 3
101245, 3
333516, 3
51954, 3
497449, 3
499904, 3
540352, 3
568196, 3
549429, 3
216556, 3
88219, 3
240988, 3
196666, 3
103402, 3
346391, 3
433769, 3
127163, 3
22581, 3
626853, 3
488899, 3
312078, 3
105450, 3
105250, 3
112674, 3
72619, 3
316302, 3
492902, 3
612300, 3
512804, 3
512211, 3
500986, 3
634168, 3
241789, 3
92886, 3
363436, 3
320989, 3
478104, 3
395003, 3
196605, 3
538506, 3
633193, 3
527034, 2
416902, 3
11066, 3
66869, 3
194596, 3
334305, 3
151393, 3
27652, 3
77423, 3
637515, 3
285716, 3
541563, 3
283543, 3
153042, 3
282044, 3
489145, 3
339432, 3
123161, 3
435150, 3
490415, 3
417473, 3
369004, 3
268077, 3
341907, 2
415530, 3
5476, 3
606899, 3
182247, 3
560678, 3
209750, 3
336140, 3
408521, 3
494063, 3
305047, 3
217004, 3
452672, 3
623704, 3
119654, 3
17308, 3
520305, 3
340693, 3
281747, 3
370966, 3
149051, 3
232619, 3
505010, 3
218772, 3
232395, 3
243778, 3
522103, 3
325038, 3
155447, 3
95849, 3
477796, 3
640726, 3
362471, 3
654381, 3
640850, 3
272768, 3
366953, 3
263004, 3
433361, 3
510539, 3
109513, 3
366383, 2
51952, 3
509716, 3
71462, 3
76024, 3
65983, 3
645509, 3
104515, 3
185822, 3
258019, 3
422512, 3
162730, 3
425355, 3
216531, 3
217326, 3
356117, 3
23454, 3
190678, 3
569474, 3
199952, 3
334285, 3
538226, 2
531265, 3
263782, 3
535059, 3
5525, 3
317130, 3
159437, 3
469416, 3
296686, 3
475292, 3
73803, 3
314275, 3
499058, 3
339499, 3
533055, 3
468301, 3
496661, 3
401899, 3
318878, 3
116678, 3
553629, 3
123313, 3
630321, 3
106116, 3
543680, 3
41519, 3
558352, 3
561447, 3
212011, 3
89202, 3
375495, 3
640495, 3
11476, 3
46930, 3
373678, 3
513120, 3
360583, 3
646167, 3
81519, 3
184736, 3
384608, 3
363058, 3
657047, 2
87155, 3
299115, 3
334390, 3
51938, 3
271704, 3
238317, 3
373364, 3
453599, 3
358600, 3
610322, 1
151444, 3
6273, 3
450106, 3
393507, 3
35630, 2
87577, 3
468030, 3
597670, 3
347588, 3
572940, 1
582893, 3
186146, 3
624495, 3
153787, 3
17340, 3
658696, 3
109074, 3
211110, 2
169941, 3
239618, 3
630844, 3
614050, 3
299369, 3
42983, 3
166808, 3
495712, 3
580692, 3
282041, 3
454116, 3
425425, 3
47109, 3
51587, 3
634165, 3
208531, 3
302159, 3
132214, 3
172694, 3
158305, 3
166227, 3
550057, 3
511699, 2
285031, 3
341314, 3
174092, 3
10294, 3
540517, 3
437851, 3
610694, 3
458045, 3
413577, 3
140078, 1
4113, 3
562354, 3
36197, 3
511082, 3
42213, 3
452548, 3
42826, 3
133769, 3
17327, 3
403263, 3
498867, 3
376361, 3
336357, 3
563298, 3
231359, 3
66848, 3
263144, 3
517490, 3
645639, 3
452853, 3
529458, 2
610556, 3
143709, 2
542436, 3
115065, 3
382961, 3
166657, 3
484526, 3
571144, 3
385970, 3
479409, 3
495875, 3
40370, 3
573080, 3
159585, 3
